Inference for Stan model: anon_model_bd364158af4ef3c13f876d846283f841.
4 chains, each with iter=1000; warmup=500; thin=1; 
post-warmup draws per chain=500, total post-warmup draws=2000.

            mean se_mean     sd   2.5%    25%    50%    75%  97.5%  n_eff   Rhat
mu_U[0,0]   1.34    0.04   1.12   0.07   0.54   0.93   1.84   4.31    834   1.01
mu_U[1,0]   2.41    0.22   1.55   0.07   1.01   2.21   3.78   4.86     52   1.06
mu_U[0,1]   1.24    0.09   1.13   0.05   0.34   0.85   1.81   4.19    151   1.02
mu_U[1,1]   2.06    0.05    1.4   0.09   0.99   1.77   3.15   4.79    707   1.01
mu_U[0,2]   1.79    0.14   1.44   0.02   0.59   1.38   2.89   4.73    104   1.03
mu_U[1,2]   3.19    0.03   1.26   0.51    2.4    3.3   4.26   4.93   1412    1.0
mu[0]       0.52    0.04   0.29   0.02   0.29   0.52   0.78   0.97     69   1.05
mu[1]       0.48    0.02   0.27   0.04   0.25   0.45    0.7   0.97    232   1.02
mu[2]       0.47    0.04    0.3 5.2e-3    0.2   0.48   0.74   0.97     67   1.05
sigma[0]     1.7    0.15   1.34   0.06    0.5   1.43   2.63   4.61     76   1.04
sigma[1]     4.5    0.03   0.38   3.63   4.24   4.58   4.82   4.97    219   1.01
lp__      -43.21    0.18   3.21 -50.26 -45.59 -43.01 -40.87 -37.69    315   1.02
