385
15031 7743 1965 5450 14882 6257
17680 18599 8106 13918 17598 9255 13191 7742 4621 987 8928 19426 19426 10512 16306
7513 3420 16852 1204 4013 527 920 12882
8799 10811 6927 18299 13191 13443 12504 13593 3846 18895
6182 17718 3068 5861 1497 8942 12019 6771 11944 3038 18716 3597 17544 13269 12059
15410 9249 6782 13738 11463 6456
1909 19138 13191 7526 5917 1133 3396
17113 7698 11301 13267 146 6466
14139 16871 3597 12 10358 14666 11542 10804 14234 13241 19086 7585 13191 1568
17113 19138 11542 17686 7680 5910
5916

8784
17113 16612 12865 11203 9873 11542 17683 9984 8860 12397
4058 16760 3405 6086 16052 18295
17683 7513 2693
6637 11542
6771 15306 17127
11858 10142 11606 11485 13266 12485 2741 12211 15845 6179 10128 13554 9926 9871 13266 6174 17114 9926 7743 8788 2741 10744 14139 1913
3420 1213 3936 14397 14177 6179 4939 3068 12111 10262 14063 4939 16760 2834 18838 9594 11606 5851 10234 18716 10142 18223 11485
16760 10633 2741 12211 7698 12889 7742 7544 15608 11606 19164 13264 14129
19278 11542 7822 6337 1643
8799 10811 11945 15865 12030
6338 7513 3420
8503 10323 15031 7746
1982 8570 16595 10317 11606 16595 13856 7412 10317
8799 10811 7822 13264 17750 9213 7526 13443 11542 17487 9262 10156 5880
7927 7513 1848 4438 13269 7927 2094 1748 4406 15947
7927 2754 18438 12865 6965 11542
8738 6685 1370 6852 8028 1076 15375 8028
11542 10171 16261 17683 10317 11173 3359 1643
12226 4576
3881 1011 17315 9400 10709 14118 5101
5549 16760 3082 2832 10223 17680 9277
12240 3171 1000 13269 5084 2656 12276 2754 18218 5377 4571 10777 7677
5349 1982 6787 10317 1965 10748 2604
10804 3082 15406 5461 6193 13264 16673 11961 15409 1907 10831 17919 2891 16916 9698 1927 16261 10317 15904
6549 12223 12715 730
6787 17497 15800 13267 10700 11349 7001 1406 7677 1893 15221 13269 5910 13443 11984
11850 13528 8629 2831 1120 6236
3082 4091 15236 10157 12276 1497 17259
19545 11938 18220 19123
6771 15409 17009 458 6335 5160 15788 9213 14125 8542 13264 5138
6771 12030 14420 7473 19005
8578 16261 6276 17867 14273 9733 2702 17010 9756 2317 13264 15236 1965 6519 6911 6771
13617 12889 7822 16760 7442 12030 2832
8799 10811 5065 7513 3420 2100 18540 19136
7001 11542 7622 13264 15251
6680 10317 10402 16951 11017
14421 3095 19439 19090 1120 11542 10804 2789 568 18788 13424 16760
3420 3372 18728 13264 4971 1706 16009 17680 10958 10958 775 1441 18183 10317 17497 5445
10804 17830 19136 11872 3057 15557 11573 18762 1519
16466 11961 527 14139 13283 10402 15170 5552 12320 5917 16299 10157 19545 12231 17114
14201
12023 3420 11542 4402 926 17115 19098 13266 14768 13007
11807 19136 12276
4890 10667 2912 17318 7654 19132 11542 15902 19418 13028
7526 17255 3082 3881 10556 14118 10406 13267 6517 4549 3420 2481 7757 15409 8139
10151 277 1982 13508 2763 11573 15771 10472 8799 10811
7086 12276 19136 4469 19464 7526 2013 17748 12 17830 9183 8685 13757
4144 930 9926 19083 2764 7585 13565 13389 11863 14650 1497
7758 16392 13529 10005
6852 17720 11542 5916 2317
7513 3420 15409 10317 4022 7977 3224 7698 17950 11542
4685 13269 19302 11807 3597 17946 11938 17137 11542
12226 16255 702
16255 19278 1893 4166 1630
5731 9756 4547 10278 13266
8543 2317 13443 13191 5445 11542 9029 7053 18576
12276 13235 15031 7742 9396 6167 13960 19555 12206 7587 13046 12667 19664 1369 1620 17502 10155
2754 3880 8928 12707 11542
15854 7698 2912 10402 5803 11077
13269 2007 17816 19418 15406 10317 3539 12865 13267 13481 15473 17683 14588 19583 11670 1571
2240 4308 18314
17325 11606 18605 2719 16907 12996 1225 13529 11606 1171 13128 5640
15878
11938 579 10315 11542 6255 3420 1306 10472 5985 405 13793 16261 14149
12276 15407 10182 3068 4704 16879 8691
15031 7742 13154 12707 10317 9756 4847 7161 6225 18314 3068
2288
17816 3047 17680 19086 16627 784 15031
17720 7680 9279 6276 10961 9255 11961 17680 6852 8626
18376 17316 2912 3420 7544 17918 6174 7822 3068 565 7845 9504
17758 19136 15319 11859 12989 15606 8482
16410 2565 14450 9871 19086 2561 1620
16760 10173 4759 15003 1120 4759 13507
18211 2741 16391 19648 12198 13330 3705 2741
10129 18507 15540 6179 10706 15403 14653
14653 13191 14139 16595 231 19164 11542
16069 18755 17385
7136 11247 19079
19088 7526 16889
15031 7742 18508 8491 1474
11606 8570 12865 5971 11542 9756 16627 9277
947 16692 18479 5917
8799 10811 16592 15031 7742 7513 3420
17718 10804 18045 13941 11323 19145 6771
15031 7743 6771 3368 10123 6017 13398 10740 4890 15804 2132 2328 3100
6771 16278 5985 2247 5510 10123 574 6167 13960 19555
18201 9756 8106 7576 7742 7530 4175
12596 13917 19232 10569 7757 7576 7530 13852 13794 14797 2741 10745 12788 7544 12986 15607 8482
527 8276 11463 13913 12932 4101 15556 7823 7698 13691 16760 18640 7052
6771 19582 5542 15577 18299 18273 17771 7822 17168
7513 3420 13163 7757 15003 13507
12276 18303 15541 2764 4760 11953
2058 7698 18210
583 16568 10262 9468 1620
15031 7742 13163 12081 18303 10740 923 2741 10744 12986 15607 8482
12276 4547 7742 10706 15541 6101
7677 15398 2741 10744 2763
428
8215 2143
17816 13916 18230 4536 4760 11761 3661
7587 2058 9111 17772 17680 15519 17274
11012 6838
19088 9633 1620 576
14139 5084 13269 13588 9871 17679 5349 1893 15221 17816
7822 13264 5445 16701 5946
17810 19617 13264 17750 5065 16592 7513 3420 13152 1832 19425 934 16592 7071 10714 17664 8503 11729 15031 7742 12986 15607 8482 12788 7544
5549 11409 15856 6179 18295 18266 13508 13552 13182 15026 13268 7680 13191 3407 923 7698 12596
19164 10317 1156 19449
7742 6816 9633 3006 17680 6335 1173 10223 7822 18273 1306 10700 8396 6010 13391 5445
10537 13264 5445 14125 19656
6771
947 17683 5649 501 18228 19488 604 13941 11606 5851 7961 8863 3420 19087 3016 1497 5383 11259 13718 10644 429 17122
2094 18729 2007 10239 13235
1180 12276 6923 17683 6771 11792 12882
11797 4868 16760 14118 19583 8382 10245 13269 19418 8120 10155 4438
4144 8315 2912 7822
19136 12989 15607 8482 14106 13002 2272 9279
3420 8493 3677
15130 9295 5970 19136
12276 15217 19603 4426 9802 7698
10539
19418 3017 19136
7526 12058
12431
16665 11162 7742 19749 988 2741 19576 8785 2763 11209 11485 3420
12227 13554 9594 2741 17992 4623 10700
16665 17330 12350 5127 15382 14983 11210 3045 11469 3035
13264 15259 10698 14139 5969 11573 10317
9926 12865 10958 17683 12276 5016
11542 1758 8626 8028 17329 11541 13918 9803 9277 17525
7006 10686 5084 13269 4573 10644 12376 7526 16258 5757 19418 9276 10700 19545 491 8570
12276 1965 13264 17755 6183 15410
13591 2754 15398 11623 14693
7585 1604
11542 6198
18043 7587 16267 6520 8784 6225 11542 12197
13856 1363 6010 6771
19654 429 12976
10804 11409 16964 3604 19575 12504 4512 13191
527 16233 17771 6771
15031 7742 19418 10320 7526 12414 11953 7513 3420 12986 15607 8482 12788 7544 17110 14882
934 15398 6167 13960 19555 7530 11952 14878
12504 5971 6771 19737 10171 19088
15031 7743 3068 5513 16760 13795 11247 17312 9158 1788 11469 13389
9346 16746 15755 10396
7526 8784 1893 5917 16760 9756 19474 7694
16054 14421 5917 8988
19087 10155 7930 2902 10171 18623
14060 8386 5917
6852 3420 6540
15375 3420 8788 19654 11035
11542 10644 19488 16813 4246 16760 7023 10317 2364 5357 11366 17212 11606 5910
15031 7742 9866 14878 13859 17946 277 10417 7822 568
19618
15471 14878 6852 10350
15688 9700 19136
16760 8452 12081 16395 2610 4233 11884 12344 17526 3396 14551 16227
19575 13152 11808 5693 17801 10499 5927 17889
7698 3420 17304 14787 19171 7654 19648
14810 17683 10480 1620 15170 1982
7698 15837 11657 6249 16760 17951 2058 10223 15348 11542 6010
10480 7129 11877 11542
9799 19145 14106 10653 14666 11097 19286 19449 12276 428 6635 15800
11542 13264 4248 11720 10130 372 16295 16047 5445
9277 5985 9800 19145 19087 9926 8106 14063 13863 9013 5917
7513 3421 13266 15003 13508 11953 1907 15031 7742 792 1213 11463 12929 10961 1849 4092 16760 9403 9295 11404 3719 3368
10804 13913 18363
13505 1907 18891 5084 18153 13264 2742 10519 17199 4512 15837 19455
19286 19449 19164 13264 5445 6501 3833 12276
2475 13047 11542 16595 6826
8799 10811 17988 11770 19573 13266 5942 1468 7585 12943 13298 12673 9971 6047
3420 405 13316 3082 17729 6679 4971 908 18894 5861 3082 6348 5038
6126 11542 19456 1204
13269 2228 3221 5038 18029 3420 909 18894 6348 1077 9296 11463 18265 3612
19164 7586 9279 12943 11010 13266 17865 19548 5463 2703 1382 17009 13588 952 19164
8799 10811 3421 4810 19164
8799 10811 17723 13740 11542 5065 7513 3420 10156 2067 17380
13690 13046 13678 16195 17414 12726 8005 6145 395 10262 756
6562 1568
14118 6183 15541 13591 4661 6924 4091 17274 12221 17396 14990 5791 1965 19583
14513 4759 14139 10937 11606
10869 13607 18278 14129 15787 6765 12865 4884 1474 2058 11416 7677
9602 16500 13508 5758
13262 1982 8020 13695 5954 17480 11606 5016
9983 15636 15756 5035 438 3124 17759 6174 3127 7346
7698 11542
9279
7822 12889
9588 5734 7822 12276 15217
7698 11542
9279
7822 12889
9588 5734 7822 12276 15217
7698 11542
9279
7822 12889
9588 5734 7822 12276 15217
7698 11542
9279
7822 12889
9588 5734 7822 12276 15217
7698 11542
9279
7822 12889
9588 5734 7822 12276 15217
7698 11542
9279
7822 12889
9588 5734 7822 12276 15217
7698 11542
9279
7822 12889
9588 5734 7822 12276 15217
7698 11542
9279
7822 12889
9588 5734 7822 12276 15217
7513 3420 7698 565 1850 7108 5075
11542 6816 6339
7822 4974 17758 15215 6249 2912
6201 6816
5969 6771 11606 6339
9756 6812 7680 19659
16760 17140
1176 6010 10056 7082 356 11292
14889
10961 9756 10999 16387 751 269 18722 213 8627 11542 13269
9298 15837 16760
9756 12865 18228 15161 2671
10961 4613 3630
11542 13264 2763 17750 1748 12932 4664
1909 11542 7526 4153 8566
19138 11542 6337 6501 7698 12628 15886 13036 15410 10804 17830 12058
15170 6431 17137 7698 19164
7698 16760 7698 568 7588 7698 527 12889
639 6540 7453 3421 527 13269 2754 8863 10402 5533 3420 11542 13264 10634
19086 15170 6629 19136 11542
5610 4683 344 12
5969
8799 10811 16100 11542 2587 16766 10402 10402 16660 16660 16989 6812 17136 11190 8396 9346 13191 9756 10317 10684 3068
1008 10804 18949 10318 18593 6179 18299 16760 17771 10204
7513 3420 14139 9931 5201 13048 13862 17136 1497 19365 13036 6804 16601 3597 17889
19568 14139 9931 17499 16760 10691 17526 9276 17813 10056 15375
7698 13264 5445 12490 12889 17758 11409 6405 15773 10700 3420 16566 7698 5075 1848 19725
934 3368 11127 11542 5971 10519
13269 6198 11542 15800 11807 10406 13269 14306 19573 13266 7756 11874
3421 6852 17816 5078 3031 400 5075 565 3896 8959
6771 13508 13957 533 3004 1306 7743 3068 15409 15422 11885 13538 14900 3604 533 672 14882 16261 2058 15541
3847 6167 13960 19555 17989 14118 16261 11203 8102 5130 19583 13269 8763 5792 1482 3765 702
12989 15607 8482 12788 7544 5607 13391 12347 2741 10745 10831 17918 9385 14493 9931 18295 1289 16323
3420 934 19664 15324
12504 13392 3420 16233 527 16132 533 17140 18295 5910
15584 10028 13532 6533 6771 664 10064 17479 19418 6016 490 2741 13601
3537 10317 13269
10317 3420 5075 15973 1202 19164 11541 15565 2734 18127 568 2754 7475 9276 6006 17502 16760
6771 14139 7698
5084 7387 13269 13159 7291 5707 1626 8309 17683 4117 11606 1982 6771 7003 920 6027 16667 16760 18077 4661
7742 972 15217 10387 11405 11128 10056 15217 7822
7698 19654 7680 16573 10121 10358 10317 11405 2953
7822 11542 9005 17316 6536 568 7698 5075 17316 8077 565
7698 527 6776 7513 3420 12986 15607 8482
4890 10402 15221 3683 15031 7744 8945 5067 3420 8945 14878 4068 16730 11542 10946 12276 1971 15031 7742 2007 17136 11056 7698 3981 15221
596 6917 11542 8310
10318 934 9582 19642 12788 7544
525
13269
13269 13269 13269
7698 12865 1643 12867 9756 19442 1788 2857 15435 2656 10143 10519 13269 11542
4890 6771 9279 2317 14101 2137
17683 6771 7698 4862 19145
952 3420 3597 11542 10700 4276 15878 15221 18932 12503 11035 568
17718 16760 11606 11006 17720 13740 10706 7698 19136
19086 19136 11542 14106 15342 10121 739
3420 7586 5501 15371 405 15031 7742
8570 7526 16674 7291 17325 10223 11537 6472 11651 14882
1626 15284 12019 12504 7698 11542
16258 6340 8417 5449 17023 12276 17385 10317 19145 11573 1748 18210 16755 17718 12276
17593 7707 8799 10811
15170 9871 6771 10317 16069 2636 10156 15146 19737 9928 16760 5910
15031 7743 3068 10958 16595 8787 16278 10145 14118 19583 19582 5831 1298 17813 5910 17544 15028 3519 986 12448 2702
19749 10740 1985
14736 17805
14579 13343 17413 11075 17413 8533
19302 1176 10999 15170 6771 4266 7027 17502 6379 16665 11162
8570 7677 16818 16818 2481 19365 14942 19583 13269 4212 10317 12601 2831 3612 16114 14939
17946 10741 17499 16760 13922 11014 17925
11606 10318 3421 12889 12226 2521 5067 7698 11904 7136 10067 5719 9029 2317 13443
19054 17830 5969 12276 11407 6771 8239 12276 15505 9279 4971 12276 11407 4239 5938
527 10804 14669 10318 11670 5088 10698 17315 7442 13443 12889 7977 13159 13718 18364
13191 10644 15496 15407 14682 1306 8125 15182 6177 18303 14797 2741 16804 11045
12276 19142 9249 13264 6771 10317 1965 10740 6236 12276 14134 6562 7496 17000 14177 19725 923 13269 7472
13269 82 19725
19575 10436 16607 6667 10247 5757 12212 1227 12212 16541 2624
12337 11542 6498 491 13317 7387
10262 756 3874 756
14129 13269
13269 17830 18872 3168 10911 4925 12865 7680 10406
12986 15607 8482 492 13321 3184 16541 3995 17304 13110 3422 14129
19648 7747 11542 4084
12929 19089 9926 7387 14139 10317 5758 17816 11807 19136 11542
11542 4818 4093 13269 9104 16227 6633 12376 19442
15031 7742 7587 13391 12888 12057 13264 16542 10145 6484 10278 2741 1224 10145
16760 13151 1173 18446
7586 15540 9930 17830 9085 15184 15624 13782 3812 9239 4760 13264 13601 11542 14139 13499 1173 11863
14063 11542 13505 16760 3818 13779 930 9931 13269 13267 12318 9104 10700 8675 11352 2754 4101 13264 2834
13907 5708 4467 3975 2754 11352 16133 6174 18268 2764 669
6812 1125 13913 19136 11542
11542 5946 19418 19136 11542 15031 7742
13591 2474 13046 13690 7587 9871 4250 18716 5759 6562 18223 3310 10074
14118 13957 10958 10480 10317 6478 1000 13269 14 10223 11936 9098 1643 17380 577 10171 14748 4988
5615
577 10171 14748 10999 3717 6296 13690 4010 1540 1000 13269 7134 1893 15221
18223 578 19453 1000 5758 777 18690 6198 9400 13957 8064 14941 1701 2889 9279 11542 15552 8785 11760 579 6340 8106
11247 13690 6771 16230 14148 10644 2754 17165 5108 19418 6816 19365 6463
18494 10999 6693 10317 8028 11542
8799 10811 3700 15339 525 14139 17499 1173 9926 15026 11770 13264 10278
2912 7822 6339 13941 10519 527 6816
15073 17718 568 13152 14882 16033 6191 12788 7544 14139 16579
12986 15607 8482 10831 17918 6119 1654 18453
18508 16760 2587 9279 13110
1643 11542 14063 19136 12240 5594 19286 19449 6731 13264 6011
2007 11730 11542 6339 16261 14139 7830 19603 13544 18303 11542 17795
18508 8738 5098
16760 10350 9986 5917 19418 10155 19088
527 17058 15221 13391
6852 8028 11542 19549 5068 13191 7680 17304
4682 11407 6804 1320 6335 5450 15540 6179 3082 18295 18266 10700 10199 10200
12030 1961 10200 12199
14551 8111 5917
10482 16100 9279 5445 15983 12276
6771 4341 13544 13269
10537 16760 1598
10277 3751 385 6102 9053 4271 10317 11395 18972
13389 6646 6484 17330
13507 10958 7210 14898 16252
5015 16094
11368 12748 7343 15947 4491
14129 19164 16094 3589
11542 9049 10773
9052 7034
13429 14601 12240 14181
7822 568 7820 804
6800 12318 15615
11542 1596 9828
10123 7525 7651 6679
15385 8266 1000 3015
5910
6175 13991
15169 6771 17931 7832 10626 496 1000 19009 17274 3719 5016 639 5971 6771 18134
2754 934 18438 6771 1115 1000 12865 4144 4302 19086 458 5162 6511 1000 5468 2754 17499 7513 3420 7530 10946 5075 6771 6771 17718 7708 7698 10577 6249 12276 18508 1000 5078 16701 2885 6896 18587 3347 1000 3287 3589 6011 16197 13264 11127 10899 6081
8799 10811 5657 6771 19136 10644 12414 16541 6119 15337 5068 2734 12889
17593 7513
11606 12127
12986 15607 8482 4737 12490 12888
6167 13960 19560 4737 14748 11365 15595 9160 10644 3068 10315 19737 12119 13099
7513 3420 13730 17310 1848 10381 5075 527 15977 16627 10381
14118 5851 11409 10137 15319 5460 18895 4659 13191
15216 13264 5445 5649 13154 4076 19583 17696 13389 12221 10156 10570 11465 5526 1735 12221 7098 13110
14124 7052 4547 11389 4547 5445
16312 15337 6249 2912 1306 6249 12889 19418 13588 10123 7684 7627 12415 11954
1067 16684 7587 11670 15398 10402 13264 17750 146 2423
19486 277 11292 6759 6026 13191
16255 8503 11812 19049 3420 19787 3447
19737 9803 7530 10700 11573
19138 11542 10686 7543 7746
15170 19086 19599 804 1000
14669 2754 15170 19086 11573 1341 7918 10644 12865 15938 11573 14298
10317 18730 1120 8752 3420 2238
8543 17683 14148 17009 16255 19136
13264 13191 10358 12154 6879 19723 12240 9836 6758
11010 13264 17750 1965 11542 13269 12030
16298 7822 568 579 15860 11542 14106 15337 14139 11807 12801 1643
