381
17720 11542 11035 1965
10077 10528 17831 14588 1497 7136 2317 579 11940 18290
12276 7582 15946 7252 16608 1643 11542 7698 5743 17720 17042 13529
2015 15732 311
344 8871 14064 11999 9047 13365 7822 11542 2943 3604
1173 311 17520 3887 3876 7698 11542
7585 277
277 10961 294
15577 11573 17608 10558 8871 14065 14629 19475 16410 17816 11416
9815 19046 7319
7526 16530
5801 6836 14849 252 7900 7233 11 16878 12748 5910 19583 9926
6255 6027
2569 11542 1721 3849
15259 6730 8862
3717 10516 17718
15169 3290 13830 14279 4397 13289 18235 5626 19723 19399 7747 18303 10040 5490 18303 11024 13290 17978 294
15060 8392 6771
9756 19044 2667 6174 14429 3845 14129 18303 7962 1173 9230 2854 17582 7403 16512 1173 7953 13152 19044 18757 19589 5910 7526 14139 7319
6174 7526 16054 8712
4070 15540 3948 12030 15755 6335 19642 12842 7260
4739 17946 10084 7822 533 10402 2058 14894 17017 1498
6787 18966 16914 13941 1205
5410 6771 10958 15398 7734 18034 14849
16914 18932 15668 4557 8615 7348 15712 9756 2058 2188 17846
3082 9756 13120 10536 8413 19171
10084 6771 2730 16784 4973 3082 14063 18969
17713 5971 6771 7299 3604 12030 13028 19305 17946 6771 9756 10317 12429
7822 6337 6771 8643 11035 1965 10317 15577 14671 10406 8751
311
252 18731 11010 7698 11542
18508 2902 7526 19659 10077 15577 12161 12061 11792 5985 19110 1965 3602
1758 16766 16596 9353 3082 6771 10481 13673 3044 14391 19761 12276 11904 40 13776 13776 4219
9138 11044 2103 9756 7747 4456 10517 13191 2058 6716 10084 6771 19278
7402 6820 8626 17113 10700 17946 6787 6193 17816 8542 10130 8615 7348
3513 15550 19650 14922 18337 9756 2316 506 1613 13386

19459 10472 7850
4477 2225 1171 17683 18227 10700 5880 19030 11609 16695 1465 16566 19053
2117
8755 15214 1879 7814 16273 1632 13918 2587
9663
10171 6740 1849
12226
19618
17113 2719 14096 10317 12348
6911 12276 10357 12154 15572 16280 11606 6766 6750 15221 17680 6464
12264 16716 11326 2223 12725 11588 1592
17946 6174 10644 16784 6464 1465 15521 16261 5910
7430 7144 2103 533
9756 18438 4202 10317 7529 10644
2491 6787 18729 13832 2491 17536 6787 9213 3663 5639 19565 11573 19235 6964
16792 2448
19145 3932 2491 6771 10317 8615 7348 15668 4557 12276 19418 3017 6335 18730 17680 10537 594 19582 7823 13890 13626 7383 4229 17507 17549 13916 3047 7496 8597 3604 17750 5445 1620
17946 12030 17305 15542 4656
6771 7319 568 7698 12614 10861 15893 13050 7698 9633 920 146 8627 6771 14438 2754 3174 17188
17816 6771 7529 11844 16601 7530 11946 17858 5434
7721 13187
19474 16278 13341
8543 7136 6771 1023 9668 4022 7442 277 7526 10684 13235 19573 19418 17124 11858 3597 1620 19136 17830
8784 7698 6771 17304 13365 7698 8784 594 2912 19787 3163 17770 18511 1115 10123 3068 17549 15337 11203 12276
12321 11292 8712 5946 18508
16278 6771 16601 8102 17679 18894 2754 18227 19573 10746 1643
9926 8714 16931 3601 17544 10317 19145 5881 18228 6993
18508 12804 19136 11203 12994
10684 14148 6771 14300 7319 15409 10317 2912 1708 12842 13152 14882 13529 16784 19164 14139 1173 7823 3601 7698
429 8784 8588 11542 7747 8382 14064 8871 14942 17914
17679 7698 11542 6059 9914 11542 920 5916
11542 17982 15497 13191 17982 11007
1909 10519 1982 11573
17683 10317 2317 11573 7698 13191
10317 6010 11573 7472
11542 1643 6693 14587 18802 12865 19145 19733 6852 17816 14667 1643 11542
19086 19136 16261 11863 10303 18227 19145 8615 18232 17816 10634 11232 8589 2327 9317 19804 15677 4557 17458
8543 1173 1982 11542
8413 13590 12540 8862
7299 6010 6225 6338
1843 10402 12565 920 8681

18228 6361 10056 6746 11292 6174 5985 4478 16443 12504 6348
8111 11542 14196 6119 7680 15398 7894 7233 18217 5424 15221 7233 19418 429 14352 16595 5753
7698 5985 1171 10062 17479 12242
17479 19418 16261 10480 7129 18716 12748 17697 19418 7526 5818 14393 16904 18722 13793 1403 7233 9756 10317 7979
15410 18303 11573 16195 4070 18166 15668 4557 1013 8615 7348 930 9926 6335 19589 5910
10317 12429 7319 7291 18482 4229 18299 18273
16760 7026 6879 7233 4618 14637 6826 13776 4219 405 3717 147 19725 771
6201 7680 6816 2439 10499
9926 13588 19407 7299 14733 6225 7526
15893 12842 11890 7260 9871 17232 14882 13538 11573 7260 12276 17889 12842
19582 16701 10689 7822 8707 19479
17110 2912 6076 7319 5678 10856 8392
11542 7291 7822 12276 10357 429 8413 11407
10318 15668 4557 8615 7348 9756 10317 19407 7299 11573 10317 19589 5910
7319 3375 14733
8116 1909 11258 19664 3375 16755 16334 15677 4557 934 19647 19589 5910
16069 2317
8125 19501
9213 7299 12880 18977 2239 12276 11636 7135 19565 1120 579 11499 12276
14139
15893 12842 3677 16100 10132 10688 1683 4338
1982
9926
15410
8240
16766 17816 6911 11538 16146 12596
18731 3082 2832 1620 16755 594 6917 533 3385 923
19589 5910 2730 6911 6911 6911
10961 15893 16075 17305 11542 11542 14849
17718 11542 16595 2058 16075 11858 2317
15893 12842 13163 18317 19120 10513 13906 14637 12240 7399 8382 15247 14391 1965 11904 10278 7684 11215 13776 4219 18285 13786 16041 18009
7526 5123 18009 17305 14849 6765 2188 9749 11863 13906 17154 11904 12376 10155 11479
3163 568 13089 12882 17718 11542 14998 14787 1850 2401 3082 6911 12932 18103 16266 4656 6927 9800 7890 14129
5917 17718 12897 6338 972
930 10317 11890 7260 15893 12842 4683 11676 6174 8675 6540 6174 8240 11542 19603 15771
10539 15668 4557 5971 8615 7348 19278 3287 6339 16261 7698 3528
6771 18268 2682 9856
6771 10406 8751 2912 10804 3082 6677 12279 18415 15636 568 6636 17316
4568 18568 13191 5917 9756 16907 15012
9668 7053 12276 10740 10077 6026 6771
7233 10171 3287 4689
12276 13332 15170 16371 5711 7698
1180 2068 10233
19589 5910 12276 7316 19500 9756 552 11542
6193 3068 7903 14351 4656
8707 9029 19656 13920 8413 8929 18722 14748 17816
533 11542 3601 10999 1575 17057 18936 6750 15221
12882 1667 7822 3604 4828 17680 7654 17680 19418 7654
12504 1909 11542 6198 5016 18314 3604 8643 5969 2159 8772 4231 11573 15668 4557 8615 7348 19418 17924 7299 11542
8675 15893 12842 11890 7260 6540 6771 8543 6635 11542 6562
11542 7822 11957 16744 10081 19164
11542 3144 10706 1204
2007 15893 11890 6540 10317 11606 5969 11542
5917 2474 10644 10073
13695 10794 11542 16701 5970 1171
14139 7822 15398 11890 7260 13152 15541 3068 6771
6771 2754 19136 7526 2310
8597 11542 6541 15542 1825 2058 15893 12842 11890 7260
7979 2527 15668 4557 8615 7348 3612 19589 5910
6879 7233 14637 14217 6053 13776 4219 1466 17474 16278 14132 11875 8193 17305 14849 7291 2188 16889 10963 6700 9740 8416 5992
10077 8116 10472 17816 10396 7316 11542 6183 15410 19365 10278 10084 11858 16744 9756 9800 3630 15893 12842 11890 7260 952 8765 17889 952 2104 10462 8396 14196 6549 2491 8707 15893 12842 11890 7260 2104 19145 10073 1377 6026 17816 5682 19642 7822 15496 8707 10462
2007 6540 12842 7260 6771 15409 18118 12240 7888
14118 3163 6879 7233 6680 2058 3898
12842 6494 4735 17193 6495 952 1982 1133 8338
7526 6677 17138
9354 14849 9984 19618 6481 9756 596 3124 19801 5767
3825 868 6033 5910 13046 9027 11715
3082 11890 7260 3612 17946 10301 6771 13283 16261 9756 14149
8382 8577 6771 15161 12276 18303 7506 7319 11409 2058 10234
689 19043 5591 14370 19603 9388 2200 18849
11670 3808 12932 708 18005 2491 3600 8503 11573
12337 15893 12842 2502 10688 10472 771 11890 7260 12721 4267 11869 8476 10861 7203 15902 9027 10537 15401 19323 524 10482 7129 12276
7747 2058 5098
7319 11434 14882 2058 6119 15894
9756 14139 14173 7321 10124 7399 10445 11342 6693 2058 19659
1120 17679 13191 1982
5917 15902 7698 5985
3787 19603 19136 14139 12030 5803
6800 6771 17742 6922 4070 18166 10946 10961 6174 1965
8615 7348 16701 7316 15668 4557 16701 12396 17683 19589 5910 10958 6631
11542 15895 13776 4219 6053 15178
5910 6771 17233 19029 3604 15268 533 17750 17718 16701 13735 13182 10084
16776 16864 15886 15668 4563 16601 16075 7773 2587 10895 3396
6562 7316 6771 19723 12932 6631
7822 19627 12058 6631 11542 18166 17816
7654 15398
8578 1120 15668 4557 19418 5098 12276 6567 11606 1982 8615 7348
15170 1643
12276 3004 7894 7233 14639 10186 13776 4219 478 19750 19725
18690 14632 5123 18009 12551 868 14849
10804 10084 5991 17989 17723 5854 14558 17631 10317 7235 7899 5126
14139 11499 7822 6771 920 12886 5946 16792 5461 15376 6801 18495 10917 5068
16701 16233 6939 2214 10084 6787 19723
15375 1965 3604 19723 1896 5910
287
19589 5910
1965 5682 19643 4070 18166 9756 17720 7526 19164
8643 9756 10317 15668 4557 8615 7348 18408 3100 934 9930 2124 18303 7498 13941 17889
2912 9004 18730 17164 11890 7260 15893 12842 3604 7829 10317 10861 7203 5678 10856 16794 5985 12614 3882 6200 6631 7694 7576 14936 13058
16760 1758 13776 4219 6182 10129
868 9369
12058 10317 19589 5910
19318 19809 19389 10797 18912 16914 16755 16261 15398 12221 17881 876 5349 4578 6193 4593
934 7747 15073 5917 6562 2111 10325 19589 5910 10689 10245 12397 13111 8714 5682 19642 9930
17683 18912 4474 16664 19504 7526 11542 7822 3604 10358 7319
15893 12842 19547 9633 14588 2912 16579 12337
7698 16766 15215
5971 15668 4557 3346
19136 11542 3424 13951 15221 16159
10537
14520 12 10358 4229
19418 7287 14989
19136 11542 5969 3589 16664 19504 18912
17683 11133 12 10350 14987
10233 18227
7698 7319 11542
17513 10358
13343
320 14371 11795 12 19725 9210 3346 15668 4557 18172 19642 12842 7260 15787 15858 10515 19164 5970 7319 8862 3604 8452
12897 16852 2433 11542 947 17683 3612 3422 1982 7314 6771
3082 6818 4185 12139 13182 8243 923 15837 15658 19654 16852 3621 12889
15837 5917 9756 7698 14588 6771 9756 7677 10402 6562 19486 930 16825 14129
3372 10519 11416 13152 12058 9756 8570 2007 11416 6481 7526 19164 7698 3604 11877 6771 17889
13 2341 1861 17304 12276 12730 1306 19418 360 2341 1861 19060
3947 14403 360 18848 6536 5954 5489 16270 3643 11203 1848 16054 14472 10067 15668 4557 11729 19589 5910
930 15410 18043 6939 6658 8543 1366 7367 12804 18891 6026 11542 19145 18043 7199
4167 15893 12842 14139 11260 11047 16664 19504
7319 10958 15398 12276 12929 14645 1528 15170 868 9663 14139 8954 19365 18009 6255 17742
13554 17463 1893 19589 5910 15409 5954 12865 16407 6175 8627 16165 1186 17304 13128 17304 19226 12032 6183
2491 5870 15815 8028 9453 18566 8024 11203 5488
11542 17549
19132 17816 19145
1879 15407 13240
10513 7438 1620 12240 7233 12376 12711 1861 10808
744 1849 11606 19599 876 17312 13110 18075 8699 14849 5201 8685 2222
9926 6174 12276 7319 9663 11542
15551 13841 2075 3604 15170
18213 19086 15170 1583
4144 19138 6174 19599 11573 10278
13235
19365 17679 19137 2317 7319 1643 15215 1643 527 12504 19235 19136
10684 565 17549
1150 10961 19365 6771 10519 5646 19136
7316 4070 18166 13342 1965
12276 2475 19656 8941
7430 9881 15893 12842 11190 752 10740 14300 7898 17679 11877 5488 19089 7199 19089 12240 17816
18714 7233 12276 6800 13776 4219 13776 4219 18285 13786 5927 12276 2721 19589 5910
1033 846 10783 2474 12276
7430 9881 16744 5489 6174 17718 9931 19418 10123 4902
14849 579 876 19589 18228 15161 12276 7430 2380 9926 1982 9756 19086 9800 12726 7680
11884 6804 15398 11542 19356 16852 11127 13391 8856
611 6603 9468 19583 17881 9926 7680 19659 19164 16257 9756 9800 7680
6174 876 12457 16332 2754 16744 18716
2159 8772 4231 18166 19589 5910 10223 6337 5916 6631 18166 6771 7698 6174 16069 16595 6771 17138 277 7233 6815 12865 527 16794 6771 18273 7698 16371 5711 7698 2912 6249 568 6249 3163 15893 12842 11890 7260 10861 7203 12614 3882 5678 10856 14936 13074 13050 2519 6249 10056 214 11292 7822 5123 14650 19043 13191 18295 3597 6771 934 7319 3604 5005 10086 15337 7698 19589 5910 1965 18166 2159 8772 4231 7822 7299 7822 3163 568
327
294
10318 15668 4557 8615 7348 19418 4684 12276
7698 7299 3604 11365 533 18299 18273 10081 17771
4684 14196 6771 16258 10482 5657 19136 3604
12842 3896 4739 19502 12276 10357 17110 2912 13152 14882 6251
7260 17312 16054 5016 14878 18730 5544 15841 16304 8363 13159 6359
19138 6771
12873 12842 3462 10743 4232 1120 7319 6276 5450 3604 9803 19088
10482 7129 1120 6771 2912
8415 11367 18303 18366 6876 9128 13776 4219 1192 868 12566
2475 5065 604 11408 15773 13539 15410 15668 4557 8615 7348
947 15893 12842 11890 7260 17232 14882 19589 5910 3082 12348 13538 6787 18166 15893 12842 16267 15500 11890 7260 10226 3074 14882 13154 12886
6478 8028 6771 10684 13719 8271 9337 17654 8980 12040 920 2109 12154 6484 11807 6362 11623 17830 3964 10804 12429 18900 17459 6174 2317 13941 12348
12276 16583 5508 14064 9983 527 13741 6073 15893 12842 11890 7260 10684 3082
1371 6771 14063 5100
1363 6771 10056 4070 18166 7822 19164 3784 7176
19589 5910 7529 16069 16595 16069 6478 11354 13777 3604 9213 18268
1782 2424 2959 17136
14421 12565 1740 2424 5585 4545 3612 12061 2838 4185 6852 8028 13672 15375 8028 4740
12041 16966 376 11542 4960 14952 18511 533 16371 5711 15530 15550 18428 15571
5427
19164 9369 2223 16157 2058 13074 6979 8382 8577 17777 7698 11013
11670 639 10539 5917 10386 12844 5524 14008 868 10124 7587 12041 8312 8685 13957 3346 6452
5917 10644 19365 17679 19603
12936 11858 6337 7680 11542
12240 1620 5507 876 5509 9367 5640 16889
8542 10706 5016 15893 12845 7977 2879 6026 11542 15776 1323 819 16494 9836 14300 7898
10537 19145 8422
7654 12276
1961 1173 11863 12197 12276
10999 15410 1982 11573 12276
17982 7199 19224 10958 15170 7654 7761 13289 19136 12276
15893 6549
5803 9756 18227 15139 1568
19589 5910 11013 6852 18303 12717 19654
6007 17771 14052 7442 13695 10084
15893 12842 7430 9881 11191 10740 16701 17687 17471 12221 6119 5628 12725 11542 2058 1115 7319 17467 1144
14588 7900 4262 12221 2730 5549 6119 5628 11542
934 10245 5525 3082 15407 13529 9016
10481 10317 9739 5523 1620 16193 5523 11292
11861 7136 19589 5910 15148 3787 9756 5985 5969
2058 15046 17718 1965 12725 11542 13588 6750 15221
7822 2912 9064 11599 12842 10579 7526 6806 1540 16889
2677 5585 17812 4545 9835 1377
7136 19654 14666 19145 6771 15175
15893 13171 16261 12396
16317 10958 579 1965 12707
9872 6675 19132 252 13921 18944
7822 2912 9064 11599 12842 10579 7526 6806 1540 16889
2677 5585 17812 4545 9835 1377
7136 19654 14666 19145 6771 15175
15893 13171 16261 12396
16317 10958 579 1965 12707
9872 6675 19132 252 13921 18944
2007 6540 15668 4557 8615 7348 8578 16261 15886
15060 12757 3604 3349 4890 11409 14118 5101
15668 8615 12702 7496 3349 1173 13100 14601 6693 800
17122 8430 9369 2223 16157 6174 16664 19504 5985 8900 11746
7927 10706 6771 12396 17683 1643 6771 9756 7698 2521 6787 3872 11334 12345
15893 12842 11890 7260 5682 19642 3718 17742 6921 4070 18166 19589 5910 6663 12842 2289 10740 7439 3544 2568 13776 4219 3718 5626
5123 11203 8692 1965 8570 17152
11858 8240 12842 7260 19642 15668 4557 2730 13730 2789 17422 6193 16660 19164
6631 3526 12788 579 12707 4070 18166
11964 11542 14139 7299 12276
10417 12290 10278 7293 10519 17138
5910 16967 10485 14787 6264 14378 17456
11499 6287 12726
17122 10537
19164 11542 13941 5016 18303 3746 4070 18166
1120 12239 5682 19642 9926 10537
19589 5910 1540 5552 3604 947 18658 6437 10958 10480
18281 19642 1965 3594 10907 18860 3237 17712 9929 16322 10917 15827 17772 6464 7822 19654 12723 501 15893 12842 19164 4593
3632 15140 10881 3604 10958 1204 6199 10958 6174 10700 19642 6549 13996 6439 906 5028 17680 11542 480 19418 509 6771 19609 11072 2159 1013 8772 4231 18166 19493 2056 4384 3604 19725 3597
15073 8615 7348 16701 6631
19138 6771 7233 1367 9657 14201 6771 15886 15668 4557 10318
744 15170 2007 5101
1879 9353 3082 12231
11190 12707 16760 17899 13941 13916 6771 5916
14588 9871 2317
5910 2058 17140 19164 6276
6174 9926 4850 7496
15170 17847 2058 533 19164 18099 10556 10245 15258 6721 17304 15541 19164 934 10073 10519 2058 7319 5985 2719 3604
14196 16407 11416 1120 6771 2432 10961 7585 5973
5969 10472 15003 8707 5523 2489 7696 10537 11542 14139 5016 14106 1643 14671 11542 14139 18438 1230 8707 18324 12799 1474 9926 10383 15003 9668 7822 6771 12932 14064 19481 7585 11573 311
351
1 7698 6771 1171 5969 1120 7822 13617 15893 12842 5682 19642 9913 6852 14666 10804 3597 9800 6437 14118 13429 14065 10740 14106 14 2279 15410 13588 6174 11573 11877 17816
9913 15173 12276
19589 5910 164 15893 12842 11890 7260 10861 7203 12614 3882 5678 10856 14936 13058 13050 2519
6053 10084 5991 7319 6601 3604 6879 3188 7233 14638 14391 19761 1120 1465 13776 4219 5910 13776 4223 10396 5123 16041 12240 8529 17305 17094 1899
3604 17422 12842 7260 3527 5682 19642 3946 18583 18166 7822 7299 16446 18316 7211 11365 3604 15268
1923 1708 1923 10084
8675 6540 13538 6787 15668 4557 8615 7348 8643 15407 16261 11340 11542
10317 13438 11542 3303 1306 8707 2728 16760 6680 14139 9987 14148
10961 14020 7739 16889 7473 15398 3602 11340 13538 6787 11890 7260 15893 12842 17190 14882 11890 7473 13163 9513 15893 13163 15541 7977
14878 17189 14139 3048 18865 6339 11542 16701 19575
4684 10151 6631 18166 16701 19603 19136 6540 13538 6787
639 6800 17690 6787 3612 7035 18270
2912 14731 16593 7323 879 3612 523 15577 565 7233 13615 15337 11904 2300 9756 14525 7025 11479
10861 7203 15636 7680
8615 7348 5767 6771 2933 8860 18894 6771 9756 8954
17124 568 6529 9756 2907 13782 895 2912
2072 14975 14975 7319 19164
10706 4545 4557 10480 10317 2145
9926 8503 16568 11573 1120 12276
12276 7319 5985 7053 16282 11606 15609
16298 15983 1120 10317 12276 11877 17816
3082 19179 16760 6174 19179 12030 11863 11573 15217
6201 9756 5657 7076
19131 17816
15170 10556 13888 16371 5711
1168 3876 1418 5014 8871 14059 13888 11542 15170 10151 5819
686 19135 17816 3189 18725 13241 18891 17122
11606 12548
15893 12842 12157 17316 19649 6249 7138 10804 12865 1306 751 19418 5861 10804 17631 6771
2629 18431 8503 13617 16914 7319 6771
13941 17122 19324 5682 19642 2094 14741 6771 4848 18564 6540 3894 10583 6753 15221 18752 3077 19418 13918 7526 9026 2310 6771
16371 710 12197 3564 10308 5192 7927 13191 12204 9343
8643 7822 568 10482 17982 5153 15341 11670 3784 15893 12842 5727 15787 9756 5338 6201 8988 12307 568 9756 7872 17480 17720 11416 7526 14632 13695 527 2836
11938 19418 19136 6771 18290
6562 19601 11542 6183 4233 8450 8685 9871
15401 311
11 15284 8871 10644 17683 11542 5970 12226 7663 19659
18629
15401 11542 17683 10517 401 14059 11542 6201 19418 15406 7698 3679
12058 11807 12 10358 17584
19086 19647 12 10358
9756 19086 7086
13171
12058 16261 6764 12 10358
8784 11542 1643 533 1643 1 3604 11542
253 11233 5326 4232 11542 9756 10317 15565 6836

1982 5348 3092
12 10358
3459

17598
10482 7129 252 6771
681 18278 7936
7473 11010 13529 7698 12429 17720
18508 2902 12276 428 14975
9138 8784 7698 5985 17122 7822 16760 10644 14984 1209 2721 876 18228 17304 10317 10804 12748
3717 19131 17316 2912 12337
17122 7698 14666 2730 1620 6771 12788
14139 5971 6771 10073 10528 9633
17718 10472 15771 9836
7585 11332
