359
14139 10539 11443 8979 11542 6491 11044 6337
19733 12204 10402 1620 16760 18303 11077 3082 17816 1456 10317 6852 11542
1965 15221 5910 14965 10706 1209
11209 17030 7822 3082 6852 12276 11281 3082 10644 11542 11606 3103 14965 2268 6141
9756 6812 7899 1457 11210 3544 11838 2568
7698 11542 10961 11606 6010 16258 15410 6852 10402 9850 7554 11443 17122 11542 11335 10835
9756 13485 16261 17830 11443 3677
17114 11443 19583 18542 3075 17499 19365 16760 1989 8685 17681 18508 11443 18556 7698 15375 17314 17625 10804 7716 1626 11209 17029 311 19725 4536 934 12035
10709 9663 12240 6587 18555 10184 4229 8548 3446 3303 1643
16257 19365 16760 10559 17479 11573 7680 3544 7218
9756 8570 11938 17009 12414 11952 1086 19723
11542 2481 1620 3082 10539 13538 12276 7587 18716 11884 17773 1880
18317 3545 15949 2754 6431 14354 14129 10706 9850 664 5969 10073 6852 11291 5910
7353 14060 1238 3544 10278 17276 2603 16888 7977 13529 7582 12450 7750 1009 10804 12429
13102 14139 11858 6494 967
10317 13538 11573 6193 10402 4905 17720 1223 7101 10684 3082 1626 15566 11542
428 7740
12226 12695 7654 17772 3193 11573 11203 5969
952 15073 15375 12725 11858 7698
8643 13102 6257 14987
6852 18012 16760 146 18012 16760 213 11588 16755 13235 18891 3193 664
14135 8116 7898
12058 11443 18556 17304 19583 7291 6557 11209 19176 12882 11139 12929 7026 5471 6174 6245 6337
18228 1848 13630 15197 6815 19164 1848 1965 3463 11443 18556
17989 11542 17419 11858 10142 15195 19418 11858 10142 2418
12058
14666
16760 12395 7235 12280 11209 19176 2188 7333 9541 12593
17029 7218 19723 11443 18556
6771 8523 3346 3544 3604 11573 8491 10084 9850 664 7822 1011 8243
13913 7343 8493 5471 13341 8570
13808 13794 13913 9756 1084 11542 17304 9850 15398
12058
14666
16760 12395 7235 12280 11209 19176 2188 7333 9541 12593
17029 7218 19723 11443 18556
6771 8523 3346 3544 3604 11573 8491 10084 9850 664 7822 1011 8243
13913 7343 8493 5471 13341 8570
13808 13794 13913 9756 1084 11542 17304 9850 15398
6852 11443 8979 6771 2730 12 6771 3597 164 7680 18556 6680 14748 13687 6787 10644 664 9850
6771 7822 16760 7235 8908 5573 11209 17030 7698 17544 947 9926 12452 9699 17771 11542 146 3082 7822 19493
947 6771 11858 14139 2819 18556 10278 10317 11858 14139 14398 7319 10917 15215 9213 4234 7319 2912 11077 11443
947 7698 6852 6771 11443 18556 7822 12016 17773 3188
9756 10317 18012 16760 213 10320 5619 1139 6814 5369
19043 11542 3597
19145 18045 10472 7822 6804 7654
19278 18303 327 19723 12250 5097
8239 12836 5743
8295 1474 16595 6826
11263
7822 16760 3082 930 10537
2268
14416 13492
6198 1369 13912 7822 15398 17030 11209 2730 7233
934 14798 1883
7587 18210 3544 6675 1084 11443
10462
11863 3082 7822 8570 2754 10480 7129 18166 11443
17683 12276 762 5969
8707
17043 17816 11670 15398 11542
19138 11542 10056 11904 10539
13588 6631 11542 19136 10523 11573 18731 15170 6193 11542 6631 11579 11542 1831
19138 11443 8979
18303 19226 771 13588 2320 19723 11542 2730 15033 12157 15398
11443 18556 14139 10644 19086 1120 11542 10317
11209 19510 5468 15197 7677 11634 18556 10142
7529 9831 15195 13643 10317 9541 17025 10317 19737
11209 7110 15195 17422 15195 7393 9003 11443 11858 17683 10700 7526 1620 15195 13643 10644 4568
7680 15170 1170 9926 9871 16461 19136
1965
17686 11542 19136 18644 3224 11542 19418 13172
10572
10317 11443 18556 3880 11443 8979
146 3881 17122 6198 779 11443 8979
146 3883 8106 17030 12325 2290 5362 6852 11443 8979
15542 13102 5927 11542 10317 10706 6198 19086 9926 6335 15521 15170 3630 6174 15521 6852 11542
17679 5098 13102
18012 16760 10151 7025 16760 8106 11877 2886 19365 11443 8979
9213 7680 1620 17816 2722 11441 8979
146 10700 577 11443 8979
146
10155 11443 18556 9756
6852 12276 8626 11542 7291 3378 15409 3189
15169 18298 1843 9279 16596 10317
11542 7291 3378 7053 8707 10700 5549 5910
11210 9242 8941 15195 13256 14921
11210 17425 13732 8707 13809 10318 11606
12276 17679 10958 5819 6174 7900 18696 7785 12594 7526 5943 1606 4972 2524
16852 13235 11542 16760 10350 975 9803 6974 11542 8946
1965 17679 8503 19650 4549 16518 10519 3936 10223 5580 15170 52 59
18837 12725 10958 16312 15878 12504 10394 6011 2754 5971 6198
4421 9167 6533 6566 11884 7526 1620 17985 18303 6631 13102 3082 6771 10303 816 16341 8309 19549 11203 1982 15551 15755 6662
14632 15376 2912 14373 2466 2733 12717 16682 2651 15547 18914 14019 13297 15557 2466 6907 14479 7473 13152 12276 12023 1965
8243 11443 18324 5604 11241 9871 2752 7111 12883 1081 8629 14653 11840 9910 11606 19750 17369 1497 2912 6680 920 18552 15740 18491 17545
5974 10411 11409 16233 10084 13220 1706 7705 4366 15658 6183 15282 6680 11606 11606 16095 13426 11443 8979
16760 11858 14139 15710 6852 7451
11443 18556 13529 4610 11542 9988 10519 3100 6852 6771
17683 10519 12396 16760 9139 18542 5767 10517 2058 9488
17683 2268 13733 10519 3100 6852 11542
12154 19145 11542 19488
12157 11209 17030 7822 3702 6771 2589 18690 6680 10402 19179
9926 3194 11542 9871 13591
11443 8979
6771 664 1230 12276 13831 9842 6939
16701 6010 3016 6412 19488 10519 4828 6852 12276 18339 9756 7299 9850 11542 11606
344 19723 12240 4536 2730 17608 19086 15398 17720 11443 15211
11811 15170 7747 19136 6852 12276 8524 16744 17329 15401 18556
3831 6852 17310 13110 12396 6362 17680 18448 10539 14588 11542
10539 15169 8111 4536 7822 13495 12396 15169
7585 7291 17782
14196 17304 9850 15398 2677 18884 3612 19603
10233 3193 5969 3539
10537 13102 12276 6631 11573 11443 8979
14139 10482 7129
13941 11013 12396 16701 5970 6771
17679 10317 18584 16760 6128 14653 11840 11443
9871 5098
13102 16973 6554 16778 4684 19601 12707
7319 8259 17680 11999 15398 13102
2039 4366 9648 7705 7822 18981 19573
3017 6812 1982 2418 2886 146 16660 14748 5068 13102 146 4610 1468
7585 16233 333
6647 13102 6804 16461 4239 17985 3597 17549 2902 15523
577 15169 11443 18556
6771 9700 6348 1879 5910
18741 7737 17445 10245 17122 934 18061 18793 3380 17987 13477
14601 16371 6771 17552 11443 8979 9759
14139 17758 13492 952 7319 6276 17310 3379 13477 12516 10339 18273 5921 7299 19418 10155 17122 13102 6804 1620 18017 18303 13538 19179 7088 6040
18542 8784 18067 11443 16261 5700
8685 2754 12122 10144 2015 5468 1563 15204 11442 6183
18895 12897 6812 5016 6779 11443 18556 11443 8979
11443 18556 5450
9850 2754 10517 12396 16760 2317 3995 11190 3564 15319 8712 13949 8309 9850 8863 3630 11877 5917 1850
5917 15902 11697 3082 11095 4940 11209 12276 6437
11209 18160 13499 7505 3082 1960
7698 3082 1848 18784 6209 3082 14475 10684 14882
8798 2891 952 8112 12897 16566 11443 18556 11443 18556 4740 11863 13288 8798
9850 10142 11443
4684 18314 12929 2579 19488 14148
6478 13529 9876 3612 14064 11573
429 10539 2886 146
11606 2886
2418 972
8167
18509 11605
12058 6680 10317 13102 10517 10656
11542 15895
10317 15895 17680 1084 11573
19365 11542 16410 9756 16907 7387
13105 11573 16261 10146 17325
15217 954 6693 10317 6202 7680 6515 1181 11515 15225 10684 10129 11674 4143
12157 11334 2268
1120 17679 17683 11803 6694 10123 923 10714 6193 1086
7526 19659 920 6193 11542 10129 16978
1008 7896 15922 19535
19535 3068 4684 594 6273 11542
16298 7021 19573
19725 15911 19138 11443 8979
17122 14100 19145 13492
579 13941 7319 16490 5445 11209 18228 8116 7287 5471 17030 12221 6494 10278 6533 14515 12910 6771
16701 7698 5985 17816 19145 934 8241 16682 2650 12276 3544 16882 8567 10383
12226 14194 1120 18986 11649 2521 17720 2455 5419 9639
19733 2039 4366 9648 7705 3103 5985 10123 18986
17040 11443 18556 7698 5985 7027 13538 13437
6852 10317 15170 10318 12396 11443 8979
7585 311
277
12276 146
13191
7654 1620 15247 17889 15195 3703
11209 19176 15211 18228 6812 7706 3068 10472 10350 16878 15033 16710 11443
2007 17136 17422 10142 16889 923 19164
2754 6764 13443 2103
7492 11677 15131 11904 5470 12276
11443 18556 11443 8979 1000 13045 2740 1000 13044
3124 9924 12396
17679 15164 11 18981 527
7705 4366 7698
9926 15860
9850 19418 8167 17122
19418
10961 9926 930 11443 8979
11209 17028 7654 19573 17422 15195 6968 13391 5938 3677 10402 5445 3819 13492 6132
10223 13591 6771 11983 7319 8707 11443 18556 15060 9986
12748 13102 6787 6517 15755 16760 10245 9547 2656 9668 10317 10923 3825 2004 18457 2886 146 2447 18966 1342
11443 18556 13341 1498 10958 1877 17312 13105 3947 16611 17445 10908 7799 12865 5649 8941 2832 19145
2377 19278 15398 5626 17881 15170 13529 7698 11542
4684 14196 1165 5971 6852 11443 8979
11542
7698 751 7894
294 6852 11542 2730 15170 7698 8784 10700 11542 1748 3544 16600 7218 19723 3544 6515
8240 10402 9850 15170 11542 15196 14416 6646 9871 6852 11542 12030 15541
10523 7555 10084 17608 12707 11542
4684 11670 15398 11542 5178 13102 6549
12337 18556 11442 1982 11443 8979 7136 7299 7319 11863 3082 11884 10318 15398 11209 17030 11133 11443 7387 17830 7698 6119 13957 10268 16317 7698 6800 11409 7822 18228 15195 13256 10056 7387 934 15199 10409 5971 18438 4302 11606 13779 11818 10409 18981 19573 3699 1909 11792 7343 19418 5064 3945 11443 8979 8570 18556 11442 15375 17946 213 13102 7822 7299 7319 11409 7822 15398 12630 11443 1620
12023 344
213
5500 6771 16760 7235
947 1406 5917 6771 13191 13443
11542 7291 8707 9279 3082 5649 4232 17261 18894 12086 14499 5856 6174 14362 6209 11443 10700 14118 6632
10519 14274 14354 14118 10278 12865 15886 18899 13593 6174 11443 730 14118 19583
17042 7822 11542 10245 10180 18012 16760 18166 13656 19061
7319 9279 7291 5856
14196 6852 19136 11442 8979
11442 18556 1982 18442
17816 19326 6771 13102 10644 11858 6491 8940
17816 15060 12735
2886 6852 5101
2886 146 9756 16985
10578 6260
18012 16760 213 19061 1013 2418 6249
13591 11442 18324 9756 13120 15895 8404 11542 11443 5545
14118 4019 4425 16760
1086 7737 7752 13235 2895 3082 10480 7698 6183 7680 10480 19086 10480 13012
7822 9850 7927 664 10700 10040 12707 13102 1497 16760 19467 6675 2058 3131
7319 11542 6193 6533 19418 5969
10519 14273 11443 8979 17030 6174 14018 6174 15197
15557 17030 11209 9756 11133 18517 15800 17030 18228 4022 11209 1843 7233 5933
11542 7698 17138 16701 17683 11443 8979 1982 11542 934 6873 13864 13048 11443 8979
13115 8956 6771 17683 13102 5349 7698 9633 10709 6771 15046 2058 10317 11209 7529 6343 18517 10317 5917 5349 11209 17030 7526 9633 11442 8979 10678 11443 15198 13220 934 6812 14018 8173 17030 11209
7698 6771 19603 19145 7233 6533
11443 18556 15521
5615
13492 6852 11542 11443 8979
7698 7319 11542 3193 664 934
14196 19136 6852 11443 11542 6852 12276 19418 11606 7314 3844 5376
17683 1171 2754 5167 11542 4684 14314 19145
8707 7319 15221 16760 7587 7822 11127 7235
17679 10317 11542 930 13445 18680 15221
10961 9756
19164 5917 17137 1965 19164
19131 17816 14111 14671 2719 7232 13289 7526 14114 10073 10528
15541 19596 15401 13536 8543 7698
9850 19087 15398 19278 923
11606 1982 6338
10318 1620 16760 11209 17030 2039 4366 14139 10706 11542
6501 13443 14052 15410 3194 11542
5910 12865 1497 3334 4296 11209 17030 14338 15247 15205 5910 10644 15496 4575 19582 7654 19573 11443 8979
17789 10709 18716 14416 6852 11542 15540 11443 8979
13102 15407 1620 18017 5538 11542 2418
8574 13127 11542 19418 7698
10644 15521 10706 18716 18438 3621 5573 11443 15195 3193
7822 9700 6273 18556 18303 3082 3597 5424 673 17889
5468 7835 11442 6002 18556
17029 13298 11442 11179 11838 10741 9657 12276 7655 3663 6343 18556
5817 673 12630 7233 2754 17136 10073 10700 13779 6271
7585 3836 13102 5657 10700 15521 7698 1982 6852 11542
6771 19365 6533 5969
2007 6540 13102 11573 15410 13124 12481 8167 9028 6237
15073 10318 12276
4684 12231 11542 12294 19136 9279 1084 12396 12276
8542 11858 7747 1204 11443 8979
3880 12276 1965 13102 6787
15073 18556
13529 1835 1084 13102 502
3716 18554 11443 11863 12725 19583 1989 1173 12469 8979
16266 4885 15755 6947 8860 13232 16266 17310 12396 1683 3380
11443 18556
1965 1084 6771 19138 5085 19723
2474 6771 10644 13102 16886
10056 6928 13941 5098 11443 18556 9756 1575
18324 19418 10537
5943 13191 16600 17813 5910
16760 19656 13319 5016 19164
11209 3068 1575 9247
19164 10123 17422 17552
15195 7393 1575
5564 9926 15410 18314 6942 7526 6272 9169
10804 7319 3082 9351 6771
7299 19145
15221 11209 17031 7698
7698 4974 19656
10537 1084 6787 10539 11443 18556 4062
19723 1965 6771 6562 2754 15170
19136
10317 2891 15526 11443 18556 7027 11443 8979
13207 6318 15029 11863 17556
8296 11300 596 2912 4126 8486 11863 13562 5555 12443 11783 4137 5330 18349
1203 8874 16626 13154 18349 8150 13372 12376 13001 18369 18981 11443 3418 4575 8127 13900 5793 8829 10999 11300 17939 16633
797 19750 1497 13372 15540 17737 6404 15541 11085 8127 2754 13325 11442 8076 5491 2159 3755 19654 1397
6800 17565 11442 4603 16093 16267 12681 3396 8150 13372 7659 6836 12424 450 15947 1849 7049 17739 661 19583
18566 13372 16766 16882 5005 14118 8643 6198 7995
5615

18314 12452
7822 11542
5178 6804 11542 14748
7822 11127 15486 6119 15247 751 3193 19418 7526
7592 17305 16094 3193 762 213 277
4684 4421 5985 16094 9850 15398
15211 12725 8578 9850 19418 16701 7654 1851 16033 12231 17931 17551 15211
8111 6804 15398 11542 15487 7698 11128 9850 19418 7526
7319 661 6011
7654 15398
19365 11127 11858 7585 5471 10937 10804 12865 11606 13856 18721 16105 7526 784 7822 5864 17428
7698 19573 13102 5178
11443 18556 164 18986 2039 4366 9648 7705 16682 2650 8296 11300 12959 16223 9639 11649 15364 8203 4538 7016 3095 4547 859 11403 18313 9972 11759 6769 1492 13168 2218 11594 11934 9655 9724 17208 2266 8722 9648 9942 2032 8007 1975 1895 2216 12961 9648 14073 7184 12592 17058 13492 13103 3346 12395 16760 5607 5573 11209 19176 9541 12593
17028 17029 4366 7705 14638 6680 7698 11133 3544 3704 14797 16882 1376 15198 6182 1991 13986 11519 4262 3489 7190 14071 2294
7319 7211 19548 1084 17598 19099 10500 5068 4480 15188 3523 3902 15324 14828 9965
1663 4494 7523
11865 17208 12540 17212 11406 12276 5574 3354 16641 15787 18210 16583 6437 2770 3563 18554 11120 11443
12276 19725 1965
11542 12276 13102
16760 12748 11443 8979
17028 11209 1965 7233
12748 14797
11209 6005 11443 18556
18556 11443 10142 19164 17140 3193
11209 952 16884 8116
8643 17028 934 16881 18556
1965 16881 18556
12929 19442 17028
11209 18156 19442 17028
19442
8643 4029 13124
6490 13124 6343 18556 8126 3880 15073 2754 6000 18556
10317 16760 10163 17683 8927 7233
6201 10406 922 13582 7233
14800 1848 7233 6804
19418 639 11845 6771 11443 8979
12276 6635 1084 6787 17816 19086 6771 1643 10317 1909 12748
10578 6771 7822 7698 12396 7822 11961 10223
13492 12396 1748 15797 19750 11209 17028 18556 7654 5933 1965 7233
10684 13332 6771 8243 15221 19418 8452 10406 10700 18324 6675 6174 10537 18303 3082
934 15837 3082 17720 9756 1112 18266 6182 920 8928 18303 7979 7898
7822 1086 18299 18273 3573 19418 16566 13732 6771 7822 3630 751 16760 18303 3082
8643 16069 2058 17830 7529 2058 2317 12016 11407 8464 10706 10073
7822 6771 8574 10128 7822 13102 6787
10804 5178 5721 12748 15577 19725 8060 11606 6766 16760 10350 1965 328 11291 17314 16824 34 9213 11834 7698 6236
11606 17809 13191 10041 7006 3544 6348 11209 17030
5349 12276 6587 1120 16760 11541 923 13170 5985 6498 3787
2039 4366 9648 7705 6764 14882 12396 6478 1982 16760 6852 12276 6257 14063 14987 15526
12717 10318 15755 13154 11542 2188 18348
8116 14666 13102 11542
1936 15557 8382 6335 1173 1965
11605 17003 9871 6337 13102 6549 2884
5383 11542 11885 2589 3544 14799 16760 7319 11409 8243 14440 11409
5985 13102 6549
11542 3990 18126 7319 11409 6852 8028
7299 7476 11443 2884 8699
15375 8028 11606 16853 17110 3082 13736 10523 7299 11542 7025 18730 18417 16760 12783 10123 3082 7530 5985 15319 17816 922
5910 405 15170 9028 15540 13102 11573 4684 2418 11443 8979
12231
2754 16258 6361 13178
5178 10317 15247 9850
18228 17499 3193 11542
7101 4966 2804 8988
13678 7538 8597 3193
17501 17635 16033
11444 19418 3597 18324
19618
8104
9850 19136 11542
8102
5057 6812 19609 11127 3187
10317 19086 11309 11258
10317 13503 13328 1833 5157
19136 9871 11573 17325 2358 7538 11443 10241 9850 19136
