394
7822 2912
7822 527
8643 6026 6771 6680 10317 1879 11542
9800 17501 19618 9349 10472 12058 11573 14139 16600
12226 11860
16466 6026 7655 13718 517 14309 11034
7655 5933 9856
18228 7526 1620 3275 18317 2355 16889
2355 15540 18577 14640 14139 9756 16596 7216
15221 5461 146 3375 13163 10644 10684 5934 11858 11047 13717
15513 14428
3848 7106 7586 8570 15405 16248 9468 8064
934 3719 19647 2355
9926 12649 7529 7168 12531 16701 3981 2075 12355 7897
10519 17680 17720 11542 6010 5100
17598 146 8339 7585 7698 10835 17718 15337 9980 3729 5016 18716 11761 15393 15555 5016 13658 10223 15382 15382 19486 15385 18648 18357
12276 5092 10523 4557 12865 11010
16760 1120 15000 8338 9597 14445
17137 565
2184 15319 6852 1209 10056
11600 19240 4094 6220 3068 19535 15264 7677 11722 3422 16907 17553 18876 7291 7900 14547 17159 11599 14445
19618 7698
15161 11542 8570 19418 15521 18303 11606 8955 15337 13171
4628 6540 11599 14445 13171 7092 13588 4401 18721 5954 15375 10028
5432 6682 15401 6771 5542 10593 14671 13170 17137
2355 10175 11606 1982 13538 9204 15540 947 5007 6549 11203 5098 426 10936 4475 14374 17110 3082 13154 4540 16805 9631 896 12429 11111 2732 1210
8643 13562 12892 6771 9597 14445 13960 19240 5703 12009 9117 7176 19243 15011 11863 5938 3877 12303 3090
10443 10480 7822 533 15530 7506 6276 8945
6771 1881 16267 16075 14604 4704 3076 8315 18716 9377 19251 8338 8345 12596 4684 13032 15375 8028
12320 11770 3787 15409 4868 2466 12794 15521 9983 11746 3433 19418 7269 18895 2754 8125 19043 15398 3082 6781
19138 147 11573 163 12276 1965 6562
10804 11818 3648 13346 11499 6549 2355 11573 8643 19136 2355 11573 10317 11542 18045
2754 6397 12337 19488 13568 1457
11542 18043 17718 17141 14748 11416
7822 568 7822 8791 7822 15337 533 10537 17168
2754 18438 15284 11542 10223 15284 13664
11542 10519 1982 17978 14165 163 6345 146 1537 972 16417 10740 11084 2075 213 6141
15398 2355 11573 13568 7680 17608 17654 9926 6335
4619 7585 3044 15911 12276 6631 575 13960 19240 1008 2916
8941
10539 533 8243 13378 3109 15221 7822 16760 10350 19088 2433 7199 4939 11247 9871 17679
6830 6771 19043 7526 8524 15398 13538 2355 11573 12058 1848 6540 6026 7176
17720 11542 4737 4973 533 429 10539
19674
9935
3580
10206 10740 7654 7526 5520
11542 16596 7822 15886 12396 2355 18166
7698 533 3109 15221
2916 9597 14445 13960 19240 16486
6540 13960 19240 13124 19145 6787
7865 6771 16766
14446 3068 372 4312 19089 16627 883 18022 19240 9756 15161 1893
19086 9756 10406 19089 10406 5963 19164 11032
1965 6362 1632 372 4312
17100 12452 13643 9411 10317 277 14601 13643 11031 17310 9411 15863 1982
15006 11031 6740 18050 13532 1850 16907 7677 7822 10206 18017 11041
13601 15164 19240 10278
5910
7822 16760
7698 533 6939 4445 14139 18438 3724 13191 10358 5974 13831 533
10233 18716 9756 16595 6478 3679 2355 18166
9926 9560 2355 6549 7747 5098 10936 4475 15073 12707 10958 2719 7148 9204 7178
10958 5649 12035 372 4318 14445 3663 6481 9560 2356 4475 758 19012 755 16760 17310 5016 18266 9756 5064 3368 19138 6026 2355 18166 3682 16760 2357 16760 6629 11542
9597 14445 7698 9633 934 13960 19240 7822 13366 17304 10700 2355 10175 7698 11542
19654 11044 6337 17720 19650 19418 13856 11606 5719 2754 10700 11542 8452 3879 12396 2912
2754 15170 1643 12865 3325
2355 10175 7698 11542 10318
2355 15540 12276 7977 10936 4475
11861 9597 14445 1120 1643 1377 18438 7747 5016 16760 10350
7747 6272 19145 6771 4096 3113 15221 15771 1929 4134
10317 3774 7530 372 5298 17155 11542
17683 2355 18340 10056 15540 18155 6330 15540 8106 10175
11606 5016 12058 6119 2912 920 16760 10350
3113 6204 5910 405 2931 15902 2355 11542
16701 7822 11542 2355 952 10936 4475
3150 7822 568 10700 6771 10402 9279 19136 6174 2355 6540
2355 10175 533 6771 5014 11997 15922 6620 17742 7822 533 6771 12707 15540 6478 15859
1497 17816 17816 18578 4972 12160 17007 11542 10746 6348 6276 17830
8643 14588 15540 705 6787 7148 14766 7836 4475 10620 15073 2719 4475
10936 12630 2769 533 6730 6201 17058 10151 16543 2355 15398
6771 3881 15514 1643 18729 11727 2355 18155 10700 13478 3680
2355 8452 2342 18166 533 934 6554 12707 15324 527 3016 13312 6771 7442 533 15530 6852 17742 6787
15410 15170 15365 4714 5016 13156 14139 19138
1833 2310 11542 19418 7023
5910 6771 10402 7292 16701 1643
11542 14860 15268 18295 12605 533 14894
2294 7747 7698 10082 10528 11409
13831 5973 7977 10537 672 8111
10462
11542 18963 15577 10443 7587 12276 6675 10740 10044 10278
7654 6011 19418 5098
16945 2058 5023 7022 12504 12276 11807 14106 2279 18438 5969 11542
2272 952 5016 11542
18542 19737 7022 17631
6236 10684 3082 484 14828 10586 13159 7291 4626 2831
11542 10537 3861
12762 1465 14677 12276 7824 16508 11542 15540 2355 15540 2355 10175 6494 5158 14677 2817 17748 5445 6273 9560 2355 18110 8724 8727 1306 7626
8123 2075 12355 17377 7052 16993 8968 18273 18943 9091 11542 13319 5155 15337 8589 15530 8413 1626 11657 12762 533 11068
17526 17748 6273 6249 533 15530 5626 2355 11573 915 10517 11863 14158
372 2905 11858 10481 4561 8928 3275 16508 19278 19659 1127 10051 213 17718 9351 17946 12022 9863 10634 18339 18268 3621 13819 9836 19164
12936 8675 6540 10936 4475 9597 14445 18379 19418 7585 10936 4475 4683 5683
12276 17679 3368 11542 372 2905 9560 2355 17935 7562 12788 7836
17935 7562 17686
11203 14174 12760 14671 17816 13476 2364 12206 9597 14445 372 4312 11203 9986 10936 4476 9560 2355 9206 15540 2355 18166 2355 15343 17935 7562 3225 2884 2754 922 5082 13110 12788 7836
7473 6771 13191 7747 17015 11132 16595 3880 8116 7022 17680 14139 16596 13028 16135 14445 4740 6249 12888 15367 18223 5308 2595 6389 4091 12385 19575
7698 10247 533 16904 7527 15221 12897 7698 17679 2754 15170 2355 18166 6787
9344 6007 5985 2355 18166 2346 3718 15557 2058 13856 9354 1120 2355 11542 13521 10005 1465 2799 7176
11606 2335 19136 17813 12058
11670 15170 7136 6201 11542 18482
9238 16760 16163 12396 18340 5349
12276 17679 6812 10804 11573 17718 5100 1906
16964 17680 12929 10958 10958 10706 16760 4013
6816 17445 4910 12527 1411 19139 7529 10071 10537 10482 4910 10064 16948 18896
6780 17310 5719 594 10402 16965 11542 17304 16371 12032 10175 7291
12276 17680 10539 8207
14445 7822 2409 2355 3068
11542 19418 596 3539
1965 533 15540 6183 19138 19365 10278
6750 19090 9248 7393 934 1965 527 6183 8338
7698 11542 12276 19474 15398
12290
5065 5075 15902 10539 17316 527 9560 2355 10936 4475
579 11542 11606 1228 6193 15217 10485 14118
19138 920 6193 11542 8503 2234 1909 19418 11858 15398 6554 11542
12276 17679 15648 19315 15365 11573 9756 6000 11573 11727 15365 14354 11573 10381 17197
9756 15169 9597 10175 14139 5971 11573 16760
7136 533 15221 1982 9756 10539 13960
12030 3728 14666 9756 10539 16760 8784 18228 7526 2223 17889
10317 8784 11131 7486 10917 5960 8699 1083
16378 13128 6218 17732 19725 3054 17680 13918 11503 11770 2754 3597 1620 8135 19599
8699 9926 9756 5985 4898 19583 2721 17158 13650
9863 16378 9372 3741 6312 6240 12230 3464 18011 10417 17680
16744 7663
10539 11542 6011
9597 7822
7442 277 10123 568 7698 13191 14150 7698 4959 1120 15878 2861 3109
8360 2754
6193 4473 11542
2317
14588 13191 13186 10151 16864 838 18183
2479 2007 11730 840 6832 18560 1171 253 13588 15294 7609 9631 896 146 11292 13046 13523 3949 15068
15077 17055
11412 5012 2249 10519 1982
6201 15557 9800 15484 8241 17057 15382 13643 19737 7526 213 11292 17572
7564 9815 15324 3569 11349
16714
19618 17058 6771
16601 9279 13191 12138 10751 2075 12334 17154 12181 7209 3394
16257 19202 7822 16760 6694 10123 19051 18223 13643 6753 1643 7979 14445
17683 6554 16627 10556 9819
11521 15221 14139 9027 17168 17771
7097 10936 4475 214 11292
10317 10936
8396 14196 6771
7751 19136 2754 5969 10859 1344 8945
2267 1458 9276 1072 4946 14445 6431 5657 6437
9279 18891 2355 15540 1120 12681 12943
11858 15410 9597 14445 17720 12888 6249
14139 7849 2832 372 4312
13960 19240 17552 1833 952
5504 11338 15530 15211
10318 10537 702 7903 2862 1473 11606 11542
14063 1982 294
311 14064 6562 5461
15408 15564 15217 372 4312 9560 2355 17422 14139 13996 3719 1010 19123 2625 17683 12030 9863 1000 8339 13720 16298 1392
2479
2355 252 6661 11863 13718 694 4312 819 9597 14445
947 10519 533 15221 3111 15221 3230 3833 7680 13110 18566 17742 2357 9249 6983 527 7698
11542 16760 13110 14139 3844 11606 12290 5917 8589 3388 8084 18566 10936 4475 2355 11573 15771 16261 9756 6962 2215 15073 10804 553 15221 10155 15146 5910 9245 11513 18566 12224 2355 11573
12234
17009 19145 10958 10317
2355 14304 7698 18166
8543 11858 14139 6540 6852 213 6787
5970 5985
10961 294
285 6562 3778
1176 15401 18045 163 18849 15073
8360 10485 11884 19418 6174 7698 10056 12290
6852 225 18448 2355 11727 16224
11542 1643
19733 1643
8751 14106 12300
16760 13283 533 9279
16317 11077
1909 5064 2200 11542 1965
17679 15164 4202 7698 10123 565 533 11409 11884
15410 15983 11340 4473 17679
12865 19138 2355 15540 6335 9871 6592 12597 533 5445
6771 19418 5097 7654 17720
19136 11542 9756 16407 7698 17816 6335 11606 7698 11542 19136
11542 6592 12596 1879 7677 16069 19545 11542 17865 2355
4974 11542 17304 16760 12061 19474 7747 13235 5073
5075 11542 3048 17865 12865 6335 11606 11542
9597 14445 7698 524 14178 3597 11863 533 8338
7148 6771 2355 15540 9139 1748 18690 14828 10585 12053 7677 5016 14951 11863 3082 11863 10128 10740 9597 14445 13110 10936 4475
4890 5922 3728 15571 13191 9346 12276 758 4800 4673 13016 5962 5520 17105 12336 1848 6344 6182 10157 16612 6694 15264 15365 11031 12991
14445 13960 19240 7585 17141 16852 616 12889 13036 6128 9756 19089 16902 17750
5075 4167 17935 7562 7526 18895 2159 13804 12565 18809 16904 6800 17690 8643 15496 12600 6897 17327 15388 6771 7291 8615 804 11606 9183
40
19138 277 11292 17978 17742 13538 2355 11573 2832 10223 19324 12276 16583 10936 4475 19324 3948 16760 13696
1997
9756 19138 11542
15398 8955 8699 12470 18724 11085
5016 12865 2721 15822 17633 13643
18936 9267 14601 10804 4557
6174 2466 2058 183 19164 5677 12010 3068 19145 17352 14446 3068 1367 15540 13913
17565
14446 3068 1369
14445 6127 11878 14484
5677 12009 2087 15001
6201 5803 19446 5481
7585 277 1807 8035 654 15011 67 11292 14416 17679
11409 19418 10517 17816 10317 17435 13991
2355 6540 8542 6339 11606 11542 9914 13235 10709 1120 12276 930 5916 18340 19722 6804 2355 10175
15170 4144 1643 11542 7698 8450 7698 527 7698 533 15221
16261 14139 11334 2355 15540 14124
2007 6540 14124 11573 15911 19138 2355 8240 11863 2355 19418 6353 13065 7587 670 16395 9248 6141
14984 8577 11542
10317 17057 16228 2355
7588 299 5542 9596 14032 13960 19241 527
13941 5100 11863 6771 18166 930 10517 12396 9560 2355
12936 10318 11542 9440 8784 5068 16766
15170 13286 6291 9756 7025 4302 2134
7698 7585 14671 19136 19488 1996 10709
19136 18290 17747 5994 11334 3774 5803 10317 12226 7663 7526 2317 19609 11542
16744 3682 12429 19164 10958 5969
17011 13171 15398 14671 7586 4302
12337 10958 18794
6335 12882 11542 7654 6010 12276
19136 2355 18166 213 11573 6072 17168 6273
8116 3597 1568 15521 7698 6852 12276
9597 14445 14139 7698 14878 16227 13960 19240
10317 18228 8116
19136 14445 2821 10155 2638 8629 10317 7089 10358 16261
9756 7698 527
1176 533 15221 14139 7698 16760
2884 6898 9276 10317 6852 213
11542 1583 7822 5743
7698 15398 10151
7529 294
2355 1620 1982 6183 7148 11542 9204 2355 15540
2355 10175 16701 7874 18936 533 2730 6335
13591
9560 2355 7694
7698 17679 9597 14445 17310 14885 9756 10936 4475
15170 6631 15217 11542 13588 5910 11502 4434 15217 9756 6411 10644 19086 9756 6592 7129 15398 8106
1909 579 13588 6631 2355 11573 7529 10402 12240 9756 9800 15401 10936 4475 11542 15409 10317 11542 13200 12276 1982 2912 3047
1965 11542 163 17043 16701 7822 533 6939 6549 9560 2355 3597 6335
7654 15398
277 7484
12504 2355 10175 16069 6592 6592 16100
4312 11514 15926 920 1082 16100 13065 11542
12276 17679 17310 2402 15973 5086 9856
5628 6666 8784 11599 4312 16954 9248 19488 10402 13065
10064 17899 17156 7586 18951 11807 13065 1169
13591 3630 5070 16627 8784 10151 7698 8784 10472 5985 10700 3847 16261 8795
9597 14445 10317 5937 2615 11148
13960 13733 5851 3847 16532
17679 2754 15170 13332 19164 14359 4944 5427 15680 4312
7654 10936
19054 15322 17614 2058 1236
3808 2007 10936 4475 6540
18133 9633 9560 2355 13538 17742 6063
8643 9597 14445 14292 13169 17136 11863 758
7822 565 18133 15319 13497 5938
13960 19240 5427
16180 12490
5677 12009 2686 10804 10358 6401 15787 7822 565
16760 6249 17935 7564 5068
533 15221 19418 9800 5683 15373
6801 16815 10774 878 13538 17742 2355 11573
10443 3240 12882
3296 7763 6119 15221 15771 841 2755
2355 10175 11670 15398 2355 6549 934 10537 7698 16760 7698 533 11573
7680 19136 12799 14371 1502
19603
10996 11542 4611 14139 6675 10317 2355 11566 3068 9560 2355
15170 1643 11547
9756 16537 17742 13538 2355 6787 17544 533 3076 4973
16760 12236 12540 3691 11961 568 2754 2095
13856 7698 5721
6771 9756 2007 12630 15741 6764
17935 7563 3359 5065 4170 15324
6562 2754 14167 3082 568 17742 13538 6771 1208 17701 10602
11150 2355 10175 299
2355 8796 276 7663 8570 10056 3945
11542 12030 2355 1758 372 4312 13154 9597 14445 13960 19240 18228 6107 12865 5703 12009 18228 1965 7666 12707 8829 10480 15911 10485 10317 290 19725 12240
533 17946 527 6816 9213 579 18228 16261 11863 15540 18721 8028 7043 13538 6771 4473 16100 14748
11993
17540 15102 2355 7176 12276 13591 17278 10151 5970 12276
11606
9756 13523 11858 10644 276 11542 276 11542 18680 9560 2355 12276 14748
14748
11542 16601 14139 17520 7526 19599 13652
3296 527 972
6787 13191 16852 17718 3220 10442 5100
2355 11573 15406 15148 6775 6160 16612 16508 6771 15771 6160 16612 1982 5542 18771 613 6771
15409 10443 1982 10020 6160
6771 9984 10442
4974
12936 1909 11542 4117 4907 1982 5917
9597 14446 12888 7698
14828 5806 7822 9633 5075 13011
3082 9351 8116 12865 7526 10445 12306 11542
13960 19240 16331
7822 565 14878 13163
9871 7529 1115 10519 17830
15046 12707 11542 7022 13191 2272 9560 2355 10684 3068 10936 4475 14299 12707 11542
17789 13191 6027 5016 2272
2279 13191 9027 10644 7822 11542 7927 4475 15455 15557 5101
16701 933 11542 13191 10402 18392 19240 527 16990
9756 10911 14118 2355 18166
19136 6336 19418 7698 6852 17742 11573
12337 5649 24 12276 13588 277
277 294 12
10067 2355 11542 6592 12597 533 12605 11542 9027 3109 15221 3375 15949 6109
17720 568 4610 4013 14882
10537 6592 12597 533 18932 6549 2355 11542 15540 17162 6812 11542 6201 19086 8570
18716 10317 16766 579 10706 15496 11388 5657 7022 12276 6494 4735 10358
19145 9815 17501 19418 10700 15496 6182 13191 19418 3597 3368 16278 13048 19418 6872
18508 6812 6127 5769 11542 10709 13499 12276
10519 10317 11542 934 10519 5167
19474 13611 15337 19650 5349 1982 9633 13191 4944 5349 11542 14059 19164 1982 9756 11035
7747 11542 977 579 13529 7698 11542 1982 6338
17720 7680 920 2412 12290 579 17304 12276 12429
4549 2346 5404 1248 9408 7136 7752 1248 7199
6001 13674 3484 18888 7747 149 7199 13241 5985 12276 11542
10578 17924 5016 11573 3224 7747 4512 9917 14782 9213 17683 3484 8496 16371 10056 7082
7979 14139 11807 3134 11542 15387 8945 15170 10151
3484 7526 12296 7199 5743 5631 13241 2677 11573
15410 2355 11573 15577 17830
15131 19136 12276 6852 8028 11542 9756 9739 1306 6693 10317 5165
15408 7053 1465 2479 11573 17889 19573 19164
3831 7747 19278 19119 5055 5159
2730 1620 426 8310 15407 10089 1120 524 10644 15496 10233 4406 3082 14998 16760 9213 6956 1620 7118
12504 12717 5969 11542
553 15221 3422 15888 11573 17122 5349 12504 6675 9756 10120
8941
17718 2355 10175 13941 10406 12396 2355 18166 16701 12490 11542 14748
12276 9597 14445 429 12976 9633
17683 3068 4944 527 11801 12669 10936 4475 17683 10185 6771
934 17720 13960 19240 16233 9633 5703 12009 13733 4610 18914 11542
605 527 3068 4944 13191 4940 17060
17720 10709 6771 3507 2355 18166 7491
8543 5769 11542 5969 7472 9983 533 12463 1372 533 15530
18303 13283 1372 4139 17889 14139 8735 11542 16595 5431 533 6804 8102 16266 15878
16701 11542 4684 19603 19145
9756 6335 7698 6852 17742
10472 2073 2073 2073 11319 4302 15337 11332 13235 2355 11542
10937 12897 13235 11573
11573 17499 16755 13016 553
568 14231 15337
15407 12154 15337 11606 1982 13538 2355 11573
2832 9560 2357 12932 8796 4286
16207 17750
15337 4233 18753 10644 15895 6437 2528 6939 4656 10480 9276 4380 7966 13831 1907 8691
10709 6801 7823 12882 533 13425
18375 19164 17452 19569 5307 2594 13241 16760 13235 11573 527
16266 7698 17679 16660 1620 3196 11291
6174 9928 13694 5075 18721 14043 17451 13484 3834 639 2007 6602 8216 7442 17816 18228 7001 13944 8069 2734
19739
9756 2961 9926 10999 18721 18153 17816
7698 16760 17802 12306 2355 11708 14159 11542 7176 568 17552
7698 533 15530 16904 934 686 5075 5078 7343 2355 19418 4312
6961 18217 18894 7526 5445 19488 604 3296 7569
11542 14421 10804 3109 11573
17679 10644 6852 213 2355 11573 16566 18228 7526 7747
11542 9984 12081 17680 10644 9756 19053 5910
6855 9258 2355 11542 11792 12429
11877 6750 15221 3237 10171 19088 4512 15398 7680 1721 15398 12276 15217
10056 7698 11573 7698 11 11 7698 7977 1643 7977 15221 11792 4578 6348 12276 7698 7977 9756 15170 19418 5098 10056 536 15217
12504 14139 11334 10835 1171 6339 7698 13391 11542 2355 16535
5677 12009 7977 17946 9633 12337
18981 9215 6646 3634
285
2355 10175 7822 605 2355 7176
9597 14445 6249 9633 372 4312 19365 2912 972 527
5410 920 12882 6771 1879 13941 3833 6174 15410 213 12396 6787 5917 9988 8860
947 10958 17683 14983 6771 3017
17771 6771 7822 6750 15221 6053 3109 15221 15221 17268 2355 15540
12504 7822 527 11077 533 15221 10700 6771
5970 6771 8111 15398 15521
19418 9800 14666 16784 13235
19136 6852 17742 6787 7654 19136 2355 10175
11542 9756 6675
654 972 7953 15221 12231 8629 4610 7023 19182 5917 8863
14139
7977 2021 17114 1965 758 6183 13856 6740 19737 7529 12443 5298
758 758 6750 15221
2482 4578 6677 3422 2723
19545 10936 19086 1173 6771
6852 2355 6771 920 6685 1370 19145
5101
