380
311 14139 11010 311
285
17122 11818 14671 5971 11542 11606
19261 5068 3368 4287
5228 6676 553 15221 12600 9815 3894 17771 15398 9467 12600 19164
8125 6911 9756 8542 16784 6992 16778 6873 17631 18436 11542
857 11646 14395 8338 18339 6608 8738 19379 12932 756 15552 6316 4062
10317 17631 17438 19816 18690 17771 11542
934 429 4726 13617 4910 3024 9756 429 6654 6437
11096 17058 2912 19547 12889
17683 8542 10568 14158 19418 1204 6549 14837 6685 10537 16760 13430 11464 17631 6384
9756 15398 14177 15259 6730 11542 4862 14569 12276
16760 6983 3082 2589 6198 11517
19733 6771 12932 16868 9699 10684 3068 10317
6549 533 934 7698 13941 12221 7698 12276
5711 13888 10907
11077 15217 11646 15411 1848
14307 12994 3858 934 3781 9104 17456 16204
3372 15800 1657 7709
14196 19145 11542
19138 12396 14837 11573
14405 3597 3422
10804 14669 3643 3679 12396 14837 11573
9871 11978
11863 12396 16760
14405
3679 11877 17862 11542 11877 1783 17089 11573 13538 18850
4144 19418
9756 4055 16261 15170 12396
17114 15886 12396 10151 10700 1982 11542

19365 11542 9756 14837 1849 14837 7529 14653
11606 16766
9756 6852 277 11292 12396 14837
1643 527 1643 16371 5707
19131
5145 14837
15636 10700 11378 3346 11542
17683 17982 1643 14158 10317 17981 14165
8675 9228 12927 12865 15787 12927 10317 17324 4229 17561 14748
4259 3317 6174 15886 17483
8570 11542 7526 1643 14065
10999 6174 17304 17816 9926 9413
14748 9413 19659 12865 10124 13507 10523 13267 19603 13343 12865 10317 17561 9413 10151 9856 3287 15247
10480 11542 9756 15398 533 11542 19418 12231 11542 10519 13593 14158 14837 17982 1583
5145 12396 17816 7889 15735 6771 7822 568 12396 5349 8791 12396 16914 4202 6225 12348 17549 16760 10350 16069 16595 7654 6562 15173 2317 568 7747 7585 5075 19365 6771 9756 17549 527 12504 1643 4267 6675 4934 3597 523 4229 685 9085 1643 7977 15571 11648 16760
11340 11126 16760 10350 12396 6249 1176 12030 15755 6053 6490 9756 10746 15303 11 16583 14064 14844 8670 18891 13941 4022 10396 7698 17679 15170 14416 10056 17816 5098 6771 13171 5075 6787 3717 19131 2474 12345
14139 15733 14975
8382 8577 1540 15284
13172 8240 12396 17628 18246 1879 10128 6335 10569 12396
12030 10569 12396 3628
8643 7698 7530 17680 2754 18122 11863 14407 9056 6787
15170 17718 9756
6771 3922 16929 4944 3587 11382 4432 15837 9857 10804 17372 10804 15380
15407 10644 6771 10700 18884 7393 16760 10350 15407 14682 1306
16298 14139 17720 11203 7698 12276
16887 6852 10700 11542
9413 12865 5478 10317 1256 9415 12865 9415 1256 1173 19659 9415 5016 10414 4388 7034 6201 9756 5016
17016 2243 9413
11858 12276 8570 11858 19418
2754 10700 11542 15787 11760 10317 12865 12799 11416 19136 16907 6771
14139 16298
4506
10804 12865 19659 8784 9413 6771 10317
16815 17483 12030 10317 15798
9756 14738
19145 18099 6183
1356
12396 14837 6540 246 11542 17718 17683 11863 14837 14139 1643 11542
3724 3068 4944 6335 16760 10804 18299 18273 6677 3777 19597 10684 3068
13591 10804 12865 5975 11173 1797 10804 11416 4205 8503 5078 2593 16530 13502 7698 11542 7698 13200 7698 11128 17325 14118 9467 16204 3709 11542 10402 533 16760 3728 8737 2396 9871 16530 17325
10804 12865 3679 12396 11542 1995 13469 10700 10480 12748 5015 9302 13500 14837
13171 7585 11542 3044
594 146 3007 11365 11542 16990
2317 16596 13159 13002 19486 12 11292
8503 9800 13861 4202
11542 17168 10317 10804 12429 15073 18914 5800 7279 10644 1982 18914
13191 8495 14738
17304 1982 12725 11542 18099 14475 2317 11978 16760 10350
12396 19164 1982 13191 16760 11542 9756 15878
12707 16760 8310 2730 3068 14416 6533 17720 4557
12707 13191 11646 7369 3975 11542 11538 13191 923
6209 4077 6209 2317
7874 5084 3317 14998 4093
12968 14064 14139 13235
4810 9416 11542 920 1994
9756 19545 5078 16612 2195
3892 1893 2259 1915 9416
12231 13267 13593 9228 12865 11573 9228 1498 7037 19136 8857
10408 1306 214 19725 9413 19494 10699 18001 18958 9413 9756 7526 1658 9413 9416 17982 5016 8861
14878 11028 391 9161 11258 1022
14166 5741 4885 15173 17453 13650 10317 1597 8076 12764 4273
10769 15847 14985 12868 10278
10700 19599 13171
9926 12865 15170 3679 12396 14405 3679 12396
12396 17929 3142 18936 7319 12703 13269
11863 11542 9756 6491 17680
3379 3082 7475 1173
11542 10704 774 13283 14407 1989
19136 19086 17009 12396
12396 6562 17085 11542
10317 17978 14165 14405 17982 11334 17929 3142 8714 10644 7822 6787 6852 13110
1203 594 1120 10350 11044 14521 14666
9756 16760
1583 1989 1909
19138 7894 7233 10171 3287 12276 8626
9756 16306 11542
7761 10317 6852 12276
6174 19599 14405 17679
14148 11863 11573 16371 5711 17549 527
16727 12284 6852 14837 6174 10700 15496
19583 14371
10472 19418 7654
14407 17549 9756 17549
11542 6562 19601 6183 15410 10278
6174 9836 17720 18741 2317

8570 2754 7086 6431 5549 11542
10317 3124 6062 9871 10556 2570 15540 18278
17549 14139 14139 14139 17549
9415 19138 12321 12707 11542 14139 3831
11542 18156 4298 11323 14878 11028 3967 4236 6520 11028 7085 8942 9415 12865 6431 14387 18390 13283
14139 9926 12865
9261 19086 15787 10317
14139 9926 9415 12865 19194 1255 3437 8180 10317 15398 11542
9926 9415 12865 11858 3660 15922 17016 2244 19589 8450
19549 13235 4701 4388 11573 1942
12276 19551 8503 17687 2100 19418 15466
18840 18849 6562 6562 1982
11203 18744 2232 5064 11542 16278 4619 4282 12967 14064 17549 3751
14149 533 15530 19365 9756 6974
5690 17654 19418 7088
11233 7822 18661 8791 19737 8503 15409 6580 18200 18931 4081 503 12748 9756 7241 4549 12396 17720
16794 4890 13159 15063 12081 11573 6970 15409 14781
11542 15591 6431 13965
7677 19164 6130 8784 18548 16612 1965 4133 19583 19418 6183 15398
436 3327 3717 8821 8450 10914 6557 8450 13861 1363 11542 16967 4812 5653 6162 17561 1361 9249 19578 16026 18716 2075 12865 4275
13718 4144 19353 8359 16055 1000 7737 19399 2754 15584 1175 19089 19399 8215 8283 19749 16269 15411 6608 17069 11416 4229 1127 3011 15837 9828 2075 4165 7529 15771 5910
14837 9352 429 12030 11863 17280 6174 1494 13407 1003 3062 9759 5640 7343 17679 19608 15401 11542 16384 12888 381 4071
14837
12396
14837 6635 6771 17946 17513 17816
14405 12030 16032 797 9850 10317 5147 14839
6852 2474 17304 6703 7833 331 15141 15735 2548 8542
18936 13235 10709 15830 15733 19164 9857 857 11646 17312 8064 5972 10081
2058 16878
11863 12276 13263 14458 12318 12607 18012 3680 1786 11230 6514 13154 3187
19722 18716 7582 10318 16583 19115
6635 16404 11349 5954 19164 16404
9756 19138 6852 15221 11542 17939 13110 17483 14133 2841 5075 17483 16815 9416 12927 16367 1209 6141
10151 14530 1366 6357 17680 10700 14118
14133 9756 10644 16261 15466 17793
11542 5916 1843 17122 19603 19145
10317
9756 10318 16371 5711 3567 10312
934 10318 7429 12247 11542 12981 13099
8570 15398 1982 11573
12936 13459 12240 18849 11542
19138 12788 18841 6771 16278 14371 8941 18932 934 15341 9248
3808 1162 19136 11863 18849 18841 6771 6174 5075 9690 12615 3689 2427
8643 5098 19179 15337 17064 3082 5455 3052 12396 6771
10958 494 12240 6589 12516 3346 10063 8935 11342
1120 6236 3346 17978 14165 934 18840
9605 6771 11684 10567 12410 1153 6087 10736 9605 10567 12087 2695 5264 17413 15836 4265 12821 8694 873 18157 1251 4443 6831 5615 9932 10737 2824 13900 17513 8049 4265 9605 6784 17014 13081 3696 1153 14837 5289 4555 18 9605 6771 10567 2476 3580 17873 14797 8673 18990 18832 18347 16399 15174 6640 9778 16998 14877 13081 5881 16305 16337 6640 7456 4470 18748 18748 3771 18748 13081 5881 18990 3555 13031 5811 18981 15352 18981 10122 1431 818 13081 18981 11737 15035 13905 15352 18981 15035 13905 18981 15352 11751 13106 5811 5881 13049 4557 13280 5365 18806 3580 11134 861 11711 18717 3580 10910 651 8462 16998 9995 18280 5365 12967 6129 17584 11684 3770 5811 11027 17564 6771 13905 5280 11684 3580 14643 11711 6138 17089 327 3580 12103 6771 12846 5615 9630 1277 18717 13082
6852 10233 6361 10539 12396 18849 666 784 17816
19136 14177 11542 19488 3682 12396
12396 11542 4384 3346 10171 922 8701 12337
14837 18554 7747 6677 14837 11808 9208 12396 11573
12396 18849 4054 10757 7958 12511 2623 10176 17352 6750 4267
774 16371 5711 1575 13191 9986 16261 16955 15337
10804 19132 12344 11542 14748 568 13159 19659 12725
17683 3771 11606 16371 5711 7097 17501 18716 7698 16760
14139 1583 14405 7822 3346 14842
9756 19042 13 11233 5326
1643 527 17549 16760 10350 5252 9310 8610 16907 15787
7188 7585 7684 14057
19601 565 6771 7977 13154 14085 15467 9756 11588 8064 11606 17329 17683 19201 10740
6533 14837 13154 8780 6511
857 11646 6771 3091 14837 15169 12240 11542
1879 6771 15398 12707 17483 14354 14588 11542 7587 6520 8942 12927 12865 10317 2320 17561
15046 15170 579 18268 8028 8626
9756 2317
7977 3239 11863 14837 3719 18537
16732 4557 6448 15652 15221 18228 14352 6533 10644 19545 8492 8611 6587
15496 3847 6533 12721 9633 19087 10634 6675 3239 19659 7977
7624 13256 2058 13364 14118 17769 14148 2832 3082
920 9815 19145 9756 11173 9797 1575 6201 17148 11542 10285 5549
11542 9756 12276 19601 11573 6183 15410
6812 9279 16760 12030
574 1643 9926 6397 6679
4360 12154 6511
8167 11606
4144 11542 2317 8791 6675 6321 11877 2058 6174 5910 11542
9871 12154 7680 7654 9857 11542 9857 12276 13126 11638
16595 1914 12231 6592 14653
9857 6273 11542
3892 17645 11542 11606 2013 6276
8542 7977 7490 6174 15979 14359 12707 10706 1076 7977 345 10634 8686 1169
12707 7478 14419 331 11573 1850 14399 14270 14159
11807 14405 6209 4557 11909 5799 16813 7224
248
15967 11247 10644 15983 11542 12396 930 7698 11542
7592 15983 12276 16261 14051 14139 15398 11573 579 6014 9803 1474
16760 4038 15771 10171 4557 14163 4432 10097 10740
7136 579 16566 18303 6682 3375 16371 5711 533
9638 9890 10706 14837 8685 12888 3688 12959 19259
12337 12396 6771 10644 125 11542 12234
13249 17883 13267 1000 4250 3913
7299 14733 11542 9711 2272 4152 11203 17137 15435 10325 12276
10539 12396 934 10539 12276
18969 3719 16899 17683 6249 14332 16760
2481 10432 11863 8791 7587 19243 7215 10149 10278 604 11863 5048 930 2474 3068
11173 9797 381 4071 7430 12247 11173 9771
19422 9516 5625 8204 6554 11542
11884 15398 11173 9797
3296 18213 1833 11863 15221 14836 18110 2475 15771 13175 19136
10895 5349 2007 3839 9400 13617 11542
12959 19260 14836 19418 952 17058 9639 9890 972 9633
14139 8570 5985 2754 15526
12242 7478 7478 19320 1926 19418 13459 12788 18841 14837
17816 11542 9162 7215
18849 1643 17718 7478 11858 15169 12396 12276 19418 13588 14059 2058 8386
9756 2007 6540 14407 18564 5349 19164 1982
14052 2902
9639 9890 14837 12234 17718
11542 14748 1011 533 5445 9800 6007
7698 15268 16760
16760 8570 19418 11858 3597 10056 17679 11807 14849 17312 930 4643 9633 10837
14849 4622 14748 19659 7343 19086 10406
14837 12234 19136 3239 19136 12396 9213
12504 7803 1575 10519 6927
6852 7698 14837 2937 7698 15496 8714
15379 14837 15410 17312 1643 7979 15797 1575 14139
17692 577 1643 7977 10911 14118 18914
7149 17816 14837 8452 16815 8028 11542 930 7694 14837 9756 5549 6047 17148
10704 5349 1982 8643 11542 16701 7529 15950 4022 533
14837 11542 16701 7698 12290 9800 8577
3680 17043 11573 16701
18438 961 8167 9412
15196 7319 2983 19455 8859 19090
458 12865 15175 12322 2754 458 4133 2754 10700 3187 2242
219 6141 6204 15398 9415 6771 1379 1002 1063
14849 9866 3315 12865 8111 14493 15063
1879
19418 15398 961 1300 2818 9413 9856 2373 19019 8472 9915 796 9426 2223 19349 19107
796 1462 4132 12865 15067 9756 9863 14118 17737
19086 1942 9856 12865 15487 19090 19813
1909 8685 14748 9856 9161 12866 1909 11670 16364
6771 6498
18508 14159 18849 121 3346 14837 6224 12348 6193 19164
12396 13191 3082 6554 5068 5711 13119 18317 331 7412 14984 10804 13365 7822 6787 4593
11542 4610 5711 8955 527 10151 381 4071 4737 7822 12888 11173 9797 14984 10644 13191 6554
18339 7822 16760 17549 527 5711 19418 952 1982 8589 16760 6545 5693
12504 5098
16048 10644 14404 14150 6509 12396 16760 19659 3221 568 10835
15107 9525 11872 2915 19663 2913 11173 9797 9756 3597 523 2036 5665 15264 10154 3324 8880 10644 6174 8668 4578 1852 4071 4013
6478 18201 15746 9516 5625 8027 1965 2912
16601 13529 9418 9414 5260 11541
934 16371 5711 3881 6249 5711 125 11542 12490 194 19725 10064
6010 533 11542 7680 10361 11247 10472
11542 16601 16852 12023 15107 9965 9525 13159 13398 13825 18895 7530 8942 10040 7834 4077 19426 18561 5503 9161 12865 10097 5940 7526 7698 6852 8942 15771 17483
17168 10690 6852 12276 8626
13191 3532 14837 7529 9277 5218 12748 13846 19660
10171 19549 14653 10706 1982 13191 4267 6753
934 3833 9800 18017 5604 9756 7530 16897
934 6758 3011 9400 4578 8685 14837
13529 1540 6771
10539 12396 14837 11573
15922 12276
10317 3679 14407 12400 7680 10317 6939
10804 7352 3021 5921 13339 16371 5711 3597 7352 12396 11573 11606 6010
15173 1982 9756 1243 11542 15221
16258 17720 9690 12615 5064 11542 16258 14416 6628 16759 13256 1461 15221 18197 4555 5790
14425 19136 533 15221 11619 17371 15748 2595 6995 15530
10402 5100
19179 11957 12396 5985 14405
6095 19278 15398 14841 10056 15152 14139 5971 11542
18438 19365 19451 1306
5016 11542 14158 14405
7526
3679 12276 12240 12276
14139 10537 12240 14837 934 17683 11863 14837 7698 11542
9988 18932 2159 9842 11542
1974 9691 12654 7747 3224 9002 18932 12452 13588 5542 13516 16886 12376 3611 18849
14606 7654 15398 14837 19488 3679 12240 12276
7654 15398 10317 11863 11542
19545 1171 2418 5985 15170 11542 1982 14837 146 213
19733
15730 11573
19278 17608 19138 11542
3881 11858 19138 14837 11858 14139 19087 4619 7585 14405 15771
6545 16760 17148 9151 5349
12707 16760 2589 14837 12491
17683 12707 4420 10402
5910 7977 4077 1850 18914 5100 9756 12897 10402 11329 3068 15406 10317 15742 6533 9756 10317
17683 5349 1982
7159 15107 9525 17329 16091 7319 14738
7442 1604 6533 5445 7698 14148 9151 7698 13264 5445 7698 7927 12030 6249 9756 16679
17598 14111
639 6852 8240 6771 14399 17749
8542 5467 17499 18223
3562 19659
10462
18849 17865 3068 14291 17304 15073 3068
9639 9890 7822 9633 857 11647
14139 16227 6771 11606 8243
6781 11858 17304 1497 7799
6675 857 11648 12620 17259
18566 125 6771 14139 6812 6533 706
12348
7592 6781 7654 17946 18932
8929 1235 17816 6781 17939 6130 3082
19418 10700 19086 15398 6771 15375 17816
17683 12788 18840 13728 6781
2754 8863 6781 19418 19086 3876 15521 13235
16692 7111 10644 6771 19573 9756 6816
14837 10414
18439 6852 12707 16069 16636 7585 13695 11005 14837 10644 533
533 3109 5349 9756 12276 19164 14837 15798 10223 7698 6771 10704 4962 17816 15797 2788 14837 10519 6693 15798 6592
10539 17758 533 15221 7698 5016 16760
2007 14837 9041 6540 19418 7585 12276 6417 14064 6771 10704 10644 5719 2479 1620 10472
2007 17598 8396 1230 15375 12707 16278 12276 5016 533 5349 13205 16760 1982 10485 14837 17017
11863 14837 17141 7698 6010 15268 533 17750 1207 8685 8243 4006 5856 8691 15837 11646 10684 3068 6182 1849 17866 4432 10097 5941 14837
17718 16760 19418 17304 6338 18273 6174 9926 11542 7680 5910 14837 11670 19136 972 7803
17718 2754 5649 17295 533 15268 11542 12276 2754 11820 5851 1372 6771
9639 9890 13154 14837 11885 1670 8685 16818 10637 5856
19722 7526 14158 12886 7698 331 11542 11938 14139 19087 14139 7698 12276
17718 17011 18005 5910 14838 17122 19418 15521 16278
14064 311
285
5075 8784 14840 11863 2912 14984 125 18542 13619 5098 15398 8338 3188 11542 19145 295 17830 11449 14406 19474 5076 5349 1982
16595 3368 16760 4038
2007 12707 11542 6119 11190 2317
5910 11542 1643
7526 17614 6677 16261 11341 14748
11542 19418 10709 7698 13638 17122 11727 12865 7747 18149 17686 7680 19136 9279 6010 14405
934 12865 7680 19136 6549 12396 11542 19418 17122 5098
17122 7698 14671 12865 9926 12959 19259 15410 7822 12888 12396 14837
12888 5067 15977 15221 15528
2342 10350 14405 11812 14405
10556 6337 14158 8643 13170 17137
16852 2912 7291 17315
11173 9797 7430 12247 9516 5625 8027 11173 9810 19422 7698 7822 11409 6771
533 6010 13191 5657 7022
10698 8494 11542 14841 1620 16760
11542 10740 16843 5850 19737 5075 10402 6130 3845 6533
12504 7698 13995 4547 19136
19136 15521 2730
774 8152 14671 14106 15942
18210 7871 11944 6675 12396 8643 19599 14841 8829
10556 6337 14158 8643 13170 17137
16852 2912 7291 17315
11173 9797 7430 12247 9516 5625 8027 11173 9810 19422 7698 7822 11409 6771
533 6010 13191 5657 7022
10698 8494 11542 14841 1620 16760
11542 10740 16843 5850 19737 5075 10402 6130 3845 6533
12504 7698 13995 4547 19136
19136 15521 2730
774 8152 14671 14106 15942
18210 7871 11944 6675 12396 8643 19599 14841 8829
11542 13928 15742 5811 11389 751 8284 5372 16642 14662
16852 14754 11872 16914 12765 6520 9244 9311 12776 6708 11872 15420 7586 12049 15107 9965
9525
14662 17329 2838 4185 1133 5502 11542
11542 10454 6409 18721 19094 5503 422 10709 12306 16815 999
2902 10644 4076 4093 7777 9324 9070 13225 13267 16852
9756 10482 15742 5811 19573
5985 5910 7526 19136 15107 9965
9525 15314 2118 12134 2734
12882 5910 11542 10317
4473 7698 11542 18438 18895 7585 11 16583 1825
10383 19138 14836 12 17830 14405 7026 18210 12396 16760
14405 17114 6224 14405 7299
19171 1982 12396
6675 18849 4512 11697 13437
527 5711 7822 9639 9890 13163 12707 7698
18849 11646 16101 5851 12396 11646
934 2754 7654 19659 2912 9005 7430 12247 11173 9797 15107 9525
15410 11863 18849 4138 17830 13124 19145 10804
7585 3044 11877 15268 15152 11904 11542
