374
19365 13477 16760 6924 1879
15268 6549 17816 18106
11011 9346 7291 3984 8929 10700 15496
1965 17816 18106 11573 3885 8493 8784 17889
13430 10496
10804 8495 13191 1843 8935 7654
7680 1814 16258 12748 9857 11807 10495
1814 16784 7331
18721 10495 14397 9856 10233 16258 5803
15542 9756 2785 10317 13700 7408 13191 6970
2537 19054 19164 5910
7036

13477 6771 6554 2912 1213 7822 11542 19089 15410
8643 10698 5101
19365 3774 8452 11084 17834 9346 3774 7343 15435 17369 6174 18223 6771 5927
17540 6123 10787 2537 19429 18273 1144 12748 15161 7343 9856 13906 19088 4898 7345 13994 9926 10402 10402 8986 19086 9857 19328 16701 3187
729 17871 6787 17544 17488 13394 1721 4154 6680 10317 12276 8784 6562 920 594 18339 4333 11746 13502 18716 5985
6771 10156 5217 6680 3454 5100 12667 11606 1982
8167 4437 8116 17816 1914 327
285 14064 8871 7505
12397 7927 6771 4851 18542 3589 16760 10358 4684 12030 9165
11538 13941 16069 17830 934 15541 3960 13191 8495
7343 8527 12865 6764 16815 18716 14535 17690 19583 4133 19737 8382 14781 2585 2412 11863 7347
2886 18721 16226 12655 13389 9296 3596 5952 11858 13340
5910 10684 3068 3659 17016 2964 7343 15435 5092
9857 19750 751 12242 15435 6313
934 18375 3509 9800 16760 11588
17122 6780 3724 6365 1746 14128 9930 15259 943 15259 9351
6852 7086 13191
9756 2612 8028 1664 12524 4836 8791 6989 15319 10119 13046 6771 19654 6183 15410
18968 13036 16641 10640 10953 2087 15001 19493 10933 2875 1120 8028 5423 1982 11573
18504 17679 4617 9692 7728 10250
12276 17720 13341
934 14608 17857 2594 8218 2537 19429 14421 952 8169 7977
15221 3205 2494 12717 6284
8589 11126 6174 7970 7022 15572
19601 11542 6183 15410
4684 533 3017 17750
13191 19179
19603 19135 11416 19145 11542
12337 2635 11818 11542
1583 11542
14118 5101
3774 17816 18106 1654 3769
11542 14900 11542 16760 10740 6476 7343 15435
6335 2537 19429
17489 17679 2600
11542 11541 13529 16069
10999 17310 214 11284 14644 13191
19601 17679 9983 533
11957 8064 8064 3587 14139 5100
9756 146 11291 15217 19429 15748 12865 5916 16278 16596
11542 1643 14063 16033 8524 4547
2556 143 13535 13630
19647 16744 19705 19135 11416 18770 17816
12882 17816 18106 11542 10644
5657 17679 478
14715 9652 10485 7698
13391 16778 16921 7698 12240 533 18969 14424 3193 11084 10706 7347 15268 6249 11542
8243 11542
10706 7822 11542
19136
19418 17137
10317 17836 11606 17816 8899 19650 15331 16760
8402 6816 568 9400 4507 7585 11542 18227 12187 6491
6562 10804 8495 13191 5615
7353
7404 7343 7747 17834 10634 11807 10496 9756 17683
934 11542 8491 1474 11606 4973 17380 10123 9883 16036
8918 11679 9836 10700 16760 1982
1120 1371 533 15221 18529 1965 11035 16889
17034 17039 8899 12276 7698 17836 12396 11542 17816 10634 7513 12635 105 14864 17405 10123
5075 19648 19089 14781 3045 10709 1643 11542 8354 10706 12276 17834
10317 12748 15435 9863 17651 9863 7343 15435
7343 930 6313 2754 14885 1620
2479 1620 6201 15434
19164 459 2537 19433 9857 13991 10703 930 7343
12276 2754 9856 16255 13499 5743 12748 7343
8106 12431 14885 1620 6201 14354 16255
7698 2480 19365 17816 1620 12748 13499
19653 16760 17816 18109 10402 14149
10354
10354
10354
10007 11542 5198 15398 1587
6852 17720 13191 11203 11116
4741 8589
17816 10634 13046 102 15303 11136 2505 7142
9756 10644 15496
16258 7654 1620 17816 19573 8323 7343
6812 8324 11503 9856 2320
4275 12290 18729 17816 10634
2147 8589 11542 11247 14416 11606 1169
19131 17816
10644 15496 17816 12675 13235 18891
7927 18717 10644 11573 16907 4549 3697 16907 9188 11573 10644 8503
12276 2754 3597 12396 8784 7526 7673 12707 19677 6141
13046 7412 10317
7654 1620 17816 19104 15398 11542 7526 205
10278 1620
19365 13191 14383 6478 10740 10495 7529 9633 9856 15435 214 19725 10064 15504 1620 12748 3432 10494
15947 12325 6740 15557 11746 16054 12994 13913
12276 9756 11858 18443 3433 10494 5349 16258 5803 1961 15435
12361 17124 10700 19365 15947 11606 5646 17124 10496 17510 9856 15435 15473
2007 1643 7977 14989 19583 170 17720
7089 1757 19737 8928 13191 6490 13856 17889 533 6771 5839 2196 1835 6775 7927 14715 10318 7576
11746 7654 163 7343 17816 17877 7979 15504 6201 6225
11606 15259 6730 1961 4022 4866 2886 16286 19193 12381 17680 2479 1173 579 6127 13191
12276 2317 11573 6183 19138 14118 16766 7022 19488 10515 9276
5165 3833 9740 1620 7118 19488 14118 15528
17137 2537 19429 13856 11727 10804 12204 10063
5067 5693 12669 13538 12317 13346 7698 15528 12748 13499
9815 19145 8570 8954

6478 7747 19599
19474 6812 16261 7698 15170
235 7442 6518 1370 2312
15161 11416 14139 1643
16596 12231 10517 9276 277 11292
17720 8784 3691 15487 12865 1620 17816 6291 7747 3833 13235 10074
10523 12865 15003 1306 15748 16911 4868 19193
3187 15798 7530 15771 2338
17517 11409 6771 11006 6457 16218 3650
6174 2886 7343 12762 6771
10961 5075 18722 2570 568 8437 1171 13636 1173 5803
1643 11699 15259 17608 216 804 12882 5315 6771
10644 8675 11349 8826 13954 14064 17312 40 19723 12240 11542
16907 6620
14462 11349 3187
10937 661 9005
2111 11489 3292 7870 19418 14995 13743 15755 12376
10495 3925 13182 18730 7814 15581 9005 5517 601 13385 11254 15584 2546 17967 5172 6387 15749
5320 2436 596 10262 15370 6643 18710 2130 17490 16371 5711
14240 11127 7526 9912 7526 14748 9608 10231 5910 10417
13591 15337 12504 19164 17501 16760 8784 6779 13235 2101 6293 10804 9056 12865 3422 12932 7881 8072
5075 8784 10700 6771 19137
9756 2963 16822 16469 7698 2065 6478 10706 19545 7193 11812 12467 15055
10318 18303 17680 19365 6771 18966 696
7188 6693 5251 8784 7472 14370 15410 19475 7694 15398 16792 6478 12865 7586 7698 14671 8871 10706 19545 6194 4858 6430 18932 12276 9931 9856 10681 10700 17680 6276 7299
6771 15542 9756 1643
6852 5461 3774 17740 1848 6582 15902 18242 447 9663 11542 5927 5155 3378
15542 3134 2396 5362 6174 14429 5969 6771
2876 327
146 14064 1659
16322 3484 8988 17540
14139 19597 7343 15259 6730 3881 408 5349
16258 7377 2719 11542 7479 10933
1203 7478 5456 5553 11263
17816 18106 18154 17679 4568
17312 1238 15911 3724 6174 7680 1465 7101 3950 6771 19164 4568 3727
910 16571 17834 13191
19722 7979 7530 15504 1620 7343 1380 16258 937 7343 8450
10495 3612 943 7979 7343 7530 15504 1620 1381 14318 15244 13499
2474 10961 13941 17683 8028 19164 16468 1173
14664 13124 12276 7979 7343 6165 1379 19750 15435 14419 7696 19573 4621 2607 9836 7680 7898 11599 11754 7343
8259 10402 1063 9836 4144 14748 6174 12276 4438 19468 16299 9850 5743 12865 10537
16302 9850
12226 19733 10720 13763 9850 15133 13394 13191
14416 6852 17816 15169 16583 19115
9494 10317 3833
13588 10223 15526

14111 13536 15398 6771
18217
6771 14975 6478 15853 14975 9279 14139 13283 18722 3798 10278
15406 2015 7962 6771 19583 7953 2527 15787 6053 13061 11754 8111 18721 12276 9756 15742 17847 13994 9756 5910
1203 19749 9638 19194 6520 12011 6771 10480 10317 12240 9638
9756 19474 18721 8503 13713 17422 14194 10171 3287
10495 15407 12882 11139 4435 10497 10414 10804 3082 19164 13341 6771 18314 17816 18106
3068 4944 18542 10706 17165 5108 10453 9213 16075 18438 12276 10740 405
11542 12597 2475
1879 11542 12707 6395 17899 2109 11542 3728 12234
11542 7343 13505
10740 11670 3422 10494 7343 15435
4684 11863 6631
10537 11542 6255 12276 2015 2916 7324 17816
8277 17720 7698 8784 2912 12788 4501 8462
10396 5513 12091 19136 16217 12929 18227 13152 8462
17122 5985 10482 4363 10317 10402 7576
8675 5014 19164 9638 576 10494 15006
170 11374 19089 7526 14729 16258 17369 15504 12748 8438 7953 1559 16258 10317 9638 12276 4547 10145 11374 19089 3422 10494 15487 1620 9641 7343 15435 1382
2912 10804 17316 568 6335 10495 18266 11606 1982 18508 11542 2317 7291 13191 8495 9756 5552 3719 18268 2396 2537 19429 15771 19446 17720 7680 6107 15837 15771 9213 2502 8028 10644 19787 15496 7677 5917 17946 11542 9756 5518 11606 2317 6693 10317 1643 4055 17540 1620 7343 19164 11606 1982 15259 6730 17816 18109 6787 331 348
12865 19664 14671 10317 6771 12396 7299 11831 12396 7299 9756 12548 5552 15268 6771 7822 17315 19132
10495 12276 11573 6108 10472
11542 6765 3727 9803 17887 16595 6826
527 12889 429 16566 14946
9692 7730 17058 9579 4497 2537 19429 4735 479 12889 5839 2196 6183 16054 9338
6680 12396 12605 6554 533 3724 17631 3036 18894 10804 19171
6675 10317 19132 11407 15319 17566 16233 5068 5693
13050 7364 934 19603 4861 11096 12888
14118 10278 17304 3774 17816 18106 3726 3729 13519 3597
12 19725 771 14060 10558 10480 3702
10519 12865 7588 1643 14671 19136 6174 18438 1757 13191
15895 12658 11542 11096 8990 6278 14666
19429 15751 2373 10250 7529 15192 6464
3016 11010 11292 5626 11542 9638 15584 11406
16968 13241 16267 16067 17834 11542
774 14671 15170 13191 10700 15496
10151 10402 19573 13856
10317 5917 13529 3663 4549
5100 5917 9756 9638 13499 15771 9857 13534 7343 9638 9863 15123 7918 15559 7898 13994 9836 15755 7338
5100 5917 9756 9638 13499 15771 9857 13534 7343 9638 9863 15123 7918 15559 7898 13994 9836 15755 7338
14666 3921 5985 10358 19737 14463 11812 15073 11542
5100 5917 9756 9638 13499 15771 9857 13534 7343 9638 9863 15123 7918 15559 7898 13994 9836 15755 7338
10495 14292 7698 1000 6771 920 13341 7086 6128 2205
13191 1748 8784 17816 18106 19418 9371 7343 19418 4274 12865 18721 10651 15486 18877 1620 17816 9857 12748 16374 8452 11084 2721 10496
458 436 13497 17490 13394 6771 4234 15895 3375 13191 12276 8463 6815 1367 9856 7343 12242 15435
6494 16278 6815 10651 19328 12242 15435 18156 8722 10740 19418 9856 19399 7343
7343 8864 10556 9819 19171 18663 15609 6939 8028 6771 15557 15010 1274 9249
14139 15564 1180 17718 3377 19648 5075 14715 9652 5774 7481 1604 13036 10899 18721 11657 19654 5693 8855
19474 10494 1620 9327 19136 7654 6840 8727 6671 16808 2954
11542 14615
15984 10958 10958 10700 14666 14666 19365 10278 15006 3302 17679 5461 5910 11542 11884 3774 13191 16760 2210 11542
10005
8429 5927 9763 11010 9863 3193 596 6478 12276 17115 3166 10278 10537 12276 2885 8588 6106 6174 7280 6836
14615 11542
19138 13535 19138
15398 3847
16258 13171 8309 12276
19749 11640 2721 9638 10414 10278 13420 1311 15749 19407 5517 12719 12276 16993 10918 18877 18273 12242 18849
9926 6771 681 17679 10317 14532
2479 18716 8243 13591 11561 7728 10250 10644 1656 14972 12011 3918 10211 18227 14533 19749 2537 19429
14139 18213 6491
6193 15922 17816 10481 19235 6448 9617 2502 14129 6771
4259 2469 17982 13110
12226 4576 17122 7698 19467 6174 920 6198 3287 7928 5917 10472 13807
15636 5969 6693 10317 3896 8492 15858 15173 15039 10700 4800
11542 6249
5969 15268 11697 552 17755 8396 14196
9692 7728 10250 16236 12276 4596 6010 568 6771 8309 12886 2914 2537 19429 1306 7822 17110 568
18210 17679 10644 11542 16566 12429 4241
2455 9652 5075 1013 19648 4940 19365 11863 14140 14129 17816 18106 1849 9467 12868 8952 18721
11542 10317 14933 9800 7025 18299 18273 10064 16248 1575 14649 11699
10537 11573 10700 17683 4240 2961 8860 14998 14015 11670 3134 11542
11573 9277 17771 19365 6771 8643 11542 5016
5349 11599
9652
12504 6251 4239 11542 19418 17686 744
4302 14667 5075 6771 11606 10317 2135 12548
7317 5985 11190 6771 2526 2170 1982 2135 19737 8824
10402 8106 1180 9641 9863 12865 17816 18106 18739 11978 10700 6771 19573 12242 9638 3597 1620 18290 7526 9213 9857 6852 17816 7529 11416 7677 3204 6109 6852 17816 17513 11292 10064 14148 15217 14463 17816 7526 9857 7654 1620 19749 9638 7526 9856 12240 9638
8037 7654 1120 13191 15748 16748 6771 18156 7526 4656 15541
7291 13527 18741 2317
6852 7698 16889 11542
6249 13191
11863 8784 17816 18106
7698 12888 9692 7728 10250
11863 3774 17871 7698 18122 19136
7927
12058 1643 17680
11
4866 17816 10634 278 19723 12240 17816 10634 11542
146
18959 7343 4202
10999 15542
17679 11391 6995 15281
12865 9856 16640 13046 3434 16261 6076 3124
19699 16701 18721 7061 68 18208
19668
213
2537 19429 18155 524
7977 10485 1965 7962 7847 15798 4363 10317 1613 9856 19164 4610 1249
15755 17679 7698 11542 3774 13043 15613 952 1211 11542 10644 9756 15081 10709
5346 19131 17816
11
9305 15590 3134 146
3082 18099 8508 19090 11465
3134
213
17549 533 15530 12276 7977 1828 252 13591 14129
3134
252
9850
14416
8503 8173 9850 6119 19353 12868 9850
9850 5005 12276 9850
19699 12276 9850 214 19725 5545
3134
277
3204 3001 19583 7343
12799 16021 19036 7053 412
7277 8503
294
12865 19344 10528 6387

1115
311
1360 19535 3366 10513 5519 10740
11084 9850 8313 1643
19541 19467 10125
327
1120 14776 14405 12429 13236
10644 19599
344
19179 5917
15779 12618 19650 19650 16833
12
12388 4267 6585 13256 16612 10317 999 18270 16257 17679 19597 7343
9863 3193 11573 15732 18771 10317 18504
11542 579 613 12030 13191 11542 19365
15902 2537 19429 15748 9161 3187
14139 10318 3774 11542 13241 3375 3719 14984 15732 18771 16901
579 13941 17137 6771 18337 67
606 3648 11542 19749 2537 19429 3068 13154 9692 7728 10250 9756 1907 5100 6249 11542 2457 934 5065 14715 9652 14139 7822 6771
19145 2457 10644 19086 15398 5078 19573 12058 3719 13856
10804 6927 16766
6431 18936 14118 11005
11573 10317 12276 4898 6201 12986 9771 4989 501 15259 6730
19136 19086 19131 17816
553 10804 3082 5743 18439 15902 16907
5615
7995
10496 6931 19749 937 5727 9213 4030
19601 13235 18932 19086 15398 12865 15771 17968 11687 11542 14748
16932 10317 17489 596 10317 9128 6491 15084 5481 19488 8784 1893
15637 950
13191 10317 15774 13607 4549
3833 18402 16766 11858 14139 7529 16597 9871 10342 923 11858 2587 15496 5862 1497 3082
13588 11006 1626 6131 9819 13156 5910 15947 7003 18690
11542 934 15388 18578 14471 15902 6592 7130 17816 214 19725 10064
553 15221 14594 17544 18966 8900 10402 8707 12345 568 15712
2814 16371 11409 6174 15221 7614 16261 9201 9346 9279
8382 6337 11542 2007 6540 15268 7496
16596 13529 15565 6337 8382 7026 15540 11035 568 13152 4058 11573 17542 16914 11340 12397
11542 9988 3100 6680 10317 11623 13048 13856 17889 4972 6675 17305 5805 11573 3082 524 6431 7074 19164 10317 9926 7680 15170
11573 10558 13888 13152 5068 12276 13856 11035
12936 19546 19324 16744 19136 16261 5803 4138 17830
16371 4747 13888 7299 12396 11542 2479 13176 19145 2754 18227 19136 12276
10537 15609 17816 18106 11573 10317 2537 19429 17720 11203 7698 11542 2931
2373 19659
11542 5552 1879 5917
14234 3082 1454 6265 18936 6119 18004 19749 3193
6812 8116 1909 4302 12429 10318 14738 13477 6771
19087 7526 10155 8028 8578 11542 7526 1982 10151 1011 16261 5910
15060 9756 3947 11811 6395 14740 13443 5917
19474 140 290 11292 1620
12276 15279 15217 13588 12276 19053
10151 12276 9208 3220
13591 15742 5811 1694 6787 1877
4578 4902 9756 6010
19136 11872 8503 7588 18716 16261 13779 15398 249 4547 17497
6225 12276 6673
952 15501 19467 5985 12058 15398 19659 3372 11028
9692 7730 7822 565 5657 6448
10709 10480 10317 19750 2537 19429 8643 5657 19136
6562 12504 13191 12276 13443 15410
16168
18210 2310 15268 11542 10472 17816
9815 19046 13191
16760
16261 9815 7930
11542 11858 13235
18566 10804 17720 10708 10700 7589 10480 10317 2537 972
15398 14532 2537 6804 6005 13036
11542 12276 2007 3302
3302 5916 10157 17686 13841
16462 12276 9302 5390 10171 5910 7308 10402 7977 1848
13523 7822 11542 4291
15375 11542 6183 17305 17816 19647
12429 19131 11416 10558 10151 6336
6771 10698 5101
18043 13673
8784 9279 13888 13036 7698
2537 19429 6335 4610 533 6771
19278 3134
1879 933 533 6201 10706 15496
11190 11542 3052 533 6771 2317 10709 15496 5445
10317 5075 7097 11542 10709 16596 10709 16261 5803
2537 19431 3068 9866 9850 14021 8277 2730 8784
13235 11542 16701 7680 19087 10155 3287 1643
7526 4552 18043 7654 19136 11542
19138 10495 6663 9692 7732 4512 9917 14782 19749 9640 2537 19430 8116 18822 12242 9638 10546 5839 2198 18880 15122 12788 4502 1013 876 19749 15560 2449 18775 4459 12240 15561 15417 9836 2188 13080 12874 13517 17183 18016 17707 4953 19197 13404 1830 19694 13925 16838 9641 19399 13050 7365 18128 8417 3280 7428 5039 8570 9605 9579 4497 13839 14937 2709 389
6771 1575 9019 17816 18106 4273 18458 934 2475 15771 17899 934 972 12889 10251 19429 972 15284 11759 9654 2521 2170 19654 5068 14715 9653 972 17304 17816 10497 351
