437
10187 11542 19453 15577 10247
7698 1011 3375 7366 3896 2643 10086
17137 3922 10804 11077 2733 13288 8779 6771 14274 13736 16852 12015 6481 12242 18895
13157 1238 18005 11542 3380 10644 14139 5970 14291 19136
1086 429 16899 2121 3021 16744 11511 19575 2475
6201 2754 1455 10709 18865 15215 6675 18542 18566 1173 6183 15410
10187 11542 13182 8243 5910 9699 7680 14139 17992 1120 1084 6771 17132 9376 3100
6771 7822 1086 7822 16760 16583 18981 2912 6236 11475 7203 19418 6705
6771 19418 15696 12276 7824 6787 6183 1084 6183 17720 6183 19656
9836 13159 10187 11858 17720 15435 19418 10700 6771 12058 3254 3597
19043 16371 6661 2188 14084
11542 19418 18012 16760 11 146 213 10373 9881 7263 19631 14004
13389 7698 6787 10187 8076 12865 7491 3836 12415 14810 784
18731 5969 3194 6787 3193 15802 18012 16760 18303 6237
12276 13941 8452 10835
5985 9800 3193 1020 17771 7803 6335 17883 3021 16569
8643 8714 16356 10317 17867 11097 19365 6771 3357 6675 2058 10317 18192 10175
5917 17718 3103 10402 10005 6693
19278 15398 1748 15284 7586 13538 18895 2336 15398
12276 7865 3943 13159 6201 1575 16270 1843 9445 6174 3193 3646
4421 11542

7319 14274 9668
333
14452 14229 11
147 19603 13544
19418 19647 10358 8871 9191 11274 3936
17122
12338 11542 5649 6398 6852 18303 15506
19418 15902 6764 19132 19568 19131 17816 15942 1848 7291
18722 7505 13110 9379 14666 11573
12058 10449 18842 18314 5909 19568 461
15409 8503 14139 19086 6193 10794 12338
8111 16627 19486 19583
9756 19138 10187 11542 10056 11904
19618
10077 8116 10528 11542 10472
10187 6540 7899 5618 15398 7822 14671 17124 5097
3082 883 5408 8413
1783 7835 10032 9901 389 10345
7585 1568 13191 3368 13611 5078 934 713 10188
18427 11127 3612 523 7215 11127 6198 2754 14352
5971 5917 947 2730 6301 10081 7556 8626 8028
11542 5636 8382 10843 5542 1474 4905 8707 7319 16760
4683 12
11332 16261 2961 9926 10644 10187 11542 6255 13342 15466 10188
7545 13046 684 18327 10187 18013 7677 18303 8627 15409 4868 3193 751 294 6174 17683 10317 15938 11542 17614 19145 7545 18012 6709
17683 664 14081 6408 15152 11479 18012 3650 9871 15735 18564 664 3719 719 16852 5372 594 1013 620
8116 17816 19145 10519 5032 4868 1084 2896 19136 2612 10187 18013 11537 1306 4481 15917 10317 14118 17680 12865 14580 10317 7822 6011 16792 10402 5252
12231 7526 3645 3823 1643 17679 9059 6478 12865 14581 19164 9756 15800 12865 10537 3823
11542 12548
9668 17549 5844 9174 1115
10999 6852 10350 3630
4152 2671
11407 8240 10350 9914 11542 7696 7654 5402
14748
9668 6938 6592 19278 14748 8215
12290 7526
7319
12058 19418 639 5971 3068 18522 9926 2955
16627
13529 7319 19365 8109 17679 9815 15173 11818 16889 2721 9433
13220 5917 7747 2317
1306 17816 12865 1211 15319 10350 4377 7747 16074 16074 2317
12865 15173 5917 16985 10317 11542 6804 5916
1176 11542 1643
14148 7588 7484 277 1086 579 1575
12276 7698 17680 11542
18564 12799 1474 1086 16760 10350
429 8169 11542
12618 6533 1306 365 19136 1758 679 10187 9756 6675 3131
6812 3144 11943 19452 3346 6787 7319 6812 15337 7319
10528 16069
14975 19136
17122 16462 8784 5917 19365 19418 6705 17679 13424 10228 664 7089 18771 405 4239 3717 17974
6533 6693 19164
1011 14111 14077 14671 6366 2754 8377 6478 6771 15902 10406 8751
8106 11365 12703 13616 13113 18012 2412 12276 6771
7526 10187 11542 12276 7824 1088 161
13220 934 7822 18981 527 16377 10256 11814 13163 1643 4044 4038
6771 7026 8450 5843 18983 3244 13413 12381 7481 10187 3903 19576 7136 13046 14549 13699 16371 12276 8338 19418 15161 18554 10509 2656 18983 19418 6573
15073 11542 12703 3240 12276 8449 5843 9279 8928 17316 12929 19583 9756 7481 10187 18012
9433 6771 16267 4300 2797 11435 2007 3675 869 3675 6141
12276 2015 13616 13113 17816 13502 11542
6771 3929 15401 10472 17816
1211 1120 12276 19749 9836 11573 4022 6387 2317 3380
19733 11542 3017 3925 18427 11127 6771 18409 8247 762
16829 10509 2656 2317 5844 7299 14156 19414 3612 17889 7765 6011 17124 12276 1965 1084 6787 17816
15787 9850 15787 12695
6771 19418 14420 10317 9836 934 14420 16266 11802 2433 14989
9836 18722 10537 2585 10188
17113 1620 11203 10318 11542 2058 1982 17881 14139 17683 10535
11542 10188 7822 8784 11606 6771 14063 1591 3833
8116 9800 18017
10402 579 8116 17816 16630 1560
10706 6119 19235 6182 16601 18078 6557 1084 19583 14118 19583
2754 15398 12865 10958 10317 6812 1758 9756 19235 9309
11542 16596 14118 19583 7680 10684 16760 19612 10644 10402 15496
12240 6577 6562 10187 17679 3778
14416 9836 4144 16596 16889 12058
4547 9756 2583 2586
14139 16371 2586 5743 9756 12381 16889
934 18722 17801 12299 1933 16914 17816 10155 16760 7784 15903 17499
1176 18987 7822
6119 10318 11475 7203 18971
16760 17141 13529 7698
6339 16261 9871 5552 579 7299 11542 16101 17720
16261 9850 664 2754 5969
12226 17720 5377 4627 4111 7698 8784
16998
19618 9756 19618
7900 10187 313 1013 331 10325 11841 17680 16583 19115 17057 8339 6559 1013 5437 11542 9756 13831 1579
923 11839 3021 3756 7803 579 10485 10317 12240 15247 16749 11511 1086
8542 7900 8167 3021
18722 3016 3124 10480
1086 1748 3677 1088 6771 501 12884 10709 11542 10480 10317 16749 11511 1086 4235 15496 10187 14118
2007 17782 1515 3021 3677 8438 9633
12226 19722 16583 19115 15217 1575
10187 11542 16384 11542 19399 9850 5971 17713
18981 17315 934 3601 17946 18314 3604
5840 19414 10536 3082 6562
19475 6771 2058 10473 17742 9850 7526 5985 17113 1982 10156 14921 7343
10187 11542 2058 14426 3188 2891 18722 19136 2721 7662 6631 3068 8338 16299 19179 10366 2612
10187 11542 7299 762 277 328 10839 19060
7585 11542 344 12 15902 1575 16270 17051 2821 19164 8524
6771 13588 12276 1965 6787 6183 15410
968 6201 10644 10187
9756 3193 10537 664
6183 7526 3044 3224 6771 7654 19136 3224 10187 11542
14148 7586 17513 16593 7319 9201 1575
19278 15398 920 6193 12276 10081
5549 2065 2317 2065
17683 6053 13856 10187 3317 10187 16583 19115 10432
6771 14196 429 1171
10081 19365 19164 11542
4239 6771 6183 15410
19302 7526 2680 17795
1263 752 327
16269 1013 2104 19145 10187 11542
7319 664 3193
10463 12725 7822 16312 18017
7698 16760 10644 14416 7299 13152 9836 11606 11332
10519 533
17982 15398
7747 1575 16270 16878 8215
11542 10644 19164 8107
6174 8627 10064 19654 16701 6677 8111
19235 14748
10999 11999 18513 9756 8111 5743 10999 9756 11997 6677 3135
19731 16701 6677 8111
19235 19235 19235 9756 7698 19235 7927
6183 12032 19235 9872 19235 16400 9756 10485 19235
10317 9872 19659 19699 9926 16403 14748
19235
17683 17854 16701 6675 8111
9756 19474 7526 1575 16270 2396
18743
16907 5622 19593 19171 7654 15398 11542 8111
19474 16951 12321 11409 6771 10187 11542 6844 5921 1313 9668 1497 15408 6193 1072
19650 12982 10509 3256 11231 934 5065 6771 6357 7805 435 18721 7822 5707 5996 6193 15217 16890 7561 10084
10804 6787 1965 11409 4837 6478 3082 18810 6048 4233 10187 13048 12276 14989 6131 6781 6201 1212 15319 11670 13341 3901 14118 19583
7698 11365 8707 8243 4241 13735 7822 7137 2583
17057 6272 15398 11542 6852 15169 3654
11858 7747 3044 15398 17608 4549 14371 5591 19278 7233 8629 5916 19145
6852 262 11292 10644 10073 17830 11133 18522 16596 10503 9276
14139 10317 10644 8699 3981 10188 19365 17816
5843 7747 8685 19583 14139 7747 3831 8104
3831 5843 18268 14139 16371 19365 17679 3834 16261 5916 8104 1643 4038 7698 4054 12695
12504 12231 11542 18801 11606 3371 3881 9836 7747 3831 8104 9850 11542
6852 7598 11542 10480 10317 1205
10485 10317 682 18013 14158 7176
8643 18273 13342 1965 1084 11542 17816
15401 11542 15828 16744 14263 11542 18013 13159 18884 7393 6141
6771 6431 7319 3103 9668 17818 10485 10317 1833 13046 1328
3082 15512 18542 7399 10485 10317 11863 18012 16760 7399
11542 16601 2058 16069 5683 11542 16279 10064 10537 17138 6179 9926 13342 8102 10187 1748 11542
12504 10187 11542 10317 12882 1084 11542
11542 12231 7822
9799 19418 6704 11475 7202
11537 13529 7698 596 8685 12707 11792 5910 10644 7654 7698 11542 9756 12231 11542
8685 12707 1758 6362 7680 11542 16461 2417 10317 17899 14575 13575 12429
6174 16744 533 6779 13529 7698 11606 1982 3756 1086 10317 10187 11573
17009 11877 17816 10187 11542 10644 9815 13832 10187 19488 604 8685 5769 11542 10317 12276
934 13316 18201 10704 7698 7979
18438 6583 11542
17939 12 19723 12240 4536 252 7233 15398 8738 2310 17435
11795 17939 16166
1367 7582 10318 7663 7050 907 15938 11542 15073 5733 15776 15813
18442 2989 13733 18986 10644 9279 664 1086 16384
3807 8738 774 16568 1084 9850 11542 11606 10317 11233 12429 16930 12748 12 19725
4421 4684 11670 15398
12398 6339 11542 16984 10187 18278 15800 2891 11852 10961 934 16784 18884 10187 11573 16984
429 8413 1575 11542
579 13248 7299 3380 19582 12886
12058 934 1843 6631 7178 6183
952 10318 3068 5843 19145 11542 13529 11606 9756 10317
4239 3612 2585 10188 952 7025 9222
1783 1575 11542
6174 15410 10187 1783 11542 14178 10056 11449 1575
8570 17679 19418 8102 10187 11922 11542 15950 11450 10064
12058 11542 6680 10317 9105 19730 16936
9926 11542 579 9199 16745 10187 2458 11542 934 6680 10317 19730 16936
19733 10188 10644 11537 10317 16745 18564 18884 7393 10961
5743 19164 10537 10187 11542
10187 11542 5016 7299 1086 15398 10187 10804 3193 13159 3188 11542 16261 12016 6787 13191 15895 12030 9165 16317 4022 3082 10958 13332 13238 6771 13718 7319 3091 1086 12714 3621 8339 16583 19115 3068 6141
1783 6659 11542 14139 7299 17089 934 10706 1209 18914 4022 12030 5016 18917 1084 6787 5910 7698 12596 7822 1086 6946 6787 5580 934 8315 10187 11542 7299 1086 12714 10804 19266 3082 1961 7319 11409
12023 311
344
19278 6771 17686 7680 1120 16309 9836 6771 6765 2477 13288 4388 14274 12453 19723
7592 15170 10187 11542
6771 16601 14139 2939 16270 11858 405 7526 8215 10684 3068 579 14351
3082 6771 10270 19582 10317 1783 17089 579 10644 7319 3082 12933
5917 6771 15170 16299 18295 18295 2481 6771 16852 15496 4828 1426 17982 6339
8396 14196 11542 9850 664 879
14139 5971 19145 11542
12276 6010 6771 15410 4531
6852 2058 18644 11542 14139 7822 15170
18043 9756 10481 10317 17329 2148 10005 1088
3048 15169 11542
10539
3922 10804 7319 11409 4320 10804 8339 18917 10187 6738 4144
1088 16371 5711 11542 972
1366 1173 1982
934 3922 12725 19418 19098 8243 10700 7291 9700
17683 2754 1366 1982 11542
14196 11542 12865 762 17683 7680 10804 11573 19418 1825 10187 11573 7319 6010 16760 10350
11884 17679 10188 2754 1173
13141 10729 1848 16866 3082 18917 11727
4144 9756 6193 11542 9850 15165 5640 18554
11983 7143 13554 3567 9803 7680
16818 11606 13191 11623 19164 10188 2754 18722 15787 5856 18210 8691
14894 2483 18339 7529 18210 4241
18554 18213 10187 2210 9850 6183 13154 17889 9926 12574 13339
13529 7698 16271 11670 639 1848 13529 17857
6562 7299 3774 14139 14748 2421 11863 8584 16701 14403 10568 1828 8243 13616 12741 7479 6549
15902 5985 12882 5891 9871 8860 6021 588 15688 14022 15006 10317 10281 16443 8111 3188
9511 4731 18482 5070
1938 13021 19488 6365 11807 12276
2923 8581 12276 10270 6557 1120 10880 7835 10032 7398 6174 16069 3876 14470
1965 17830 6693 10317 9836 10517 12015 9097 13364 10445 1568 19486 6193 11863 2143
10056 524 12549 5719 14139 8054 11469 8524 12431 13529 11606 5064 8452
4190 7319 19654 4553 1313 18978 17315 13157 5228 18966 16914 9871 6533 6771 2754 952 10700 14921
10187 11542 4384 1008 10804 6549 7822 18966 6348 6771 2754 15410 10417 6337
11203 15406 10317 14096 1746 6771 6128 15540 13141 2148 240 1084 3604 18966 9195 1893 6174 2007 10084 13941 13181 5985 2884 6660 13617
16760 6128 7026 11304 5843 18983 3244 13413 12381 10187 3903 19576 16894 4967 1465 19583 5340 13507 2656 19418 6705 8325 10163 18306 4038 10256 11814
5843 18273 16197 12449 18568 8338 17427 1785 7577 5793 1703 2131 10740 11475 7203 5189 12825 19466 5719 15161 4547
12504 10644 6771 13617 15577 19725 1620
11203 6335 8491 17889 1474 12242 1497 11542 14748 1073 4136 10635 6816 17902
579 2474 4634 9270 13048 18198 672 16755 952 3002 16957 6197 9756 19086 6872
9218 8341 1173 579 13941 19730
11542 2587 10667 13191 15408 5185 19737 9288 3734 10709 18844 13164 18554
6771 11606 17032 12725 5579
12276 1965 11573 6183 15410 10278
11499 16760 10350
1086 17329 2797 16198 12681 19589 17645 15435 3812
15908
9279 3193 661 1498
19650 7492
17122 11952 12414 19723
10706 17683 4236 17274 19583 10740 18703 6799 18303 5016 12942
10188 9926
12381 10187 3903 19576 15169 4242 8643 19467 10740 15398
1961 6834 4233 15003 16760 1120 10509 14990 10740 18703
12994
345 11291 9109 8778 3194 18012 13505 147 11292 3375 13186 19584
10835 6781 6812 19365 8756 7451 9668 3597 6596 18924 5010 16813 13957
5985 1783 16583 19115 14274 6993 1497 7585 7458 16887 7894 7007 15577 11912
11542 15006 7498 12221 10187 19589 11190 19781 12932 6631 17464 3378 2643 12284 14044 1497 11073 2754 10073
9756 13235 6304 18206 19418 6574 13152 19236 4445 12485 7148 19060
19650 2754 17304 13191 13241 16945 11142 19623 579 18273 19098 16257 707 5917 16368 10245 13741 11340 10517 18278 15787
15755 12276 11573 579 19603 2680 1965 3650 6183
14462 6198 15073
13332 4297 774
10317 594 1120 10112 6771 8125 7529 11097
10187 19583 10317 11599
2656 7756 7530 5237 4202 7529 13856 17497
10187 19583 10894 7530 16927 11997 10278 10709 19136 12663
10709 10383 7481 11657 10317 6201 1575
11028 9106 12865 3949 10406 11997 16865 10414 934 6207 19583 6119 11219 4441 7412 14129 18278 15800 16219 10894 19115 9864 8102 12553 13385 14076 17690 19583 4131
9756 10317 10187 19583 9105 9756 10417 10414 18270 2131 6437 14139 8104 19583
7299 6010 17141 3375 6771 10187 11542 3593 1023 15337 17552 2912 3082 934 3924 13641 17723 11127 18431
6259 19256 3564 1086 4234 18968 8945 6771 8643 12897 1965 6658 9249 4239 19654 13614 17989 16760 13183 3601 9171 923 19164
12707 6771 14383 8271 8712 1371 12199 12086 13288 4388 14274 15141 18891 5016 7498 18793 12019 6771 3082
19737 10187 11542 18339 18728 8862 1238 3666 1497 10804 4656 8396 15862 8791 9201 4241 9057 18895
12504 4730 3604 672 16707 16760 4062 17789 10709 6771 19276 19145
6596 16397 2594 6993 9668 4730 11542 17122 6006 4406 4311 1474 4676 9850
911 18981 2912 16486 1086 2469 3572 17138 13182
16575 18981 2912 9002 10256 11815 11623 12934 4038 4284 13414 5844 17718 14139 19186
10961 972 11542 1748 16978 10350 18013 16760 3700 17899
11541 5946 12596 9279 5985 9800 6174 664 19145
12030 19659 6255 15837 13915 10839 11542
10519 11573 1965 9668 930 5279 18045 6771
19278 19488 6339 11606 9756 17312 294 19723 12240 7299 19222 18122
11542 429 6554
9926 14118 16744 11511 3756 10320 3589 146 10480 13831 14118 10187 19164
15878 7299 19656 7822 18981 2912 7698 15435 1566 8707 17777 664
19582 9836 11542 661 11542
10317 16744 11511 1086 19418 13588 2400 3220 7654 15398 6700 8396 14196
14051 2448 10307 9850 12394 3604 17325 1497
5349 7526 3044 7654 15398 240 7698 18721
13441 19418 4384 16623 19725
4448 1643 7977
10961 6193 4445 6225 10317 19418 6705 18004 5910 10187 11542 8474 311
277 11233 13141 2459 9945 7645 17889 335 15998 15285 12123 6768 1751 17147 236 17985 15866 11011 11406 9850
4448 6490 16407 8675 3272 6534 2573 11140 13576 10187 10021 19324 3537 1861 2780 18206 6865 6946 18929 14210 3621 2279 1013 533 6760 12396 15811 2369 6141
1540 4445 4061 10040 17195 6026 14922 6533 10417 16332 17816 11419 8475 17391 17985 15866 8255 14588 6533 11073
17816 11411 10123 14155
17304 10402 12290 15398 10187 11542 16758 4448 3311 17989 6201
17985 17985 17985 17985 17985 17985 17985
4445 3542 7962
10187 11542 12177 2121 5938 3562 19624 1306 12667 17678 11746
6771 18516 15540 2663 18969 10523 10523 11945 16708 12533
8863 13771 5711 3187 19145 1855 13342 16261 923 10358 3187 9122 16875 2340 11942
10187 11542 2754 6303 6771 19136 12221 6771 3103 5985 19488 12653 3193
18059 4076 15614 5649 6658 10204 18012 3650 10226 8076 12982 10509 3256 11231 7585 5985 16306 10917
6771 10519 5646 5969 18954 10245 15878 10187 3082 14139 5942 18981 19573 2912 4735 14112 5985 19479
6225 4656 16971 15140 10187 11542 9756 5985 16951 1939 11945
6771 1833 6771 17544 8707 2876 16760 2223 14500 2475 594 18966 5711 1833 605 5910 6771 19547 1879 11858 15895 2905 10539 17593 19577 13617 6771 7299 18716 6478 5971 15398 19547 6533 6771
12476 10245 4875 18774 15748 1073 9540 605 11540 19164 3082 17325 6587 5743 966 16312 8855 1643 5075 6247 10709
10187 11542 18813 13102 13617 1084 11542 19418 17654 1204 19750 1497 12242 18895 17598 14724 14274 3082 4787 12189 8714 4440
3296 1088 1833 15911 10644 18864 3020 2058 8116 18438 19086 10700 10480 10317 16745
15215 16760 17727 7677 10961 2058 13110 6119 5910 1721 8073 6174 67 11292
7822 16976 6852 12363 10187 19583
7822 11542
10804 1372 11542 10700 7822
6852 6201 1575
9756 10537 19164 3592 16745 1086 3021 10700 6771 3346 16745 6675 934 11389 16132 6675 17816
934 8413
3082 10358 18986 14360 3082 9756 10700 6771 4239 7319
8544 13588 12276 1965 6787 6183 15410 10278 19474 39 12361 14065 7698
12504 6053 7319 12504 1575 6771
930 15410 7654 15398
7299 6771 9850 664 879
7694 6771 8382 6337 5098
11542 12381 2584 3240 15161 19583 6179 14603
19418 1301 18981 613 1120 5045 11542
11542 3604 533 17847 2058 14894
18969 240 5711 1205
16317 13529 7698 6631 1577 7215 16760 10706 5068 4972
8570 15521 11542
6771 15175 6771 1575
11670 19136 6771 8574 19418 7526 15398 15521
6631 1084 6771 17813 12058
1086 6249 11005 5078 1089 7822 9633 10709 10480 10317 577 10187 2459
9006 1783 7442 19547 16766 3375 9668
16462 852
10539 10406 533 12707 19418 6705 6608 14536 10509 2656
6771 762 5969 9198 9850 2677 11266 6760
2916 7822 3220 11475 7203 19418 1301
4296 17072 10317 17089 19545 19535 14139 9400 10684 16760
8643 1785 14878 7822 596 10684 3604 6771 925 5845 3452
1367 6771 11127 6771 7822
1965 1084 11542 17816 10804 14152
3185 4411 11010 1171 2754 19136
15542 17608 17847 9850 5755 12865 879
15375 19547 11127 8860 9058 11606 1982 16829 14757 19737 19488 3189 12540 10946 5743 8464 17212 16486
10485 972
3082 10485 10317 16745 1084 3567 18973 10546
975 7319 11858 17310 15542 17628 16270 2934 6183
15217 3082 15921 17865 2828 14113 6879 8627 10064 3719 491
3597 11542 6677 8111 15921 16270 17946 10604
7698
6201 11542 972
428 11676
11670 15398
7698 7319 16100 5769 3191 2954 11101 2550 15718 7677 8413
2481 1620 11080 7299 10187 3564 972
16270 6201 1575 2939 7319
12337 18721 17680 6771 10509 2658 1337 3375 5917 3375 7696 7585 11606 1568
13796 6201 16100 12936 17683 6201 10187 8413 10187 7393
13941 2466 9871 9183 14196 6198
933 661 15410 9756 6193 15922 14060 13954 3604 3597 19486 10056 277 19725 15170 10077 11542 11573 3592
7698 7505 3604 4684 8116 3597 4549
6119 10188 3188 9859 3595 12015 7698 10084
3896 968 6554 1086 13617 6771 13337
934 19547 2912 18986 3082
15407 10317 2104 13159 14882
6554 9633 19650
16760 10350 11606 14285 16204 10406 999
19273 5978 16760 9850 8239
19650 14139 8530 12276
8543 9756 10644 486 8871 2961 16725 19647 14666
7822 9633 10187 11542 4684 19136
10188 12276 7822 9298 3677 14237 16980 1000 10840
7927 9657 10485 10040 10699 8871 11073 15097 18829 11542 9067
16298 9756 7526 12276
16299 12381 7312 5598 4076 19583 1849 3240 12276 15161 7312 5599 4076 19583 6209 4076 12539 2071 13191 7208 5599 18392 14152
923 19164 15398 6530 3082 6557 11573 10187 6587 923 18542 11542
19583 13499 8125 11863 15398 3441 8827 14139 18588 9850 4448 879
11409 16299 12177 7717 8707 18295 18005 5910 16299 9279 14139 6872 14588 11542
7592 12865 5971 327 19723 12240 15648 12337
10523 7698 18969 13191 6771 8784 11036 7828 19583 2754 10658 3048 9756 19478 9756 8966 8970
6771 18156 10800 5851 4828 19488 579 9871 6236 10684 13591 9756 19478 10644 11542 14118 11005
18012 16760 10804 11573 579 5851 4828 14118 6677 3965 8395 6477 18729 13831 10778
9850 9926 5014 17513 19723 12240 4536 10171 15630 8215 5910 19549 7694 19659 9756 7654 15398 7263 1982 8784
1909 11542 333
15284 13696 5632 13110 1102 11542 8450 925 6925 3349 868 17540 19628 9825
14129 10187 11542 13104 4019 4425 13191 4139 11773 16745 1086
9668 17459 13443 15408 18472 533 11257 7211
16502 17969 19418 6705 10406 533 10171 11203 13342 420 6771 6183 10644
10187 11542 10706 18012 16760 10480 10317 6816 1328 12882 6236 3292 15786
6201 1575
19733 10804 17679 1575 11542
11542 16792 10156 3831
11542 5905 11430 17816 9213 12799 1474
1084 11573 8116 10700 10804 1084 11573 972
6236 6814 11834
7822 11542 10804 17830
11537 6814 11834
19136 6814 11834
12396 4239 1086 6554 7299 6533 3244 13413 13163 5844 2584 10317 6194 5803 10151 17687
5844 9756 12381 7977 6422 3317 14139 18273 4046 6201 6198 5803
11047 19535 11728 10581 5793 1703 18220 6812 15973 11048
7654 7822 672 923 19164 11044 6422 3082 6750 17889 15161 19583 6635 12707 7698 4039 4038 13154 10256 11814 934 7654 14118 19583 19418 6705 13159 10402 9996 6608 7526 923 5910
6554 7299 6533
24
11542 8765
7319 6198 9400 11542 13728
12276 12882 3590 3604 14098 664 9850
6515 10537 3082 10700 16120 10472 4252
4296 3597 16278 8239 17865 8884 1909 9494 9756 682 18722 13675 15089 11993 11542
8250 6010 7299 19136
11334 17610 4675 3134 12275 11849 4442
18745
4442
15902 11676
8570 13999 6337 8382 6174 10537 18409 7698
8240 17680 15521 6272 1162 15398 14997 10123
8570 5969 11606
12936 14416 7822 17830 13159 18013 3187
10187 13160 533 6760 7442 17732 8627 7299 405 4232 14139 9173 19589 18013 9263
16755 8864 13487 11247 6053 16583 19115 10509 14769
6771 5890 8860 12276 16760
16760 8928 1643 7698 7299 18542 10804 16760 18299 18273 6335
16760 10804 533 11542 18198 13698 11045 8339 8294 1791
11542 4684 10644 3193 11247 664 19418 5969 6771 11964 10804 13288 4388 14274 12015 10367 8862 18013
16701 19474 16299 8860 19145 6771 1620 8626 8028
