432
6947 7822 6771
4547 751 920 8503 11573 18227 17748 18716 16371 5711 7734 6947 16190 6422 527 16760 19418 3047 10414
19278 9928 14139 6335
5445 4208 813 14748
6771 11606 11606
18223
18223 10278
18223 602
4796 19123 1575 1907 9633 846 813 2806 16871 601 493 13125 4207
9648 7705 13163 9279 3068 13735 10084
19488 7588 11606 1568 19418 15170 10317 5445 11573 4796 7654 15398
9926 1171 16871 601 9871
7654 15398
9756 11203 3047 10278
351
19123 7587 12030 10223 12888 10295 17526 6765 6771 4571 13066 19639 9158 4765
1548 15530 16899 4207 12276 2447 6183 6775
5075 8396 7550 15973 12740 3372 6207
15337 17058 9249 13205 15658 4971 2819 14129
19123 15714 5803
13389 565 18213 7587 11573 6836
13317 16951 444 599 12622 19136 8691 2481 12707
18133 481 12276 6820 16884 601 6183 6775
8076 12276 19601 11573 6183 7698 12707 18043 14588 9756 12276 10472 12623 5549 16760 13066 639 13591 844 12865 2832 18228 7526 15398
19131 17816 12276
8675 5101 10523 12078 13841 16760 10402 16760
18731 10537 4796 19123 11573 527 7698 16760 9983 17656 10644 1643
10472 11542 146 8627 85 11245 2317
367 7897 19418 10317 13679 14139 19089 19136 7977 3630 7868 601 16075 16911 15854 18213 1643
4796 19123 15800 18716 19737 12276 13474 568 12748 190 19725
4013 13317 846 5408 12622 19136 10999 7698 19164 1907 12888
13066 13125 4211 19737 15973 1549 15164 920 12737
807 3372 11807 12530 5517 844 601 3612 13668 13907
7822 17110 2912 9005 9648 7705 19379 3068 10312 15319 15221 16258 19575 6517 136 14889 16737 11657 6762 6787
5346 3123 11606 16790 3068 11532 4953 2188 5478 356 13154 12348 4796
9806 14328 934 19547 598 1872 19336 4796
7822 3082 17899 17314
4796 7587 8390 13806 9252 12888 19336 19350 3650 13066 10958 5489 13591 3017 10056 9926
5065 14595 17457 14828 19784 6852 10407 5719 4593 6947 7968 19636 6771 13389 7890 10123 12888 11599
19123
576 14595 18629 12419 19573 1643 4038 18050 4547 9213 12360 1718 16306 6448
10740 8272 16754 6448

6787 14806 12321 4207 15528 19784 17816 15712 7867 4149 5917 17304 15050 9699 19341 10278 16442 3975 6596 7297 13125 12012
17830 17294 13424 18339 15148 2754 7654 784 14540 15371 4796 5064 6947 12415
4362 15636 11096 9648 7706 9925 18266 5517 4569
19618 2475 7319
11542 16596 7822
19502 6010 5683 15371
6026 13125 15217 6249 533 527 13011
15060 5402
4797 12888 7698 18584
846 11895 2706 6562 1982 9633 10157 10052 18807 4796
3068 11896 19278
16766 11858 10920
1758 11897 3068 1211 742 7747 9308 11186 17720
1965 12707 11542 9648 7705 18303 2466 1210 8396 1023 596 10278 3583 11542
16701 3831 8751
10804 15170 4796 19123 17946 7387 17515 774
19123 13163 19336 19350 15491 811 13066 19449 13416 10706 11295
838 4207 10017 19164 1437
11795 6198 406 15162 19351 18050 15977 8309 1551 11188 2929
19051 8608 19336 6815 8338 4207 9380 3612 10303 9967 19573 14647 844 18721
7343 14515 14787
7756 15348 18501 19350 7053 6464 4765 8542 18223
3687 3691
19123 2481 14124 7064 8310 6816 12889 4103 11713 18816 5346 3123 17334 18249
14132 11542 18303 8627 10472
5517 844 18721 923 12078 9255 533 10706 6947 14060 13954
4796 19039 14425 18716 7822 565 5445
6947 6771 13127 13067 10278 972 3068 16887 4765 10740
10740 13319 920 6925 19123 1563 19609 12888 10740 602 18228 12514
11542 1758 10740 18228 6750 5141 12865 1306 14100 553
7822 11542 579 17259 3068 4796 19123 10999 10396 10804 17830 6771 579 17329 4796 8215 10317 12226 10740 5488 16889 3597 1909 15175 10519 11542 2961 579 2832 3082
6947 7822 12889 7822 16760 1835 17899
14828 19784 6053 3598 9034
4862 19136
11606 11542 13796 19136
3068 13319 1643 19164
6675 4862 6201 1643 8106
3975 10278
4796 5349 7822 9633
13125 15221 10644
10519 3082 11542 18722 11606
9756 7005 10684 3068
10804 3082 18722
3221 3068 10706 13908
10171 17683 7038 3068 14139
6174 598 6675 11542 9756 11606
10402 1907
5075 10804 17680 1406 1497 12276 13235 14139 6675 11542 9756 10644 6675 5450
16469 11453 19139
6947 11542 838 15221 9403 6947 10740 12119
13125 4207 9756 6287 2479 16760 19351 10278 7291 13593 10317 848 5517 601 1643 12694 6141
16760 6693 12717 17989 3881 10523 14363 5489 13593 934 13485 15398 16261 9871 8272
4796 19124 527 12231 12337 12276 16641 15787 2455 7515 15217 19350 3612 8608 1854 13730 7515 9931 12887 15541 15217 11366 10519 6679
5067 16317 9756 14318 10961 6947 15406 8940 16386 11407
1909 16853 5067 10530 16317 10644 6771 10519 1982
1173 14411 5917 10958 10233 6010 13036 15410 14282
8382 6337 11542 19138
6540 4796 19123 11542 8396 14667 11952 18303 12415
934 6540 5075 14828 19784
11214 5098
1879 6771 9279
13125 15217 533 12605 5683 15371
19043 15398 8102 11877
8643 11606 8106
10056 232 11542 1758 9756 4796 19124 3068 7530 5523 17816 4890 9380 6995 13125 5523
7136 5023 14352 17259 3068
7927 14235 5910 12589 1889 10517 9276 6771 7472
598 10274 10620
11542 13364 17985 12276 18716
13066 1822 7943 4580 4262 11073 17856 6494 6750 601 5910 5831 18223
15895 19737 2067 18223
2619 10277 18690 10277 4354 16311 11542 7587 18716 4143 2433 7199
934 8922 6365 601 18227 18266 1568
8381 18223 15473 12276 2007 14148 3951 12620
19136 19418 774
1421 527 17058 14890 16760 19547 5910
11670 15398 5445 10406
19005 333 16784
18043 13347 11542 10485 7822
11542 16600 934 7822
10684 8392 12707 13125 16094 4910 5075 19575 5489 5490 6947 6141
4207 11542 7677 2058 16069
4207 5445 14354 8608 15217 13110 13066 11044 11863 7228
5445 7529 2058 2317 3833
9279 12707 13066 11096 846 5523 4547
1540 294 16593 7698 14065 9988 533 6255 6947 15217 934 5445 7698 4890 7698 568
6771 17982 3965 17771 11409 428 2473 934 11409 2310 19087 18266 6771 2310
4796 19123 16593 13066 10021 4212 13125 9104 844 6771 5306 18142 18145 11670 5930 17771
12058 11670 15170 6852 4796 19123 3719 4861 12414 11953 12888 12888 12707 6771 7022 3068 1497 11812 3844
15837 3082 1907 14878 17058 12889
13696 4850 6771 12321 12707 13125 4207 8243 16747 6554 934 16748 16080 10519 2317 12707 1849 8243 19636 17525 18005 5910 6771 10706 6771 7822 6771 10245 15886 6787 10317 19638
6947 12276 6787 12736 15371 19136 9699 5856 12932 5445 18498
5910 14647 18223 10937 12622
10740 4796 19123 19336 19350 8620 811 13066 11904 2043 5489 5517 16173 8616 14921 15584 8615 15601 3563 2383 19196 6947 1470 11728 9786 18817 10021 13125 10721
16701 10017 6852 10481 8341 3372 1643 467 4101 10414 13182 9149
7928 13913 1285 5445 15405 18223 16701 5445 3068 16887 14239 18223 15404
15800 16868 4143 12276 10740 19336 19350 640 7943 16868 5917 5128 18223 10941
947 15407 2058 10207 15407 19077 2058 11606 5070 10644 8116 16627 9278 14139 5971 4796 19124 12888 4763 1793 811 13066 19336 19350
4796 11858 6494 8940 1173
7698
12888 10684 3068 9815 7680
2833 8103 8578 18338 12452 6771 17018 12276
17595
14118 8395 2393
15074 6771 12431 14016 10402 10472 19278 1274 10644 16760 6515 6911
17782 4796
1985
18043 10700 1909 6771 13125 4207 2807 18042
15179 11542 844 601 11035 12276
10961 527 7698 15410 9871 601 16760 10804 17830
12030 12396 15337
277 13241 7442 6852 214 11292 6010
14588 19042 17816
19086 15398 920 2317 12157 18605 11542 1909 2224 13066 2159 17565 12903 846 13066 7654
19086 15398 11542 13067 18141 533 11542 1551 12276
18605 11542 3780 1548 12707 846 12707
16261 19659 808 2754 3975 13090 19418 11858 405 3975 13089 16992 6993 18700
5523 13066 6995 1982 8234 6872 13066 18228 17679 15907
934 16852 846 13066 19418 11858 405 10155 2300 922 344 4549 19488 8309
6800 8241 14580 19733 7526 8557
10804 12865 5371 17679
1961 11542 16069 2317
6852 67 11292 9279 4207 11292 12069
19365 5450 11194 15763 8028 10700 11542 10151 16069 12058
5100 11542 920 19131 17816 19145
972 5075 19089 8167 10684 3068
5910 19086 10537 7587 10228 10406 16269
10317 3663 1000 8338
12276 17816 16760 10740 7529 5523 6193 4547 18728 3474
10937
8524 9633
18895 2754 8167 15398 13120 17001 467 9756 15410 10804 5520 844 13066 17305
6771 5075 19089 3047 11247 10151 10145 10228 16744 8589 10278 1874 17415 12429 5489 5520 9871 3029 6194
14416 9850 15170 5520 844
1176 10317 13630 19573 4796 19123
6852 12707 6771 1575
14588 11606
6947 4207 15530 6554

6771 18268 16568 3068 1258 601
5349 7698 527 4796 19123 9806 14328
934 7698 5346 3123 9648 7705 15407 3597 5016 11542
12865 11807 7526 5520 16268
10546 11713 18816
19618
3597 601 17679 5349 4578
10999 12196 15410 10804 17830 2313
7442 1982 15284 14139 4861 5542 2912 13617 18773
11606 10317 17755 6119 6787 9403 13127 5098 6947
11606 17750 11606 17168
19488 14563 16466 10233 15902 15170 7136 13191 14731 3380 12558 8950 15949
12716 5917 1683 11798 17802 13529 14716 14984 15165 7768 6771
12897 4438 18491 5711 848 17255 8338
6771 10171 6677 11606 11606 1982
11861 15073 9953 7698 16658 527 947 8060 18508 19179 19654 6174 19181 13191
13125 4207 1965 6771 13317 6183 15410
6648 6994 7083
11573 10472 16440 3630 12901 16258 6245 10339 511 11812 8309
18761 5450 10917 601 14216
15800 4610 12929 19418 17549 17680 5523 15800 13389 3753
19164 16776 13443
6947 19268 11511 13036 7319 6010 12204 9279 18295 605 13999 18303 6582 13913
13066 16193 18039 19599
3998 845 3480 2159 5886 14787 13 12865
17032 5016 9871 11542 5075 14828 19784
972 2754 17304 3271 11136 11366 12091 2237 1454 5952 2754 6993 13574 523 15991
8929 13067 7936 4187 804
6947 13941 11542 3259 15435 1412 13066 19336 19480 4796 19123 17310 3982 18317 6947 12403 1437
923 19164 6947 8464 18256 1881 7199 6515
19336 9803 2724 18728 15977 7936 4184
15217 14806 2959 3432 6448 7680 4207
2007 6177 9386 3597 15403 15191 8993 2962 11020 10721 13066 6101
11542 7291 17168 12276 14733
6947 163 40 4796 19123 9806 14328 2537 7842 5346 3123 9648 7705 11064 10213 17334 18249 11713 18815 7417 1839 9766 10861
19123 7587 17058 12888 1722 846 13066 19379 8341 524 15165 812 2929 10129 4273 9383 12761 15102 15446
18568 790 14178 16193 8344 598 14328 16935 12882 6688 18108 13909 11463 17108 3534 7842 811 14457 7705 5427
6676 5884 19124 18202 1147 16895 2148 12514 11729
4186 2775 5065 14828 19784 19243 1620 4557 19813 11511 2818 1084 4202 18586 15324 9648 7440 9019 16611 3021 12276 5042 13125 4213 11463 18274
17720 4796 19123 3360 4208 1748 18507 3307 19659
4796 8802 11542 6174 17718 11884 7977
10539 9806 14330 3068 10519 10539 2760 12768 1306 11292
5346 3123 6554 7977 9633 6174 17718 8173 3386 2537 7842 4610
11542 12234 1965 8111 11573 2754 16701 10644 19488 17305 1173
16371 5711 13125 4207 9756 972 17718 19145 11792 5910 4022
10317 4796 13588 10317 11542
11542 16852 2912 8218 12276 6631 568
11811 7253 12078 10607 15221 5517 18458 6771 7529 4207 15528 13856 2222 17608 15373
8382 13235 16760
743 13191 11004 1306 4909 15363 6263 10684 3068 10402 5803 14098 8396 18605 8396 18625 3396
17713 5168 4796 19124 3068 15800 7927 7698 9633 15911 10317 565 11606
15973 5985 14231 5538 16760
8037 3393 15217 14133 3630 6693 11606 14778 17718 18123 13424 9095 14405 4549 19448 14939
7814 12078 7351 7911 1782 15221 12047 16701 2342 9756 4074 5924 847 1118
14196 11542
14148 7426 252 16593 6852 214 11292 10128 9279 6947 15221 14139 7867 5542 4797 1575 12888
5383 4796 17982 14860 527 14139 13459 533 14882 10317 18050 4547 15063 8629 17816 6141
11542 17310 14139
6947 4211
10396
17978 5402
11858 6759 14520 9806 14328 11542
11542 6225 19488
12231 19659
11542 1982 19488
4144 19164 5927 16281 5100
6675 5349 11606 11542
14139 19086 15398 4797 527 19131 17816 17009 19043 5591
6291 6771 12337
527 7822 4796 5346 18793 12429 10064
14125 13317 13125 4207 5349 6771 8675 4250
9815 8243 19336 3396
16868 844 601 5349 6771
4796 7822 9633 15797 934 3396
6771 17772 16490 8714 1667 2111 16929 7101 9648 7705
5910 6675 6771 17987 7822 9468 4776 2097 601 15800 8570 601
6771 4684 19136
8675 6540 4796 6812 12976 533 5445 8597 17168
12276 5016
7822 16760 10350 13653 5910 14604
16596 7822 13191 1708 11961 17122 1171 6977 17720
8643 7136 5910 423 10171 10519 10499 5927 17720 7822 7022
10684 6694 6947 1470 6693 11808 7025
7526 19086 2094 13075 14878 1879 7311 6693 14519 7588 4250 7586
19136 17122
12618 15398 17608 5098
7977 7303 846 6947 13591 2963 10278 13591 12737
7773 3612 2903 10278 10472 13591 2300 5520
7550 13066 7529 1568 15699 10472 17816
14148 19123 7698 14878 10320 16735 14118 10278
12321 15771 6661 1833 574 16589 11726 6417 2267
10064 1120 9750 3180 8848 16261
15217 367 11045 10706 7592 1469 1169
16701 920 33 19725
934 11858 12329 1173 4987 10117 16731 19596
3432 11542 12234 19138 18290
7124 11077 19145 15375 17816 6501 9279
6947 7058 18891 15063 4207 1120 12943 17036 11542
6852 15221 11542 15398 5523 13066 15165 10519 10414 16701 10515
14102 8884 7822 13066 15165 10804 16311
11542 8643 16993 18273 4512 7058 18891 4207 1120 13235 18891 4557 12737
6174 17718 17446 13125 17853 16607 14114 6977 13066 7698 16607 5743
18894 16075 16595 14121 17445 13591 6174 2015 13591 13066
13040 16595 14889 14121 13066 7822 7698
13794 11884 18153 9800 12737 883 16701 13861 10804 10414 14787 6174 2013 13591
16069 14120 2754 2719 12276 16852 13241 11542
6174 17718 17683 4796 19123 12276 1965 568 7822 9633 6771
12490 9633
4672 1484
10906 4704 17643 16884 2396 1643
12865 15170 17325 5985 16367 1643 5743
8685 11770 1014 4149 15314 4363 17775 17680 17739 9713 13708 13123 13123 10620 6532 6141
10559 1643 6194 9714
14828 19784 5251 5910 11542 10317 6174 10277 1939 12030 4796 19123 6995 13125 18700 12030 5489 13591
6194 1306 4796 19122 11542 11808 16261 19418 13422 17881
3257 15081
10999 6194
19784 7529
10784 9447 6209
17720 14828 19784 2789 10709 6771 5851 13389
10519 15337 6554 12888 4796 19123
9806 14328 12490 14878 3676 19336
3068 3680 4857 12427 14273 11792 16595 6771 9427 13176 15401 13152 4857 13617 12427 10465 17614
1176 6947 13391 5851 3068 16887 10740 2719 7303 846
14148 7442 344 9213 12 16593 5917 6693 2058 18183
8643 8396 14196 6771 1171 6947 15217 972 14139 6693 10317 13125 4207
19136 5969 11792 10903
6947 12276 1965 5450 11573 6183
11542 14420 11770 8685 1899
19179 952 15404 13176
19336 19350 13154 4796 19123 600 13066 6812 13591 13125 10163 13125 6515
7698 9715 2806 19336 4211 13125 5880 6740 15164 10804 10414
8643 15950 12865 5006 2961 4207
9383 9046 2806 19336 5523 6947
10958 10278 15505
1877 16760
16760 16871 14118 19583 18604 19583
6338 4796 19123 527 10667
8064 17683 13191 10402 2058 13443
12431 5971 16371 5711
6119 13125 15217
7086 972 5917
6431 14196 11542
10804 17830 18228 19136 11542 6804 10743 19136 19365 17679
14828 19784 6540
14139 8578 11542 11013 12748 19573
4684 10494
9672 4207 15217 7136 9255
8543 17720 4047 13512 16261 2962 10721
14139 10143 8103 15733
11542 8643 16069 11190 12707
15407 10317 17939 7082 7526 5917
9815 19046 16261 8102 1114
10317 11542 6631
17720 17728 11606 10317 533 17750 17857
14196 11542 1985 7680 12768
1643 14671 14106 6128 19656 5727 10768 6587
7698 14671 12865 4914 16202 11463 5037 19486 6771
3650 13066 4207 147 11292 10472 1746 6026 14666 13150 4207 1909 11573 429
11831 16231 5517 601
15409 17009 4273 10107 2754 14756 10794 16760 10482 6484 7588 19233 4886 18851 10726
1497 16457
19647 10350 6764 14520
18043 11203 17683 16373 9991 2145 2058 4146 9343 8341 12452
7822 10894 11807 7037 19145 577 6478 9255 18339 1833 13317 12276 10794 601 9699 3787
19123 18213 7585 12888 10278
19121 16054 18233 4011 10277 15439 3068 8338 1260 18914 12276
19784 5065 2015 11573 12748 214 19725 19737 6771 3424 14354 12276 10151 3652 16978 3918 17310 8675 16384 17628 17150 2838 4185 16755 12932 6495 16447 16976
1833 11588 14139 14139 18482
4797 2015 6540 19138 11542 8382 6337 18508 5101
3925 11127 847 3672 11127 13502 3378 19164 13341
16868 848 6580 17989 11247 2180 12888 4796
16760 7472 7698 5917 10317 8382 15247 6124 19656 17471 10700 6193 17679 7698
3833 10278 10700 15496 18338 7698 11542 10740 14139 17069 6685 8847 3663 15496 10644 16907 4623 5910
19648 2754 14096 11127 3375 12474 2364 19164 19648 9261 17939 5064 18188 1238
5910 4797 12888 972 13125 15221 13630 12504 16766 12231 5917 14984 6201
6771 2527 4796 1620 2474 1965 14177 16568 12889 18640 15063 8629 13163 3068 10317 565 8243 5850 15688 15914 7705 1208 12221 2481 10084 8215 11941 11409 9651 3068 19664 15886 12276 13154 2007 10159 4684 1643 17679 6771 17899 7822 17314 12276 10794 6750 1848 1982 12929 14124 11352 10278 4744 4659 17720 15794 601 19164 18051 14797 7822 12889 2912 925 19548 17899 16760 10706 11670 15398 164
6264 846 13066 10706 16978 13125 4207 8342 15162 920 12865 2210
10064 9383 6947 16601 6750 4512 5524 11770 5204 9339 2961 4207
19784 17060 1620 14118 10688 19583 10472 6086 12593 16766 6249 1822 4659 11127 13655 844 5520
6948 15217 17310 11606 5958 10700 17749 12593 4796 19123 1213 1965
13735 17095 12888 13152 12882 17850 14878 16231 2879 13191 5764 4442
15169 18140 14111 10684 12617 14666 6771 34 6339 11606 8542 11538 12504
19733 16601 2475 13125 2058 7526 9871 5431 11190 16299 2730 17889 5910
13941 11588 7319 13115
16583 2912 9871 6335 2007 5098 8322 316
2475 525 4796 11670 15398 6119 6540 1328
14201
5969
19136 4797 15755 17536 7531
2058 12725 5954 18278 13794 7822 12888
253 19723 13630 13066 2754 920 952 10741 19136 5969 11542 9402 814 4581 1583 10700 19164 6174 18228 213 15512 12161
13191 527 15337 9756 447 17549
10151 12799 11416 19136 411
18438 5078 9756 7654 784 8437 13630 13066 3906 10700 11573 814 11281 6346 8309 5786 8803 5819 11352 15406 10537 11606
7698 12888 4796 19123 846 6947 2806 16601 15584 15217 12 2221 19353 13714 2655 1841 7530 11479 4138 8464 10378 7677 19573
18508 15730 4547 13125 16278 6946 11911 16758 4946 13593 6182 8022 11292 11203 13856 11233 1002 6995 6183 4796 7053 6993 18700 18227 14224
6804 19050 883 15012 8608 8597 8600 6467 9383
19164 2097 4557 4047 17304 3810 848 7530 8272 13571 15505 19418 19631 10278
11542 14139 844 6947 17865 14139 3048
7698 12462 1620 7343 5075 14828 19784
1203 10644 296 13638
7136 11190 15949 4233 847 12221 10278 7136 4796 19124 13317 846 16486
457 972 15922 481 18739 4776 3796 1909 16486
7698 565 19426 13152 8272 16217 5683 19737 16627 18210 3068 17830 8116 5167
18213 5168 3068 17771 1322 15435 15144 16142 14139 1307 15498
4296 7113 13191 4626 16538 2843 17146 12865
11861 12290 7833 11516 13152 6481 2754 10123 18592 7927 7091
11542 3972
12276 7529 2482 2754 7654 5743 18303 19171
4618 19582
6947 12276 1982 11573 14371 19723
5851 11542 17683 15551 11542
6026 2912 7822 15170 17924 11573 14371 10063
16760 15435 6975 6176 17779 11542
15410 10804 11818 14671 11542 7698 17679
15800 10519 14669 11542 7676 9926 7698 11542 15398 12276
11818 14669 11542 1974 8087 146 18073 11542 10898 13048 6448
14139 15046
8570 8503 13611 5078 17304 17816 14370 11573 1982 16776 13200 5445
972 5075 10317 19785 15365 8309 1548 6357 11542
15221 813 2612 4202
920 18375
7530 7291 13389 4426 5952
16534 2147 7291 13330 813 16533 10245 6947 5910
16396 8749
6902 7451 8749
12893 12737 16391 3479
17683
13595 3479
3138
9871 811
4576 19785 11236 13067 6532 7233 813 6024 1306 19583
1406 6194 16907 1548 9468
19136 11542 6852 12 11245 2754 17122 11542 7680 6307
7822 16595 11542 4796 8272 844 598 14736 13125
14733 16595 16135 16278 13125 4946 10722 4796 19123 13066 13125 10706 7822 1465 1551 7291 4207
846 5517 598 7696 13729 13125 10722 14587 13125 4207
17718 7529 16054 2317 11190 10706 18004 5910
3082 14139 10700 8942 4796 16641 15787
12504 7822 524 4796 18122 19136
6852 6338 533 11542 12276 6631 568 4965 7082
7747 5445 8338 10895 844 13591
533 15528 6947 2929 15755 11861 9255
14588 9383 6947 2929 5016 12865 8072 602
19575 17816 847 17683 9926 10402 2058 19365 16929
15073 11542 12318 5064 19488 12765
15800 14129 4796 19547 6183
17654 327 13241
4684 533 11542
