415
19131 11416
10999 17795
19365 13617 11670 13941 6347
7927 17404 12810 15221 18716 11779 810 15800

11542 6491 488 6174 10741 4232 17526 15195 12865
1497 6174 16596 10081 3016 15221
18329 14139 9926 16595 15137 13005 19573 9181 16648 18855 5858 9866 5763 9005 15137 13005 8627 10062 15406 19578 1016 2961 18876 2114 4578 9850 17982 4022 10515 6532 8382 6879
7654
19164 16476 11542 11670 5537 17352 12872
4259 6677 7526 11573 10317 13834 13152 3016 14878 13484 16204 7343 1192 6179
7663 2126 999
9926 6335 7747 6771 14106 2466 17269 16313 7698 13220 10317 2386 13094
14888 6771
10644 7291 533 13529 15211 12725 13484 15312 4138 17830 10151 7698 2912 7698 527
16760 10350 9279 10700 17683 704 14118 10278
4041
6533
934 15557 7624 15178 15577 4131 6659 6771
16992 19583 18620 18593 13110
7698 10577
6545 6771 10402 2058 5016 19418 13152 5856 10700 17683 18290 16889 7585 7654
11542 19053 19609
1171 7588 7412 213 12 16593 5743 2832 14740 9248 9230 13191 8495
6236 13125 4211 6750 2502 19809
8102 6995 4133 11858
13681 13793 17889 13125 4207 19053 5073 15382 14530 6475 11217 1568 6812 4398
17114 16267 16100 11542
5916 9756 5552 9753 19583 11858 15557 9346 13191 11699 9871
19474 7585 11542 1
277 12
2570 16322 10917 19573 19599 8864
11542 19053 19609 2942
214 11292 19583 19090 19774 1843 7599 1202 6781 7680 7822 10206 1551 9005 2159 18932
8543 8448 16367 7734 13588 8928 19801 7496 16760 9029 19179 11542 1176
13094 17551 18402 16628 4445 15384 1645 1203 19164 16101 19592 15262 3672
7506 10317 19801 11573 19418 10317 19583 19090 19774
10317 2272 5098 11542
1203 2386 13094 7680 1306 15173 19087 11542 12968 9850 15398
429 18659
11542 12968 10700 13638
9029 8382 2570 11808 466 14211 11416
10700 11349 2386 13094 18786 13656
9871 7977 5743 10537 11542 8167 11542
14065 18731 11 12 344 12 14051 12158 12 12 12882 11542 11542 10317
10684 13591 3068 2588
277 11292 11044 3082 533 16601
12058 6174 9926 11727 2832 5006
15060 1879 9351 9279 3068 15060 9857 11407 16595 10317
10804 15221 5431 19164 10472 7136 11542 3622 15211
10804 12429 3287 10077 15878 16907 19809 525
934 10804 15221 5431 19164 10472 16595 19545 5075 17686
5917 12276 19601 5917 11542 6183 15410
6693 10317 19365 17679 13240 10171 19787 8900
7698 11542 11542 2754 15398 5921 17830
11542 19418 15398
1120 19801 11542 12276 3372 19601
1909 19145
17137 2386 13094 579 1208 11542
19809 2058 17480 15886 4405 17742 16740 10804 1497 16596 10073 9005
19809 16596 3954 2223 10151 15950 12780 16596 8646 10086
7894 11573 3675 13856 17889 43 11233 5326 10700 14975 19418 10081 19164 1699 18716 19145 7412 19418 10081 19164 3493 15754 1742
15755 11542 17978 5105
1879 5917 7698 527 6255 4495 1173 7698
13191 8803 568 1583 2386 5100
9926 19659 2386 12231
13730 348 15353 16035 16155 6750 3445
12276 1965 568 6183 10056 12 19725 19132 17315 16907 2317 6787
2386 13094 11542 7526 183 2386 13094 311
252 15800 12865 17683
18040
5100 6771 19087 7698
14421 6771 12446 16591 5587 8482
6771 12865 9089 5664 18314 18951 12276 18268 19809 40 15380 2066 7654 6758
6771 4512 1758 7632 19058 4557 1604 11542 19715
2386 13094 8452 14851 2342
17720 2007 8503 16583 13588 8675 2570 6771 12397 7822 16766
19659 2754
19601 12276 13110 10743 1551 19583 19393 13118 9604 4144 2386 1320 19278 12822 15643
19810 12865 7319 7242 1874 19545 11011 3604
13394 4118 51 12865 579 14987 19583 6201 9005 6011 9067 19086
10406 19476 4876 6553 11573
10537 4379 328 345 8685 13301 3206 14588 2754 10406 13571 13128
15073 11537 11503 11770 15538 9859 14718
5790 15538 9861 16498 18952 19592 13861 5141 18751 19086 2094 11503 11770
7238 15135
8663
19764
3762
18861
15401 12865 7588 11542 1643 14671 10556 14059 11670 15170 17982 5088
17720 11542 7698 5349
533 16601 14748 1568 11858 16748 4401 17816 8106 11542 6182 10123 12865 16248 8675 13591
17720 10644 19656 525 9249 6771 10804 19171 7586 4144 19801 11542 4144 14522 18894 17902 18005 672
2959 1474 1879 14196 1171 10323 6592 11573 17526
6338 11542 2386 13094
17696 19801 11573 11203 10537 9756 17459
16601 1693 6198 18228 6107 19549 16993 7680 19659 5402 19809 3896 1212 14146
2386 19547 10554 8738 6608 19547 7529
15410 18043 15410 6026 11542
13443 429 14738 6801 8077 8721 15165 4547 17651 15165 19365 19583
11858 15398 1120 19801 11542 19418 16278
19418 8503 14132 11807 6736 11026 12431 11686 16760 10700 11542
2272 10903 16209 3645 15797 13269 2007 2656 907 13118 1848 19592 2929
9213 18123 13269 2007 2656 11687 16760 11681 19737 1120 7481 533 11542
9213 7025 14493 1306 7626 17513 19725 19090 7439 16755 7134 17155 5910 7025 12276 10740 13906 14638 6533
14106 2272
13099 2386 13094 19578 15337 19656 9509
11173 16783 18722 12376 7526 13656 7839
9213 17976 15337 18722
1583 6771 2007 5101
11807 16371 17315 19131 10804 14568 5326 4232 2317 6771
6174 18698 9926 10804 6787 10644 19801 17628 19086 4239 12396 12276 6335 11863 1072 16929

15314 568 13159 6911 19801 3082
934 10684 3068 4944 6911 3381 13191 10350 13443 5917 13283
16371 5711 12231 12030
15398 14148 7698 565 10317 2386 13094 19131 18303 8627 777 16583 11542 11416 7698 5985 14148 2902
934 14511 10443 9604 9208 7291 6102 18613
2007 2570 13611 10644 2013 5719 14569 18895
7654 5488 7233 9213
12234 11542 7526 972 14671 972 11542 11542 9279 16760 10402 15211 11858 5549 11407 533 930 16596 19486 17513 11292 6771 12276 17680 10537 11542 10700 17683 9926 7680 8102 11877 19418 952 17137
11542 6431 14060 6540 7496 7919 10317 10317 2754 16701 5969 9491 7592 15169 11542 10233 1176 7698 18721 146 8627 8570 15521 10644 1748 5917 13588 19418
19164 1306 17742 13893 14139 7698 13892 4202
15755 15073 10067 11599
2120 1213 17816 10155 3287
15409 6771 4262 16993 11416 5910 11542 13159 19365 19583 3569 11452 14209 7291 3026 8068 6501 4259 10644 7020 19486 12206 2585 6264 18535 7319 12221 14463 3118 17480 14139 16792 622 4231 3650 15221 6804 624 1242 1497 6430 7521 4267 15217 17050 11904
17683 605 19801 6771 7496 7822 1982 6675 13538 12290
10501 1748 2272 16766 13733 5985 7136 15913 2857 14954 13096 3068 2420 13720
18045 6338 16067 10482 7802 4233 19809 6967 10894
7442 19017 6675 10684 3082 11801 7918 7527 6596 10808 15001
5917 14553 10171 12276 8570 9252 16760 19365
19418 4684 13829 3612
16266 12234 19801 6939 7734 13172 15398 11542 16407 19365 10519 17816
14201
10317 2386 13094 5349 972 11573
17137 777 2479 11727 13283 13617
952 10482 7129 9871 15609 1192 13040 5432 18045 15398 12276
11573 972 15773 16377 6053 15221 19809 9370
14196 14450 8117 6549 6812 13176 17843 4910
19365 15337 13283 10804 12161 9983 10453 15895 16910 11724 9444
13094 8388 8927 11342 4063 10278 17425 13856 9594 13003 2310 10475 19399
10462
13094 9144 14020 18951 8106 12276 19582 2739 4398
9460 8103 7073 3630 1190 2589 19060 9248 9269 3118 19801 14588 19583 9756 1557 5360
6141 17924
14118 19131 17816
9914 12030 16766 10231 18045
17720 1965 12707 6771 16317
14139 19179 15337 17687 8069 15631 2734 5946 6276
2199 2199 2199
10123 4138 17551 11307
4684 10317 19809 16069 15211
10698 5014 10480 14102 17816 7894 19801 3021 16094 3455 19801 14118 568
14118 19131 11416 17315
1748 14671 10317 2272
16189 15773 13127 8299 11884 19136
6174 6053
14671 18002
6771 1173
19583 19090 19774 6592 12597 525 9279 16760
2433 8103 18201
10537 16887 19185 16821 18951
344 12 12865 17645 7654 32 12929 12463 8784 7822 17628
11542 11365 19090 19589 11047 3496
13591 19583 19090 19774 5917
6365
6365 16248 13591
5917 10171 18894 5880
11542 7454 12707 146
2386 13094 1120 12490 14878
15409 10171 12479 19235 14882 10317 6750 3445 18210 14894
11863 7496 15409 533 6533 13159 8338
7585 19583 19090 19774 15573 12
7585 6771 17513 10686 15169 240 4105 6771 11807 240 11247 240 9756 19612 9756 7698 19488
2386 13096 3068 1907 1205
6771 6601 7299 1879 5910 17526 6273 17771
12936 10537 19801 6942 6174 5064 18884 10519
11573 18894 6174 1877 8863 8597 10202 6273 1531 11389 19801 8597 8701 12337
19583 19090 19774 934 15648 13443 11409 19488 7588 1173 1568 19418 16701 5969 6771
14139 15173 11606 14666 15170 10317 19801 19418 18213 5027 19583 19090 19774
3226 6592 4229 19809 16069 13443 12290 7585 2612 14082 13176 19583 19090 19774
1961 982 15160 11542 16579 3346 6109 12656 9096 9383
12030 11863 17718 2634 16246 11118
316
1120 8675 6540 2272 19549 9756 19138
8503 6174 2335 2680 14753 11028 9756 7680 18741 4898
9756 10700 12396 6771
14139 1702 8791
6771 18353 5873 2386 13094 18106 1306 19583 18793 533 15557 13048 13529 11606 14148 17154 15540 9025 18568 3422 15672
11792 5910 12276 8066 3676 19053 4938 13125 4207 11281 19613
5803 17155 4144
10999 16815 2830 13729 10223 4491 19809 10700 19164 19506 2917 6812 10657 4398 16261
15259 6730 8597 6771 16760 2401 4557 12865 17312 3975 19583
11542 7291 972 8596 15217
13094 3803 10758 17771 13599 11858 10223 1907 6476 12652 11858 15398 1120 19801 11573 19418 6675 4825
3691 13094 14283 19589 12620 10025 6448 11542 18127 12221 18213 12276 10539 12290 10512 19583 15161
12058 16596 6814 1982 11573 19674
6943
3580
17013 7822 11573 19147 934 17502 2754 19136 11542 12300
8396 14201
11
15631 2727 146
12865 15173 6852 11730
213
6608 6319 10700 12650 9850 4537 7853
252
6533 6319 18227 15466 6533 11542 19541 17982 14126 19606 5836
277
2386 13094 13591 4038 14020 2075 10740 3612 1366
294
4054 3372 2832 8691 8309 5835
311
10523 13007 8382 13091 15315 7654 15631 2727
327
277 15380 19801 1190 19353 4273 16675 14047 12865 13779
344
2386 13094 10485 10317 2640 8434 12221 11534 8086 12318
12
13941 13342 10151 15211 19809 6183 15410
33
8444 10480 16312 8835 15161 19353 2386 13094 6533 9211 1367 19086 7034 5658
40 1044 1613 8837 15164 2386 13094 12061 2961 10402 2380 9926 18721 8064 7962
51 14942 19399 17502 7654 17325 16268 5803 12231 2961 16122
6855 10537 7698 19801 6771 934 637 2386 13096 19573 8240 2007 2570 10388 19801 11542 10644 1748 4181 2272 17294 6272 15170 10151
19583 19090 19774 7698 6771
533 19795 923 4610 13191 6249 527 3778 17525 11409 4138 9738 15199 923 19164
11931 7747 15170 18225 10317 3021 4233 19809 11812 7734
15521 19582 1203 10480 7129 8570 2754 4084 11281 13593 6852 12276 4232 18213 2007 2570 3346 19801 11542 9034
10317 19807 10519 10223 6275
16566 8028 11542 18268
1566 14064 11203 12868 12338 9762 15911 15398
19618 18213 2100 6693 13240 13235 7442 594 8106 14051 2903
14808 10481 7129 3881 8751 1306 1011 11416 13856 684
11718 10317 19807 18542 18295 13443
14201 6174 7588 15771 18564 19086 15398 11542 300 3 19808
17720 17422 19418 405 6675 14193 6126 7822 19573 12197 18716 5016 19737 6076 6276 7242 16760
15419 16760 11542 13443
9926 930 6225 665 19323 13094 10021 19418 15380 17731 2035 19809 6387
7136 18375 6771 7116 4619 17304 9819 11409
14196 19583 19090 19774 14106 12050 2272 10549 17009 15983 11542
6174 17718 6276 5607 11542 579 15577 11409 13996 10519 654 2159
14052 15410 19801 6787 19573 13601 6771
14052 12968 19801 6787 19573
1497 14052 7586 3044 7001 9756 8103 431 9819 13191 13241
9213 9738 12276 15217 1120
3503 10517
8900 10517
16258 11670 10171 15221 4426 14921 6968
12276 15217 3068 9819 9111 13918 5176 6771 10787 18457 6565
13235 5377 17304 10481 1306 3287 15398 1171 5803 1934 2876 19145
3831 7262 11858 7298 10171 6464
16821 6771 12276 11670 8392 10813 1932 15284 2352 1893 12321 4252
17549 11542 6501 1540
3758 5711 16267 8945 10317 1293 19809 3399 12276 1120 10317 1158
2386 13094 3016 3090 16583 13389 15407 11273 17771
7442 920 12030 11299 5984
8524 18009
4495 9817 15407 13152 9279 3068 9461 16228 18112 13096 3068
2010 16889 3296 5711 14699 5917 15798 17565 1498
6501 7592 19131 17612 11416 15398
12234
2386 13094 1848 9756 13529 2373
2754 9399 2832 8106
15162 11542 9756 1120 19801 19058 6939
19654 13529 11035 10804 16578
12321 15221 7698 6255 3017 17310 2386 6533 10472 14998
6198 15003 1568 16261 7698 17816 16595 15003 934 12346 4543 1306 19046 9317 16258
15211
15217 9604 5349 6174 12157 3023
9914 19809 17192 13124 10317 1863
13125 15217 7698 934
2002 11223 13125 15406 16907
3109 8047 15409 10583
15504 11644 12048 15292
12226
12048 15292
15407 10005
19603 19136 3346
6771 11409
7442 5737 5285
14063 11542 11606 15886 10179
14139 9279 19809 6225 930 11097 11542
14196 12865 19136 1173 5803 2317 10414
19583 19090 19774 7822 11727 2754 15170 16258 10700 8860 7654
2386 13094 527 1643 15173 8116 524 11542 10317 964
13191 6201 16601 5628 5910 930 15410 18895 6174 228 11291 11542
12030 16371 19086 19136 11542 12929 11812 17683 7526 13864 17889 15983 12276 12154
12504 7698 6771 8103 10056 17693
10481 5880 15012
14665 1620 18314 15387
16069 11254 19809 15170 19809 3382 3384 3119 17480 5298
10481 2058 4456 15170 10151
14106 2272 1180 17865 3663
10142 16261 6771 18797 13284 19809 11573 14371 5883 10893 15409
19809 6787 4547
11606 3702 18776 19283 7538 15203 16889 12058
11247 6592 10151 8685 6592 19809 2754 17683 13124 3666 18721 19192 11203 17304 10245 18730 8718 8685 6935 11809 8215 9151 14347 11203 19573
17683 17540 19809 4433 8116 4898 2754 15742 1620
9756 17720
18227 17415 17154 8589 15947 19583 8240 1108 11542
6338 10317 876 7545 14849 19583 19090 19774 17865

11606 19801 11573 12058 277 19725 12240 2521 7680 1909 19809 14118
13529 17122 2417 13094 10485 10317 18391 17709
4557 16228 15217 8589 9005 8503 16583 10317 2417 13094 11542 15319 13152 16261 14118
19131 17816 9756 4420 15217 10700 346 11542 5657 6322 15895 2317 19136
15398 11542 17608 6852 214 11291 6322 11877 214 11245 7677 7319 10056 214 11245 9756 17325 7233 6511 7319 18391 17709 10485 6771
6339 2317
2386 13094 11299 5984 4495 9817 10943 7151 4540 11488 16583 164 15268 17750 1748 12050
1881 12983 7107 18548 11763 9386 7522 10024 13094 5501 19399 9783 5984 146 4537
16278 7526 467 5123 10235 18951 9090 12865 8720 19809
1008 12656 7522 7529 6533 15392 10442 1367 8309 6812 16322 6058 16498 523 19583
9817 13163 9461 16228 15416 7151 12726 7233 13163 12678 11488 3918 13163 6269 758
1643 4117 1982 13094 7698
8240 15542 11366 14671 11011 7654 15398 11573
4547 6804 19138 8542 6501 8941
2377 5168 2754 18438 10706 15496
7698 13191 6448 13529 14125 6562 19801 11573 7654 11542 10014 918 15974 10644 17683 2058 14118 10278
9756 9984 6292
13342 19575 16760 14170 12865
6693 15221 5880 11807 17720 4610
17683 12865 15398 6562 2754 17499 12865 5743 10318 8169 11542
15922 17679 10317 19801 6939 2961 6027 1748 2272 2272 9756 12276 16760 18566 6771
6771 14196 1171
10999 5917 6771 17549
15787 2386 13096 3068 6533 2215 16268 19286 3465 5651 3465 11005
934 19809 11542 14421 19809 18884 7387 10171 252 4557 19683 237
10999 7696 10700 6771 1748 12050 10151 10700 11499 1748 13191 12050
4684 12276 19601 6787 6183 15410 10278
6771 15779 15307
11542 10171 1368
14748 1879 2386 13094 16878 18037 6968 5495 10317 10767 19633 2821
6533 8218 14920 16993 15822 5362 1893 18094 19809
9604 7576 16572 10350 11183 8558 10532
15003 2821 5498 10480 5073 16395 1568
13125 4207 19486 19058 5225 6224 13110 8218
5299 17801 9306 10317 4273
2838 10155 19191 12485 9967 19809 14815
6804 10381 16583 10317 2386 13094 774 17551 19656 11542
262 2007 2570 7626 18200 19801 8598 11542 6680 11606 10317 4420 15221 18884 7387 7645 17889
2015 9467 17718 3072 11542 18501 10142 11877 12030 6193 15922 12929 6026 11542
11599 2386 13094 10852 10740 9850 9633 18353 13529 11606 6183 10142 3068 1180 405 16106 12318 19809 8224 8272 11136 1708 920 13 11542
12504 17718 4610 6592 19801 11542 19086 12030 1961
8542 6339 11606 6771 19659
7822 6540 19801 6787 5098 12276 533 15221 9255 13182 19809 934 5016 15410 6592 16852 766 16054 9249
10706 3047 15398 19801 6939 6027 3001 12276 1273 7894 17160 6771 18324 15169 19583 4571 12276 10740 14788 10278 6812 1125
686 19136 6771 12337 16595 11863 19801 6771 19161 8574 3679 11542 12429 10317 4545 10013 6174 4980 4557
19365 11863 12471 10417 4557 6787 8570 15398 10317
15169 18043 8578 654 6765 13803 19801 11542 8643 19583 19090 19774 13941 13803 654 6765 8572
9213 19583 19090 19774 5098 10838 13803 19801 17750 15169 12504 533 18043 19365 11542
9756 15407 10317 19801 17750 19164 3681 195 4549 10066 12337 1965 19801 3346 10482 7698 19801 11542 16856 14196 19583 19090 19774
9756 1120 19801 6939 14139 1173 16371 14416
527 12234 6250 17683 9984 12397
12504 14196 19136 195 4549 10064 19136 11542
1179 3678 19801 11542 3349 11904 10417 4564 146 4557 883
7822 17750 6765 8945 18966 5711 9255 17168
15557 4866 6771 6693 7788 16384 6693 7822 9134 11606 11808 5851 8685 11409
16261 6771 13182 9738 15199 2754 15410 5708 19801 11542
10317 14125 17925 13499 17771 10709 1909 19801 12446 14139 8102
18566 10179 17720 19164 19583 19090 19774 16249 7624 2929 1907 6437 12321
4144 16583 19583 19090 19774 2386 13094 7822 9633 12337 13320 3068
14118 13591 577 3068
15409 7977 9392 2754 12514 12149 3612 19164
14106 2272 17122 3068 19656 5457 11542 17830
5917 6693 15012 704 7769 11542 8643 16233 6771 16914 16951
14139 19801 11573 18278 15800 579 5971 12276
2386 13094 18730 7972 15435 17992 7977 10709 17992 4624
11542 14118 3158 3881 19801 17628
7698 533 17168 9815 5683 15371
579 8028 15409 10317 8102 14118 10278 13941 10040 15178 11542 6592
6183 8103 12695 11158 2373
11858 14139 610
9756 19809 6259 6592 16852
15003 10317 18290 6592 6198 5803
10706 6174 17554
18442 9987 14671 14569 6200 6031 12338
14106 2272 19737 13457 14666
15410 14060 18598 4424 6771 7698
11542 14806 16595 6826
6766 9756 533
11606 10317 11573 3442 195 19226 10065 4549 10064 6675 10317 11542 6351 12276 3082
11541 6680 10317 6946 7698 19164
14196
527 7698
3296 6053 16371 5711 1540
19603 19136 7496 6549
4610 19801 6939
15170 17690 10381 19801 6787 15398 19058 4557 17946 195 4549 10064 15375
10402 2058 15259 11838 6675 5917 13151 8360 15259 6730 19809 19737 7927 1173 13341 11542 18314
14148 3679 3919 19583 19393 6481
10804 19801 6787 18227 7001 19583 19393 6058 9213 7001 15429 7894 17422 5914 13191
10317 6478 6771 19626 6201 5910
10155 11606 8860 10317 17683 17680 16266
12504 19603 15401 10151
6675 7526 11606 13176 19145 11884 3047 3663 19801 11542 13191
11542 15170 16410 146 8627 15170 19086 1620
14139 5970 19809 972 10999 527
14125 16316 14139 7698 9027 16701 7822
16856 14196 11542 6533
9926 8597 16889 7822 3677
934 533 15221 972 7822 13021
17501 13021 11011 19809 6516 16889
934 14139 6592 16595 533
533 16601 19486 11292 16595 11542 10706 11542 6276 18892
10999 10402 17830 19418 15170 19565 2310
6771 2033 19801 1190 6771 16975 6225 14148 10317 11606
2386 13094 8452 19801 1190 17305 19365 19583 1465 6812 18750 16744 1190
12888 7822 10684 7977 2832 6771 14139 7001 1165 5803
6533 12722 6771 12234 14139 2832 8106 17771 6771
1965 12707 6771 4144 19809 6935 5660 4245 11537 6596 18034 19809
4229 15773 19809 2447 6771 11858 14139 7529 1982 5903
6787 3396 17525 19488 14139 18932 9819 6771 17525 19136
7680 19442 12415 7299 19801 6771 5971 10519
