451
15542 12276 19601 11573 6183 10644 6675 3690 17499 9756 17686 16408 5044 18725 11542 2754 6174 2719
7698 17679 11542 11173 3012 1246
146 11284
7319 16889 11542 16985 6193 2942 8858 15337 527 16371 5711
10381 10472 10472 6174 5938 3946 14666
19418 15170 12276 10056 17679 13341 7526 14064 311
11
8871 14139 16278 4232 16299 7537 4915 19164 11542 7526 213 1546
16258 2292 11623 17524
1909 4232 15730 11542 9930 568 7526 1568 18150 1497 8871
14822 2494 4548 1366
1961 19179 7446 13191 12030
3189 10005
405 14059 11670 19647 12 12
10358 17584
10350 311 11606 10537 19647 16261 18723 12030 2754 594
19131 17816
4144 9756 12337
12226 19043
15985 12677
12058 10350 311 579 9800 7680 11542 596 12030 325 1328
19659 12058 10350 327 13538 10350 311
12058 17683 10958 3368 11606 5168 11542 579 10317 952 19138 5910 14052 11542 1643 10245 8578 15161 16258 5803 19145
17683 12 12058
2754 11542 14064 311
1
12276 19601 11573 6183 19132 11416
15559 14872 6193 11542 5016
9675 8417 1583 11542 8103
7180 11938 5803 7680 8437 9800 3274 9872 4202 6255 14872 8574 11938 19418 6183 16475 1120 11542
19647 7291 10204 11542
10700 12276 10317
6771 10317 6779 2568 12726 9002 3408 11573 10644
14148 7442 18303 16593 9213 12276 4138 16490 11542 15196 5985 9738 15371
11542 13831 963 8626 4202
19086 11416 1620
8543 6338 11542 7319 19619 9926 2058 15878 2058 7319
13941 15046 1643
14139 1909 568 777 11542
19138 15559 14872 13941 7698 11573 8578 10084
7927 13861 10519 6536 8503 568 3016 9127 16976
19599 11542 11863 19725 6173
12707 10318 10056 190 11292 14139 7747 15878 4765 16889
19278 1120 10245 11606 14738 15911 11606 19575
8543 9926 17114 2058 16907 8382 579 5969 11542
16298
12738 3604 4549 4121
10519 19568 4850 18296 6783 9769 11328 9188 9230 9756
9914 10317 6879 11292 9815 19145 11858 9926
7927 8578 7526 1982 9213 9756 7747 19599 19599
15337 11670 13529 5657 19647 6193 19565 16596 6452 18731 4737 15312
7747 13235 14930 9367 11443
12226 18314 12865 4568 8267 17683 12356 16407 6146 16268 5803
12234 15410 10519 3604 11573 7698 6338
952 19043 15217 10073 17277 10644 18716 16120 10402 2058
5910 7822 11542
17141 7698
10519 15221 7526 17137 10706 10073 8116
13191 16760 1748 18210 3068 11730 10706 19545 14139 12929 14118 10278
3833 12707 11542 6225 14118 3075 568 10317 11542
17683 3604 6562 12276 1965 3602 6183 15410
8396 14201
24
11542 6562 19601 13046 18099 15410 7698 277 19725
15636 10482 7129 15401 8241 7680 2479 2912 3604
3604
10472 16760 15755 19131 17816
2754 13529 11606 7526 6193 3601 8392 19145 18043
14588 6771 16069 7319 9756 13120 16907
19399 19138 17889
11187 5969 16010 16692 3604 6174 8953 17830
12276 3717 9228 8685 1899 3248
15562 18027 594 10718 11072 6193 6939 10706
17683 7977 15541 13591
1178 19131 13427 8627 10278 15398 13046 18099
19164 1199 5841 19159 15860 4202
10482 7129 15401 11542
6397 5098
16583 2912 17683 405 3597 4989 9668 6193 214 15380
968 11542 7882 13 11233
7136 5517 18721 7136 17771 11542 8972 16677 8503
797 7319 5910 10005
9879 12344 2912 7319
15337 13286 19656 14850 568 1497
14132 10644 13918 18228 2799 16976 19589 5910
15170
4055 18731 13283 13888 11858 7698 12396
7586 3220 15983 11542
19131
9767 19009 146 10318 14758 12707 7529 16006 2671
14588 17982 11980 16907
16131 19218 8267 4684 16907
5075 14139 10323 16407 11416 12030 11542 12276 19601 1000 7415 6183 15410
1192 17628 4239
15141 10317 3375 11451 13869 16914
5910 6771 17124 19601
9756 1909 19132 17816 19145 18099
9914 11542 1643 19138 13303 9213 9599
9756 19131 13427 17816
17137 10317 11542
14139 5971 13072 6397 10804 11573 568
17720 16596 920 10317 6852 15221 19656 18155 6511 14588
17683 10077 252 277 17830
19399 15073 11203 9756 19601 11542 6183 15410
19164 11606 15594 9668 14274 6174 10517 15732 18771 13235 19278 11606
7592 14452 15398 17608 5916 19135 17816 11416
14139 8578 5910 40 19164
12276 19601 11573 6183 15938
17720 11542 7680 8413 15911 10537 11573 568 13539 2902
5517 15584 9668 19365 11542 11247 5743 11542 8167 19365 11542 1748 1306 18303 17680
14148 19138 19365 17679 6198 17326 17899 7822 5910
5917 14148 7442 11542 146 16583 14064 9213 11 16583 14064
1633 2380 15917 12276 3349 5910 1965 17679 6183
1633 2380 15162 11542 11 16583 14064 12337
14148 6771 6312
7135 12183 4261 19131 17816
17315 19132 10709 17315 6211 12889
14148 15559 14872 6312 6011 9067
8503 930 4405 8021 8802 19418 6705
11807 18633 13361 18849
13013 6892 10740 16860 14873 18977 14439 11684
9541 7180 7586 15787 15468 9920 1747 2831 7098 6146
19138 147 11292 11542 2699 18268 17746 1183 19068 345 11292
16101 18721 17816 11542
12276 6631 3602
5969 19164
13191 7233 7526 18095 8629 1190 2989
11795 6198 15800 11542 19426 10700 7299 14139 11754 19171
14139 10706 11542 4500 10974
9871 13159 9811 13394 6816
7585 6053 6037 7822 15486 11573 11807 15787 14569 10974
18121 15789 18653 18716 8413 12891 19578 17881
7680 15170 5969 6193 11407 11542 14748 15148 6800 15217
19603 12588
11542 9815 7577 10081 11606 17771 17763 8736 5910
8972 10804 12725 16257 6174 12725 7886 16701 7319
7136 6771 7215 14118 6174 17718 17946 14387 17631 4022 491 6174 17718 13502 17929 3142
1758 9756 14139 7319 11542 17816 17946 14125 13503 18223 19164 5151 12154 1561 9836 9181
8382 19138 16701 10077 11957 16744
337 7319 18482 15541 15221
15902 972 6556 19656
11807 3602 10317
8784 13319 7442 18542 18314 3604 17683 5349 10151 10245
11877 1965 17679 2912 17304 8784 18266 5743 16299 18173 11542 672 19583 5917 7585 15541 5683
15398 17683 972 5318 784 6812 19145 9541 7183 14817 2754 920 10700 11542 6174 17214 15398 14118 10278 4229 7235 920 15398 12897 9543 12144 13319 11542 920 14118
5969 19136
19603 17816
15398 1171 9833 19145 6939
2058 11389 4547 1081 8629 7319 15221
15398 568 13152 14118 10278 12865 6217 6237 18210 15459
7698 4973 8315 9800 11542 11537 923 11885
4684 7698 533 17136 2732 18303
3712 10958 16371 5711
429 7698 11542 11453 10073 1053 6675 7698
4500 10974 4191 14835 8413
1965 12707 13529 11606 19365 11542 7319
14669 2061 4411 15044 11807 16692 5178 11573 19668 6339
3712 9568 7663 10402 7698 19335 10402 2059
14139 16566 19138 15577 17830 1116 6193 17816
18981 7664 454 10317 11721 3033
10396 6193 15922 565 7319
6338 16760 16302 3604 5910 19583 7747 9241 9229 13283 527 15878 16760 6174 19599 6174 6010 12865 7680 8768 18441 3287 1188 6011 10056 146 19725 4609 13088 18739 4702 6264 17200 3719 8818 7319 16595 6720 6577 9668 13888 1000 19650 10480 10523 18278 15409 2721 19750 8503 16593 16593 10073 16204 17115 10480 16593 2902 7663 8309 19583 15410 12429 18717 10317
10129 1133 18717 6679 1306 19583
19136 6771 9403 9675 8417 15559 14872 4191 14835 11173 3012 14588 2912 6337 12418
13486 13289 17720 5969 3604 10151 19418 10700 7908
13730 19659
6174 5658 13289 17720 6826 11542
14148 10644 15398 4252 19087 15398 6562 16910 19365 4262 1076 16231 2912 19650 12276 11097 18290 13611 6141
1171 14587 10090 6658 17771 17615
6174 10743 19442 1173
14569 7387 527 19749 568 14501 12348
6911 15215 6174 6914 527 6771
19278 19145 17686 7530 10303 8249 8714 6466 11623 7193 4580 18699
14226 4512 8714 9756 9819 18394
7822 9926 9850 4549 19418 19145 4698 13360 8224 17686 10406
17854 5520 7632 11389 11573
13950 12666 11542 15559 14872 13152 1120 18314 3068
4580 7739 18394
4144 2075 19535 7529 9857 6852 13529 17122 15169 18303 2075 12865 5005 16949
16368 18997 16204 17881 7734 7136 7319 4578 16261 10644 7299
5910 8382 11252 16204 9926
16760
9279
13529 11606 14738 17304 1190
8685 11770 13241 16760 17294 11606 19136
6335 15559 14871 9541 7180 3604 5098
6335 16682 10862 823 2473 19418 5098
17304 3124 9668 6767 14139 7698 12290 7698 17816
9871 5539 11542 2902 18043 10480 10317 12276
5539 11573 920 7496 13171 15398 17536 3180 6939
1176 10519 9668 579 12396 17723 16449 4741
15878 11542 6501 15146
8076 19601 11542 6183 15410
16596 11214 7319 4699 16261 3719 16907 3719 5155 18511 10537 4229 13938 11573 7472 7136 579 7530 1076 2721 568 10709 19131 11416 17593 7444 2346 13397 12618 15398 17608 10416 19135 17816 19145 5496
9756 15407 10317 6431 10005 1465 2612 16736 6771 16810 3865 4337 17729 6431 8382
10961 7319 12897 14139 16731 12865 12431 3717 19131 17816
17975 12276 7412
14139 18438 11542 7752 10804 1643 14671
10999 12414 19609 6771 17683 11482 19654 14671 579 6339 16261 10317
8543 17683 6183 19278 18303 11292 19488 15542 10081 8116
9249 661 6338 11542 568 13159 568 524 10317
17683 5540 7319 14118 10278 5098
4500 10974 11957 16744 4181 1620 7118 7180 8413
9756 19474 3012 10057 10402 10473 12788 14979 10462
19601 11542 6183 15410
7979 5508 6448
11542 7530 8382
1211 10056 5257 1465 8503
19138 8028 11542
6174 19603 11
295 16410 14228 2364
7526 11416 1620
2754 7585 686 14449 11542
17683 7747 16908 19145
19599 16478 11573
17720 19164 10709 7299 16478 11573

19725 15911 8503 3597 7698 11542
11542 3717 19131 17816
17683 14139 10644 11416 11542
18731 1366 1583 2754
19601 11542 19138 17544 3604 6562
10073 17813 5910
5910 16595 10081 2961 19044 10472 10073
17683 12290 10081 12865 10317 15559 14872 9675 8417
9926 19218 7698 10700 11542 19218 11909
16563 7698 11730
15466 13779 10700 11416
15636 568 10317 9541 7180 11173 3012 5841 19159
15612
18311 11080 11542 19418 8185 7343 19582
2961 10644 18716 16999
11542 6225 6338
6768 5084 9668 19218 2733 1190 14385 4764 13338 11606
8784 13191 568 13159 18542 7215
12726 9541 7183 8629 19583 1881 4346
15559 14872 4191 14835 4500 10974 9675 8417 9568 1743 9541 7180 18227 17154 1190 8929 18227 17154
10709 8528 15521 13072 6397 7530 8382 10386 14738 7400 16914 16270 11542 10402 2058 6201
8396 14196 5910
8784 15407 10317 7698 12276
7894 4406 8503 10389 13159 6732 18850 6732 8784 19583 19418 5910
1757 8784 7319
13502 18716 6771
18910 13046 7412 11542
10028 1453 922 10644 15830 16729
15428 8106
2129 9490
17939 8765 8784 13365 9969 3346 16264 7344 18268 16261 3926 7412
19278 19088 10317 9480 2730 19478 19132 14450
5971 16044 6787 15559 14871 4170 525 6675 11322 1979 10276 4302 13408 17384 10041 8711 6255 17474 17467 17386 18980 19733 612 11173 12992 14719 14870 10276
7136 12 7366 7506 8413 14474 19014 16231 15732 18771 19014 10041 9008
6257 5841 19160 17930 6464 2671 9668 10015 12888 527 16943 15559 14871 6939
2754 15398 17479 10317 2719 7698 6771 19164
664 751 1985
1583
1583
1584
11542 7747 301 11134 15284
12058 15542 5386 8871 4250 15284
6174 15922 7698 10073 19365 11542
19136 5303 9213 11542 7526 16261 17122
5383 15559 14874 13607 11542
12929 14748 11247 19418 13606 11542
11961 3082 6771 10315 10151 17114 13159
9926 12865 18125 15559 14872 10317 8980 10680 5910 10121 6680 10317 10679 7287 12126 11542 16885
934 6675 3131 6249 14671 11542 14174 12618 4302
1171 6812 18099 7319
9756 19136
19131 17816
12276 19601 11573 6183 15410
527 7698 2903 1583 12429
16760
16760
16258 19664 17680 12667 8382 5520
3717 11957 15496
1879 13672 11606 2754 16566 16278 876 19302 8106 19601 13046 4202 8503 16448 10472 17816
11542 10414 11730 568 12030 5803
7319 14063 5552 5552 11863 10245 5557
4974 7654 15409 10317 7082 12122 15856
11542 2721 5910 14139 19087 5910 3597 6592 10056 15406 10317 11230 9756 19278 19164
19131 17816
11542 7319 9668 6174 9668 9756 12762 17199 18729 7446 14274 15506
15410 11542 11727 2537 4202 14114 15398 19601
19087 16744 11542 11190 19145 8580 3047 16261 3630 18508 12030 2730
9756 6677 2396 7680 6193 11292
17683 12865 16744 7654 15398 11573 10317 13611 13606 13695 11573 10317 12748 5615
7353 10641 5384
6830 11542 19549 19583 16596 10317 11542 8800 7698 19164
6646 7343 3287 15398 9871 13639 18099 2754 13607
7822 11542
6335 15559 7233
8413
11482 7587 1643 14666 11812 14106 15435 8309 2272 16744 18705
2754 14666 11542 12943 344 7769 5954 17416 12613 4878 9756 2902 15215
9756 19136 15496 8707
9926 1643 14669 10320 1216 5910 6193 7068 1328 6771 2075 19353 1162 7859 19595 17720 10709 277 12171 19448 17387
13235 9711
10537 15559 9541 9677 15033 11573 19603 10709 5719 15398
10537 11542 8167 8172
1909 8382 14064 4291 14671
6771 12540 10472 7319
10317 568 6771 5971 6787
6759 13861 17889 12276 6771 4169 15559 14872 19455 3589
15733 6771 5432 8125 7319 11409
10698 5101 6675 11322 8382 14064 11499 13332 4292 14584
19545 15169 6771 15169 10317 6361 7319 11126 10472
17683 6337 1848 10556 10804 1643 18595 6787 10644
13885 6258 3601 10917 17816 16744 19145 3602
19136 14787 7698 10577
7122 5985 19136 15322 17881 11169 10233 9756 13235 11542 6225 6335 15559 14872 17544 3604
11957 16744 10081 12321 15217 3432
6201 11542 7822 16760 568 3604
7319 568 10317 9541 7180 15559 14872 9675 8417 9568 1743 4500 10974 4191 14835 13159 12276 11542 9756 10706 6010
10318 3604 17059 13072 6397 19418 10537 5910
14196 11542 6198 15496 8707
10317 6198 16739 10350 19136 920 18303 11450 5628 14314
24
2754 1909 568 525 11542 579 527
12276 2007 5727 18173
12337 13412 5508 8863 18564 7199 5520 15060
19131 17816 14118 11542 18227 7526 14139 5523 16601
9568 1743 6338 3630 9966 7299 17816 15559 14872 19407 12727 9541 7183 8633 12726
16993 14050 8464 2000 1190 1883
12058 9568 15559 4885 15695 9541 8629 14527 923 7233
17889 11670 1687 17889 1465 17154 5910 19583 9568 6812 5552 17063 5123 19164
947 5910 1643 6771 6335 12608 10084 10318 5841 19159 13159 5841 19159 3719 12091 934 3597 6536 568 15919 5005 3058 17393 934 6771 15794 17683 17549 565 6174 5917 2058 17946 19365 6771 17946 6540 9871 6787 5098
3630 15247 13072 6397 15247 3604 1120 16735 3604 2013 2783
5065 6167 7683 15559 14872 16592 15559 14872 9568 1743 9541 7180 9675 8417 4191 14835 8610 568 13159 16735 3604 19624 3411 5105 1190
11097 568 18227 17154 1192 6177 8497 7183 11863 8629
18228 17154 9300 14360 3597 7001 10706 9356
10402 15861 568 13159 11542 1180 604 13936
3604 7529 16556 16264
13191 12596 11542 15165 7768 9800 8558 16760 16267
19136 6540 13072 6397 9871 3604
1133 17663 2007 2570 2007 5445 2007 533 5105 11573 8503 12197
12337 11203 10402 2058 1995 9756 10317 11542 15559 14871
10318 3220 568
934 10318 10644 568 11542 13152 13529 12396 1643 3220
13191 18273 7526 1620 16929 934 7698 1011 17110 2912
11542 9815 10081 6007 17771 19365 11542 9467 6771 10402 14387 13690 12936 13591 1909 9756 11802
5971 5917
6540 568 6771 4684 19136 11542 7918 5098 14139 3876 19145 18290
7698 1757 16760 568 13159 6476 1190 12166 8633 12726 16470 6137 6264 4340
10804 10207 14274 15594 576 7800 12969 17253 14274 14039 8538 576 17680 17982 8972 10688 6771
12431 16760 579 13941 7698 5971 6771
13099 16470 5241
527 934 18789 17162 15577 568 10402 5818 17312 12707 6771
13462 1982 4940 16760 1982 16371 5711 8862 5917
19138 16604 11904
6852 17720 7680 14139 7698 15401 568 6771
13591 14139 19130 11606 16760
1758 3612 1190 3068 6182 14105
7319 11409 9756 10519 15878 4973
4500 10974 8162 7319 15911 18199 17784 14139 7529 1115 11542
9675 8417 5349 1173 7698 15911 11418
6478 8707 15409 14462
1909 17683 7529 14040 15132
176 9738 16813 19136 14278 7588 12365 15584 11084
2058 11775 12240 8164
15559 14871 10056 7319 253 19723 12240 18944
920 10317 7979 15003 7698 8791
10317 18721 11657 2075 15034 11542 15911 6631 1687
5346 17277 9926 5803 15170 8322 277 16593
10958 12356 7585 1120 19136 11542 9756 13856 17889
15559 14871 4168 3487 1013 16593 164 3604 934 16592 9568 1743 9675 8417 4191 14835 4500 10974 9541 7180
14871 2912 13152 19407 565 15473 1469 7183 12726
16278 18227 17154 1190 6476 4765 6745 6387
18227 8312 10700 15947 1849 5023
11173 3012 14708 12788 14979 5841 19159 12429 934 1208
2912 7319 18730 11884 15398 17889
14196 7698 3604 9871 16478 7536 6327
15169 6771 13529 6272 18542 1238 13339 2527 18690
8784 568 13159 1192 15571 930 10081
7747 11606 17720 7680
5910 12204 11368 3604 533 5105 8597 6771 19624 12276 18542 6919 6771
7335 8570 10700 6787 10317 568 13152 6230 10706 14139 7822 12344 7822 3604 7682
10151 14139 2469 15881
8643 9468 17720
11542 19488 6927 1363 7698 17816 19136 7233 9756
5743 19164 6771 19603 2680 7291 13544 11542 6872 7785 11542 3539
3134 5098
7771 6771 3604 18544 527 18970 5711 1604 11657 1604 5067 12504
19568 4850 6771
10999 15542
1585 12762 8803 13588 14738 5719 19737 15410 9708 1185 9871 3604
2754 15073 14666 6771 1176
4117 17329 4907 8803 15217 9541 7180 4500 10974 11242 17775 16411 16907 8784 13159 19358 8634 16270 15559 14872 15162 3158 14738 14133 13240 6296 15902 13239 12154
7655 6771 435 14738 13341 1173 15073 4291 13240
8413
10700 15895
14666
9756 19086 15170 16266 7053 14139 10485 10005 9260
17683 19583 16600 458 9871 16907 3604 19598
8413 1176
277
260
10317 14671 11818
11542 13529 7319
10077 16121 10804 12725
7927 11542 797 18005 19750 12865 7747 8675 15496 8707 15398 11542
10317 13072 6397 15559 14872 7472 15398 11542
15895
1176 17720 11542 13529 7698 7319 1190
10961 17946 12725 10709 7299 3016 11573 17720 2474
10317 15559 14872 7472 19131 11416 11542
19603 8675 15496 8707 17683 19603 15401
19365 8784 11542 7822
6693 10402 15045 10171 17608 7299
7747 10519 10084 11542
12865 7654 11542 12479 6337 19418 10155 5098 7654 19088 10073 12318 11247 19418 5969
16529 14871 9568 9675 9541 4191 8413
5841 19159 947 14878 16094 13529 7319
8277 14759 10481 7698 18730 13152 10698 14878 11542
10539 19164 3068 13154
15410 10804 13536 18896 17137 15398 11542 3082
3602 7526 1982
10684 2912 1982 17022 12276 1120 10974 14871 7180 8417 14835 1745 7526 4229 1768 17889 17680 7680 7526 10583 8415 7319
11542 5097 15922 11407
7136 10081 8116 6693 3690 6352 15398 10804 18898 16701 5785 10084 10151 15573 10155 15692 11450 16059 12251 2200 13155 1120 7654 9756 11203 19573 10656 12276 17816
14871 19654 12721 3604 7492
6564 11670 15398
10539 17059 17059 10549 16627 1568
12030
13046 4202
7979 16128 9661 2730 4206 15324
8167
7442 146 3092 577 19005 11
6758 7747 294
311
2754 9756 17683 12865 14059 8382 568 579 15398 11542
10537 7979 6119 9675 8417 15559 11173 3012 11542
6812 6224 19568 16990 2007 17816
8570 7526 15398 7822 11573 4262 7343 14064 8382 8312 5231 4202 7698 19573
8570 3597 17059 8827 3360 8855 10961 405 7086 8589 11542 12276 4547
11542 7022 13191 16595 15409 13673 11884 3604 868 9369 1191 19804 19302 3630 5910 11542 7677 2317 7529 4138 7319 11409 16595 1879 11542 19603 9756 19136 223 6771
527 10485 10317 7231 6047 568 18729 14118 11730 14139 17023 5743 7231 7319 11542 500 7655 14139 10485 10317 6852 6771 5078
9856 19136 11542 7927 18797 7472 1497 19418 7526 14198 6771 5743
277
285
4862 1
12276 19601 11573 6183 15410
15860 8871 9756 14059 11542 15170 6183 10318 11542 11480 9926
934 10317 8871 1169
17513 10358 14666 8111 405 9800 9756 15755 15895 11573 11573 11807
7698 1643 9756 8589
11542 8589 15895
19720 8167 19211 934 12058
17593 8871 16907 17679 1011 19568 12408 10358
10056 17816 19418 3630 1620 9628 1173 14671 9111 1173 9756 10709 19647 11978 12058 6812 19164 4719 16907 486 18725
19733 14666 14114 16938 8167 8871 16907 11482
17598
