488
11542 2317 10207 3880 10155 3287
15337 13443 13241 527 13283 1009 568
1103 8174 8589 4013 12458 10481 10317 3124 8043 4106
1689 10684 18914 11542 9857 16456 15375 6201 7098
10317 15337 19650 19087 11542 5910 13918 13341 13235
565 13159 11297 1213 14055 824 7541 4536 17322 7526 1563 19601 4578 13500 19601 527 6183 15410 2754 17499 527
10317 17312 11737 4363 10528
2093 1213 14834 7529 464 1783 2969 8382 17442 16889 14173 18050 9926 18721
14834 9756 12381 4038 11542 3587 15977 19737 2537 19167 7587 1568 2969 15569 17114 2956
17939 12276 19221 6804 19136 19365 11542 6685 1370 18290 7747 5237 10371 1923 2675 19145 12625 5526 6141
9926 12865 10482
16277 2317 13191 8495 14738 16760 10358 9756 11606
774 11818 14671
18438 1173 1689 15073 6750 15221 19715 2317 8103 1785 9828 1377 9955
7747 16011 1306 10317 146 5325 8559
14149 6366 1174 7526 1620 18716
9871 5640 13571 2699 18278
13257 3597 4512 15581 10317 7530 14114 12671
2007 11063 6750 13256 7962 1643 7979 7962 9756 10233 13256 1825
17323 4578 15217 11812 7654 1620 527 15247 9756 2642 10081
7677
15161 11416 19043 17813 3612 18884
9914 14748 12321 15771 7733 6156 9914 8156 4788
2437 7101 1771 17250 7680 6053
12154 1879 6771 10179
6478 10539 17683 1965 11573 4512 9917
429 10539 7592 14139 8694 1783 10335 15319 17816 6771
3621 2281 18314 6549 10317 16094 1011 17816 579 15398 1783 19365 13235 18166
5917 7016 15175 12276 13256 18009 10811 1689 14139 1575
5917 12882
11542 11334 9664
15170 1783 6543 6119 11947 6543 12882 18166
11606 15170 17411 4549 11606 10171 11565
11606 6255 5100 18914 1827 6869
19488 4022 533 15798 930 18043
1783 16871 7694 10547 13960 1696 12058 18303 7582 14958
10684 18914 16993 13190 1689 4557 576 9756 11292 8215 1643
7074 1540 3396 1445 2238 4239
6053 3787
1785 9195 12865 9756 2093 859
17411 17446 5349

16907 10233 3130
1643 11542

5098 11947 6452
3158 19164 5917 3821 18537 3082
4935 6223 10634 3124 7101
16041 17816 533 15530 8117 533 8857 1667 3936 12947
4899 8855 12742 7023 3068 17329 1783
7680 16000 11877 13656
13490 10740 17683 16889 18204
3958 4590 6826 11542 16261
9926 1982 19654 16889 14738 12 10350 3643 14987 10056 11904 13730 7577 8161 17304 2832 12276 1120 5523
14748 16595 11542 19418 5683 15371
12936 17683 1965 3787 6183 15410
12888 565 11542 12490
15169 11542 17720 1103 8174 7698 2956 11178 12963 1982 2129 11178 1568
16371 5711 972 18375
15170 10537 1785 11863 18013
15410 18745 10953 17608 10056 11904 7680 15398 10953 19603 6348
15006 146 8627 262 11292 6693 10317 214 11292 19087
12 16593 5985 7822 11542
14196 11542 10549 7654 15398 3291
13191 17978 11978 1879 5910
6174 18227 10700 1907
9926 17057 8338 11542 14118 19583 16701
6693 11542 9228 13779
10317 15173 18438 1173 8104 19583 1306 2832 18438 7680 11542
5910 3189 13191 19302 19086 8102 9756 8106 10656
12073 14104 18268 12073 2238 15333 146 11292 7409 2504 16434 8228 14933 213 13851 18696 10317
9756 2317 10121
6174 6755 10005
1689 1783 17114 146 1965 6752 19583 6750 10317 4138 5523 4161
9516 3043 9828 2671 17816
1909 14060 327
311 17881
4512 9917 14782 1982 4512 9917
12276 6549 13459 1783 1881 17410 6812 11606 10537 17411
1783 6771 19418 6183 10911 17410
16474 853 19733 5910 14565 14551 1783 1881 1883
17736 6771 13029 10205 16819 2480 16625 9239 6193 15496 12504 1258
12882
6481 3454 2938 6395 11792 16595 4279 10452 10537 15217 11409 8099 19793 15284 11795 7011 568 15319 1125
6174 2013 13907 4512 9917
13941
9756 15410 11542 4661 5098
17683 19601 11542 15410 19725
14139 10318 13538 6771 4512 9917 8263 10164 6554 14878 9664 6771
14436 4512 9917 15033
11132 13191 10454 6621 16217 3648 15041 12291 3317 7748 17435 19594 19466 19472 2969
17162 11416 1482 4243 6771 10485 18155 6491 6347 6771 10700 11670
18721 11416 9249 13191
9213 11126
9756 7086 11542 15161 11416 17816
7680 10274
6648 11542
11999 17683 18167 17690 12276 952 19182 12281 12707 213 16420 213 10933 14681
8643 11542 9450 12339 16854 11947 1783 18166
11947 13730 4302 14748 7680 3068 1689 17560 7822 13132 7286 4896 3317 7748
17909 8132 6254 14878 12276 1965 14882 11542 5349
14519 10519 527 6448 7822 15319 13497 8884 10706 6675 9328
1103 8174 596 4828 2956 3068 13319 6251
19737 8775 2710 3247 1675 14507 14878 1783
19365 1441 7748 4233 11948 5068 6771
4512 15565 4515 4512 9917 613 10684 17628 16775
1965 11542 163 11947 17593 17058 18166
19145 4512 9917 14782 3785 1165 2754 10700 9829 15526 11947
6771 3925 6201 2474 527 14082 533 19583 12284 972 3296
930 8116 10700 15521 6771 9756 7698 5985 8452 10700 15521 6771 19418 952 14417 1965 8908 9633 5349 11542
1879 5910 1833 5851 15221 10317 11374 6750 13256 17781 14781 1783 13571 3059 4865 4865 1770 1770 18005 5910 859 2537 15398 13588 10056 17816 9926 10644
13191 7698 18593 16760 972 9756 10317 4512 9917
11947 7822 9633 11542 8675 6337 11542 4302 7025 8675 16976 5626 15521 4512 9917 157
2956 14878 2013 17720 5934 1843 1785 12721 17909 8133 1689 10480 17552 11086 3976 12934 2058 9667 759
9692 7731 14878 934 2013 10485 10317 18043 19749 4054 11863 1783 15148 11947 15794 18716 1783 952 19442 6478 2537 19167 10406 10644 4547 12504 7822 11542
15401 4512 9917 6337 13529 8382 11542 11573 6490 11313 10578 4512 9917 14782 12276 11573
429 10408 6337
7698 11542
13529 11606 6201
527 17946 12022 11542 6198 7698 9633
533 7822 11542 7822 19488 533
17909 8132 1689 12276 17554 18917 6183 15410
10323 3082 16760 6201
12276 7865 12865 11203 4512
6174 14118 9467
5910 10539 11542 14196 6198 6174 17718 7698 4512 9917 16701 972 11542
4512 9917 14782 12882 15521 10903
3256 11947 17939 5016 5068 7003 2537 19168
11542 6765 10523 5856
7822 3082 4144 4972 7698
12889 9027
1139 11542 3009
19136 6053 7529
12936 17683 4512 9917 18166 7824 18166 17816 11542 7587 7824 5917 17816 11542 8450
14416 15401 17747 19138 14569 5636
17593 3256 11947 15931 10898
17122 13235 6201 19656 11948 246 9204 18166
9756 7680 594 18303 10698 13593 11542 11 4971 1499 12903 2629 16317
10804 17830 8784 15073
2200 1620 11623 17830 16701 17680 8935 18438
923 1692 1499 6174 5023 10700
14132 6588 5867 1499 14852 5707
11606 2343 6071 10644 11606 4971 18532
16463 146 7144 17830 10056 214 11292 16258 2482 9857 10151 15542 8735 14528
952 11802 19647 9871 7160 4886 553 1843 12154 1115
146 9486 10539 11542 6876 5910 11948 2474 10899 18959 3068
19568 6397 6693 19145 4512 9917 14782
15496 8570 6174 5171 15949 12276
15496 14381 18166 7654 19164 18165
15496 15062 10056 1783 11542 11947 7176
5751 9702 19164 11542 9815 9276 17771 19365 146 8658 262 11245
15170 12276 19565 6771
6053
3082 3719 3731 12276 1120
6119 1420 1675 8174 8132 2708 12889
4684 7680 12276
11606 8675 6540 1783 920 6193 6468 7496 8116 17816 7530 3719 1893 6771
10706 11349 10519 15526 18156 12601 11606 16760
14148 6852 18303 6787 18166 1783 1881 4512 9917 19575 11499 7003 12276 3005 16760 18914
4512 9917 14782 10804 11863 3082 10804 16760 10358 9351 17899 6771 10514 7001
17122 13182 533 6335 11947 16809 6562 16322 10917 3612 3082 6771
2912 6816 9633 15337 19573 6771 7676 19418 13588 10317 6771 17683 18210 6549 1783 9926 8450 3082 19418 19545 11947 1783
10539 6771 12882 5917 4512 9917 18166
15735 9756 12882 1783 2129 1771
5910 9692 7730 19278 1773 1848 11863 8338 15794 1783 12929 17250
1721 19544 1173 17718
9926 12415 11951 16312 18966 5711 6174 17683 15779 7752 590 15324 11939 1013 10961 6174 1965 13036 11952 533 6787 1965 13036
6174 9850 3220 1565 16907 9947 16688 1825 1103 8174 6631 6694 2674
19544 12030 11603 11542 1565 1013 17466 3220 1565 19544 11 277 1565 19455 3220 11542 574 533 1103 8174
11542 4861 7747 7529 7291 24
10539 10056 18303 11573 6339 12882 3787 6057
11573 6554
11863 3082 19255 1690 2093
9771
14834
3256 11948 11542 527 17953 19087 15398 1691 7698 9665 17909 8132 7822 9633 6119 13018 11754 18981
3247 1675 17073 18542
1103 8174 11884 10485 16131 8615 9901 14878 4750
568 11475 7204 7729 12248 2707 10830 4109 17109 7822
15221 7442 18716 7726 10317 12276 1783 14633 1772 8099 19793 11657 952 6053
6680 12882 10317 4512 9919 8263 10164 13794 12276 16054 10558 10056 11542
16371 5711 973 5803 7822 6804 15148 3787
11542 6053 13700 17816 14781
2537 19167 6467 7694 327 19725 17683 10517 17985 10402 8309 1689 7748 10709 9930 17816 4512 9917 14781 8751
18508 8751 10402 11606 11542 6448 10402 5100 11606 7680 5401 14064 2474 6771 8116 3679 15375 11542 6431 7698 6771 429 972 568
1689 13319 18914
15902 6554 6771 7585 344
3256 11947 10644 17934 7822 11573 12748
9193 11075 13517 8988
14194 11573 4512 9917 18166 3925 1783 1881 4512 9917 4512 9917 14782
13438 17411 12030 15755 7822 17411 6242 6337
6852 10358 11542 13032 14748 10171 17410 9619 7728 17329 8156 4788
4420 12276 7824 12321 15221 6183 1388
10142 4788 524 9802 11374 3922 13571
17680 16595 7654 1643 2537 19167 4621 11670 13856 1620 2792 4164
16760 6010 9803 5461 6026 11542 16595 6826
16367 5917 11542 6554
15398 3630 9756 6911 7491
6053 3787 3256 11947
11670 15398 11542 12 12
6852 14666 19086 15895 17411 6053 3787 17069 11542 6183 15410 10207 4512 13514 13538 2145 17410 2587 16760 16075 11710 4862 11623 18898 3336 6193 1371 6592 12597 17410 9756 10317 1881 17544 16760 17501 17085 6193 17057 8338 11573 4740 13672 15148 5917 10156 7267 17411 3721 7822 18165 11542 8450
6804 10317 17593 3256 11947 13320 1783 19164 12276 6183 17720 13341 10709 12276 1965 18166 17816
19087 19647 9756 15398 8871 14522 12 10358 7677 12030
16261 6771 6198 6119 1783 6549
10999 3244 11947 17422 18155 13171 6198 15410 6787 9926 7747 11606 9239 3292 10537
14894 14118 5445 6677 3965 6852 18303 11573
533 6549 19418 5027 19450 17443 19418 5027
6174 8428 17094 11542
19090 11542 6549 19418 5027
17683 6498 15170 3244 11947 6549 19418 5027
6174 6620 6771 11407 7416 4973 11407 9756 7280 4874 15398 11542
9756 15398
8167 11542
9756 14139 14139 14139 8167 11542
6201 6010 14921 13888 527 6670 1965 13529 17122 3247 1675 7587 15922 19601 12888 6026 2834 11126 11542
17435 1180 1783 10510 10706 1689 10551 13827 5315 6107 7228 19813 17322 9756 18273 4158 19488 8547 6608 3330 13538 11573
13588 14234 6481 11542 3296 527 5349 7430 12249 9692 7728 10250 14588 2912 11035 1965
4512 9917 14782 920 6201 2754 17038 15173 3256 11947 17720 7526 1568 17720 19659
12226 7663 11542 1575
972 5917 17058 18166
11542 7526 1982 16760 2912 6201 9756 12882
12276 1982 3243 1675 11542 17316 565 14139 16371 527 15977
3831 1171 8167 11542 12276 1965 11542 762
12337 1965 533 11542 163
4144 5067 17058 16371 5711 11542 10706 972
2145 11542
11542 5383 19136 1965 19723 4861 12414 10151
11542 6201 19086 19625 12276 1965 6771 18165
6562 1643 7979 7654 1689 13529 11606 6065 3068 18314
12936 6675 18917 18166 10706 16371
16760 7822 5946 7698 6174 14132 15007 146 8627
10317 4512 7874 1053 533 11573 11670 19136
934 12026 19136 6852 146 6787 15540 12431 16889 11203 594
19626 6201 18166 1125 13529 11606 6193 13907
14355 1620 6852 11542 13941 8945 19145 12276 13588 18227 1965 1689 8942
18981 11077 16622
6174 10317 1783 11670 19136 1689 972
13705 17909 8132 12699 12888
4512 11904 14782 12276 11264 6631 11542
3246 1675 17909 8132 3355 15787 7822 3658 14882
6584 15221
9756 2474
9664 8116 6812 18210 14797 1783
1689 7822 14139 5971
19138 11542 18303 17742 17816
7696 19136
7822 16760 15046 11274 17513 1783 11573
15398 11670 15398
12058
14139 8570 14666 8310 16258 18407 11542
19541 11542 7822 10537
10830 4109 1101 8174 1833 14139 7698 575
11114 18303 7698
19138 11542 15577 17830 10056 17816 19138 16701 15946 5683 15371
11947 2474 5075 19204 6193 15217 17889 10706 10480 11006
947 11542 1989 146
277 8627 15217 11542 10485 13110 9756 17777 19488 11005
5931 12240 297 16916 1783 4421 15841 14834
15878 16907 17957 1785 10175 1180
2730 3124 8879 18758 9867 11173 9797 331 348 1783 11573
15542 1304 11599
7208
11947 17310 1783 1620 4512 14931
9144 14124 16760 14152 15643 1848 1843 2481 7184 11232 4810 4512 9917 16784 3621 2272 15319
11948 1783 18166 10903
6876 5910 18166
9664 1575 1689
7654 19136
19136
6852 17679 12035 9473 7747 15947 11545 16861
1989 11548 16760
8571 14318 13416 10740 10882 10056 252 19725 15003 5320 4054 3113
19145 4512 9917 158 1843 5114 1783
19145 4512 9917 14783 14133 7663
16266 6273 10245 4312 10340 6361 11606
8106
1783 11997 8685 9199 18716 1366 9608 3245 17304 15930
1008 19486 18716 15797 19164 12884 13835
6002 17608 10317 18324 7979 213 13913 11247
145 1604 19603 252 19723 7406
200 12454 10056 12276 13529 17992 12276
6804 5910 11947 1783 15068
12276 17679 19136 15922 18043 11542 13841 13529 8116 17718
6273 15991 8382
19145 11542
7698 4512 9917
14152 8263 10164 7698 16760 12707 3724 10056 12276
9871 16760 2587 10667 3396 12204 10402
13220 12707 4573 3082 10056 12276 10223 17816 2583
9279 6276 12707 5917 7587 4683 8428 11863 15540
16595 6826 7822 11542 10278 19136 1965 6787 12276 13538 6787 19164 7698 1783 18851 16371 708 13155 15433 19547 3082 7698 6119 13538 6771 19407 2828 3068 972
5075 3256 11947 7822 5075 11573 19418 7698 12707 4296 6771 1879 5910 17683 11542 10903
3247 1675 7698 3082 17022 13155 13110 16258 5803 17017 17683 11863 19418 5461 1783 15540 6771 9800 6771 18166 5910 17683 16541 7148 6771 13341 17742 6787 7898 11334 1909
6771 15170 13941 10657
710 17939 13110 16384 7822 9022 4512 11904
15169 6771 1783 6540 13830 18166 17793 16600 6852 1783 6663 3247 1675 4512 11904 14782
12276 17679 594 6675 1103 8174 10406 14878 2956 6338 934 9930 15465
17720 18722 16888 12242 11573 6174 3621 2279 5192 1482 15465 9756 10402 2058
12504 6276 6771 18339 12276 1965 1783 11573 3597 4547 751
18508 5676 1935 728 13152 11863 1783 3630 17611 167
9926 12865 10317 1689 13154 13319 10539 18914
579 10539 18981 11947 7442
11086 8902 18914 11542
934 17720 13191 11297 17388 6258
4955 4606 4616 4395
17122 17680 11947 5349 19488 9896 15217 1783 2956 12504 18959 1783 6258
934 10317 10171 13340 12318 7343 11573 6663 14834
10539 12396 1783 11173 9797 7025 1783 11573 10171 16321 17380 11534
4850 11542 7822 13617 7822 5067 17552 2912 12337 6198 13856 7822 19573
7696 16460 1173 16379 11542 9756 15170 12157 8675 13617 7822 17315 1893 19609 17690 11542 17881 10180 3256 11947
12337 7822 11542 10414 8675 8751 19481 972 502
11542 19418 15410 13538 6549 15398 2754 774 4512 11912 6820 11542 6174 7822 19573 13856 7822 15221 3592 1965 5711 8675 2570
3876 11542 7822 12276 6562 17946 6879 6174 7822 11542 1783 2942 1893 4512 9917 18324 9926 3017 10999 7822
7654 15398
11542 7291 6273 6387 5683 15371 11409
17804 10499 5927 7822 4382 15540
2916 12882
17137 3082 596
10318 15398 16760 10350 3947 17718
2058 10233 9017 18917
6174 3946 15540 9002 4032 673 11623 4554 8339
7822 10743 9800 568 13538 11573
9443 3048 574 13154 13960
17683 7698 4531 11542 11542 6533 12242 3193
4144 7822 7979 11904
10700 17122 13289 14114
10537 19365 1783 15540 3247 1675
10537 6478 18981 11795 1115 6771
15398 18295 5910 3630 11884 17136
17679 10317 1692 3068
17683 9756 10882 17679 14139 405 15398
565 7822 9633 13320 3068 4890
12276 11573 2754 19136 11623 17830 13028 5016 3450 923 19164
19474 11475 7203 2013 14878 12276
10537 10576
10317 18278 11542 10576 932 673 17889
15401 12276 17683 17816 1783 10808
14139 5971 19145 6771 1783 6540 6693 10317 16261 11340
3082 19656 5019 12401 3628 920 10644 6675 10317 11957 1783 11542 13264 17927
7086 9914 1783 18554 12376 5969 10056 9204 15540
9928 9926 11573 10644 14139 17136 17680 5349 19164 5349
12936 17683 19106 2518
4442
2693
6294 11807 7526 17889
10864 6478 1084 11573 491 6010 10406 533 11573
11812 3047 16278
4890 5169 6771 10644 6007 17816 16410 17608
1783 6787 10644 3256 11947 952 7585 6677 19088 1848 10883 4351
14148 14142 6787
4512 9917 14782 9756 3621 8338 11542 6236 16205 4386 13593 17883 19583
13593 13283 14718
11573 533 972
6750 1689 1783 15794 16266 6515 7526 1620
11542 10804 10278 10229
1120 14148 10537 11542 4518 11947 13321 6771
4518 909 6675 17718 16261 10317 14139 8102 11289 17069
6631 11542 7176 19418 3946 19136 10903 11877 253 17830 19136
1575 11542 9756 17069 11542
19418 7526 15398 14118 10278 17002 14354 13593 2754 7526 9195
1783 8685 8896 17069
568 7442 1965
13191 3719 18482 7587 15496 1161 17816
7822 17816 12276 11573 10317 19136 6533 19737 19418 7526 2310
19603 6193 12860 16410
10482 7129 15401 15886 6787 7343
5917 1982
15409 14824 19418 15410 2373 19545 11913 11877 12725 15398
17782
4442
15369 6765 2007 11573 16257 1366 6174 2013 13913 4512 9917 14782 6680 10317 17062 3703
533 12363 10746 18955 9245 5946 3256 11948 8396 1139 17690 1783 6771 3612 7291 3302 6235 4512 9917 16204 13607 19488 15043 17210 17759 15540 9930
10398 17723 9391 6801 4512 9917 14782 4740 6201 1498 1366 838 6716 19171 11203 6335
6771 7822 7289 6801 3256 11948 7491 14339 2793 4351
7526 19659 6771 6927
9095 6852 18303 11213 2902 15524
6787 13032 327 19725 17410 10171 1783 7694 8156 4788 14417 8338
6852 8028 10402 16069 4424 4069 1689 9351 2015 17737 7748 19737 12596 14139 13032
16069 14748 1620
4890 12865 15073 1689 1783 5649 1496 2956 1575 859 10576 7698 952 533 1575
13593 10274 10121 19654 213 11450 7638 277 11292 1783 6885 9909 10656 9909 2384 16462
852
6885 2504 1620 16838
12504 6771 7698 10233 9468 13856
333
10317 15508 17742 11947 1784
13459 5851 1372 16964 10241 1497 5457 3789 3082 6677 7586 3307 1631
4512 9917 6693 5075 18218 1497 18438 19169 14103 8271 5866 3188 1783 1881
19318 4512 9917 14782 11606 5601 18690 6666 18716 15508 11657
10644 6852 12707 11542 2058 5475 13918 1843 6017 9815 7530 1982 16760 13651
527 8908 18969
639 13470 17076 3082 3724 9279
13191 17718 3372 10644 1204 10892
12030 19659 13298 19131 17816 19145 17742 11573
5736 19725 15911 1783 18784 11904 18270 9210 8338 7281
1409 2094 4578 4442

8156 4788 4512 9917 15042 6201 3656 7728 8572 7823 7698
17816 10274 19575 4273 564 7748 3317 4353 19233 1143 4788 524
6201 19418 3047 1317 4395 2924 2627 11697 756
6562 4491 8643 5834 1689 10883 17560 19379 15026 13132 7748 5495 2537 15451 6311
6174 5353 2792 4164 1783 10958 10911 1689
7822 6540 17057 8338 11573 11947 3048 6026 11259
4144 6771 10519 10494 8495 7618 17304 1568 5683 15371 17758 8244 6348
10539 19164 15895 3621 16760 13502 15319
14139 1230 11948 4241 13500
12276 11812 1575 6348 13 10453 533 11573
6771 16566 1005 11281 7618
6771 10519 13334 19164 2537 1013 17909 8132 3068 13319 19164 14118 11863 19742 3317 13502 19164 19365 6348 16739 5910 6119 2537 3399
8099 19791 13154 19547 12707 7588 10898 13046
14196 6198 19136 19324 10317 3292 6348 7587 5910
3621 17057 8338 11542 4808 10668 10519 6972 5626
11947 15874 4005 14748 10740 2754
6852 7680 11293 17946 17410
18155
6490
19164
3787 2013 16760
3945 7698
1675 6249 2707
6478 2912 15787 3621 2272 11573 2754 880 568 527
6771 10472 11858 6680
952 2587 11410 9756 19088 1783 14630 9828 1689 11877 19221
16760 3724 10519 13191 13241
13191 13241 3597 13191 8495
1176 9756 7526 3616 15938 1620 5969
16567 11542 7698
3787 18166 6249
13593 11126 11542 5921
10686 9756 2317 3719 18375
19164 10472
11795 5985 1783 15319 11499 7529 1377 9831
11012 18917 2789 6201 16980
14601 1783 9756 3612 17854 10005
11573 19090 15221 16091 9426 10740 4512 9917
11542 4885 18156 13729 1645 1689 9756

18213 6338 15217 1689 10431 2760 17158 4283 7791 2649 2180
15878
16945 16069 17680 2832 10223 1632 3180 454 14834 7457 15398 3630 18303 8627 8103 4076 16889 860 2186
5549 5549 5549
10059 16312 963
6201 13852 7252 12221 5023 18438 4973
9756 5183 11126
7025 4384 3346 4512 9917 11542 2481 1120 10903 3256 11947
16600 5068 16904 18966 7803 527 6201 9756 15409 12882
3247 1675 14507 14878 2537 19167 865 1783 17651 6133 6872 14878
17909 8132 16852 6209 1689 6174 13391 1783 7252 6174 1783 10911 613 10523 18771 14878
1103 8174 2956 13529 11606 6876 9762
8643 12276 17679 11340 11542 3100 9664
6209 15409 6488 1568 11542 3680 8263 10164 9664 13538 9204
13191 16766 15337 4974 5609 15285 6076 10709 1120 10903 3256 11947
7822 11542
11542 9756 13235 19136 7291 4547 17197 19418 4360 8597 2058 11884
13171 19136 5969 8494 4547
7822 11542
11542 9756 13235 19136 7291 4547 17197 19418 4360 8597 2058 11884
13171 19136 5969 8494 4547
7822 11542
11542 9756 13235 19136 7291 4547 17197 19418 4360 8597 2058 11884
13171 19136 5969 8494 4547
7822 11542
11542 9756 13235 19136 7291 4547 17197 19418 4360 8597 2058 11884
13171 19136 5969 8494 4547
3256 11947 16670 1620 5078 3031 15521 1783 1881 6815 17870 17069 3630 6464 6464 7824 11833 5465 9664
3247 1675 14633 14878 1783 10655 7988 17310 14878 13960 4544 13154 9789 8512 1783 1881 2503 11528 16583 8263 10164 5353 7540 7606 9664 10708 13539 19594 9512 11889 3018 14908
9756 1881 1208 1783 10571
9541 7728 7430 12247 5247 1484 8156 4788 372 5670 10709 8226 17855 1788 4273 5767 10768 19470 6742 13217 16815 7748 3317 3717 3060
9560 2560 14957
7822 11573 13389 2527 11542 14878 1689 17909 8132
1843 14878 12276 6631 568
4512 11542 19481 2730 11884
19046 11863 12707 19481 13588 2479 14834
19043 15398 19737 9756 14139 7698
10318 12707 16540 7747 2183 17720 10317 10519 11573
19722 7586 11542 16261
11670 15170 10317 13538 6063 11858 2183 1568 17683 12707
7822 2007 533 16760 10350 7086 10708 4107
7586 12276 344 12
12276 7747 5854 9400 13538 18303 9205 16701 6680 10317 9988 14118 16951
8857 12175 14678 14465 11863 19742 6085 7748 3199 11542 8493 1620
10233 18716 15398 859 10576 7151 8081
15398 2956 7401
15398 1783 14139 5005
13591 8503 11573 6119 17069 7496 17162 6646 870 10040 13312 1497 906 1173 14118 3869 8102 16760
15073 5349 6198 16701 10414 6198 8111 8428 18133 16197 8900 1692 14327 10171 3317 19583
4512 9917 16660 14748 5068 8885 13299 1479 9213 2585 16976 7680 6174 11947 1203 7747 3515 6682
15636 5769 7822 568 7822 16371 5711 4232 18213 7822 11542
