487
4540 6810 588 16696 10049 12050 5821
6809 10746 14644 19659 4910 19659 11409 5709 4900 11699 17168 16760 11340 7576
4890 3001 2272 11112 7638 9213 7526 18577 7800 14041 15221 9736 16766
11795 6026 2912 7585 16943 12889 12717 10684 3068
10806 14923 10223 1907 15085
7412
1909 18584 13046 18099 10743 7526 11952 11623 12415
15636
17749 8240 19547 2272 18080 12396 17207 10644 11542
8738 6549 7526 7654
6338 12268 2754 7092 12267 2153 702 2981 7092 3047 5910 16760
1120 8503 17687 1982 1520 6725
12226 8102 7822 2279
5552
4144 19418 10700 1120 1120
19418 15331 11877 18303
12276 2754 8863
8643 14196 15398
10700 17122 19194 17203 3515 17771 11542 19458 9926
19145 6810 14405 11606 10317 4713 19013 19546 5075 15902 5872 3021 1343 17083 1000 5954 6467 17207 12290
934 19546 8503 7529 1568 10245 7886 1341 13116
11900 1270 12340 11670 17124 12478 6771 6810
14405 429 4239 5719 13856 9079 1201 18578 18402 6625 456
6174 2335
2754 17683 6809 3958 10700 6771 8793 12341 18729 5954 10028
6272 15398 6811 18849 6816 11542
6431 5098 19145
527 7698
11670 15170 15337 18126 16286 12396
15407 16132 12396 2058 7053 13115 7526 16760 6974 6596
17003 15835 8503 14407 930 7698 11573
15041 4910 6629 15732 16889 10987
6201 11542 459 12669 12396 6255 15337 18126
14416 10233 14748 12276
8503 14399 12276 16985 3680 12396
14407 9983 401 5854 3844 3082 7656
2058 3402 17446 18123 17718 16258 2007 8733 2799 17390 15540 16976
15636 8503
7680 19136 7576 5436 17390 6771 19136 17207 18849 2730 159
17207 18849 11606 1982 7698 13191 4944 3068 4944
7654 18324
15033
18849 6335 2239 3473 10979 13616 13113
12762 18324
15033
1498 5930 684
18324
15033
18849 934 15407 594 18936 15599 15217 19488 4943 13191
17207 18849 1982 17168
934 18324
15033
18849 8589 9633 4943 16760 8144
5910 1909 12618 11416 15398 11542 18324
15033
18849 18213 10226 13888 17207 18849
934 18324
15033
18849 2058 10223 7739 15598 6368
14106 2272 14139 10482 7129 15401 6771
13275 3226 1000 17207 18849
5910 12357 1000
13941 10318 2272 18508 15073 6771
6852 17679 14139 1114 6511 17207 454
8589 10644 17232 16963
9926 8935 6771 6201 2272 8643 8928 17680 10171
14601 11208 1013 10379 10480 14063 15634
17680 18895 14139 9926
579 9756 10317 3082
934 17680 3719 5016 2272 9756 16054 8309 6771
18438 6771 7747 7698 14671
9756 8570 17207 18849 1982
947 12058 13941 17122 19086 19136
16312 11657 19488 5383 19601 19399 5930 11511 13036 7068 5335
2721 17168 16316 14740 9069
11945 2721 11657 5236 4971 10709 8935 8239 9209
6208 568 10473 6812 11802 16364 5230
17124 17394 18050
1848 11996 11629 16085 19570 16367 16221
15221 19346 17982 9008
19725 771 1471 8496 3782 148 10740 3238 2329
12276 13048 17982 13024
18438 6193 19565
6287 9983 4999 11945 2176 16391
7068 17207 18849 9098 1982
12396 11084 16251 8165 9961 11542 17018 13191 19648 19647 17207 5954
1879 14997 5954 18849 11084 16251 8165 9961
17720 8503 8784 11542
14983 7698 2272 7698 11542
9926 15398 11542 8675 6540 12396
11542 16596 7588 6677 10317 19145 9541 2249 11542
3082 13115 17680 17207 4144 10644 11542 6511 16471 5954 17771 19365 11542
11542 5101
17009 2677 14449 17207 11542 11084 16251 8165 9961 19136
8570 10700 15375 11542
12396 18849 7576 5436 17390 159 1965 11542
11990 14036 16701 1982 574
13220 1000 18849 10379 15087 5084 6798
12396 6771 3360 11884
19733 17392 11398 8018 16700 2223 13053 3360 9249 11884
1000 18849 17982 10644 10480 10317 16087 13714
1002 16677 12865
6174 4494 4191 4631 14878 1982 11173 12098 579 11173 12098 1982
12865 7654 7526 12396 159 18849 11542 5591
12276 11670 15398 18849
19138 7576 5436 17390 10056 11904 6852 17816

11340
10472 16069 2317 14139
7799 11852 18278 7930 19138 5692 18849 16701 15398 7340
4494 4191 18730 6911 15435 11340 7340 15161 1120 17816
14923 10806 12231 9633 10379 17113 17720 19145 11606 15413 1076 4491 3068
5100 19565 2754 17683 4850 6771
12058 639 14106 2272 19737 7747 14748 15398 12396 18849 19737
7927 4420 15221 11670 596 10519 8900 11542 19138 6501 2100 9279 12540 10472 5100 5719
2007 6540 4540 6810 11573 12286 19453 4540 6809
14925 10806 10911 11988 14036
2094 565 19164 10684 3068 13315 5100
10700 8018 16919 10700 7299
7749 10480 9011
11334 2075 10377 6437 2536 4515 7654 8018 3562
15982 16852 12934 14519 3068
4540 6809 5075 13131 10700 15521 11812 2479 8675 3047 14923 10807 5795 15086 7526
934 7923 18801 14878 10835 4124 12707 12396 11542
8180 4494 4193 6925
2754 14250 16261 7698 13298 11542 8452 159
10318 213 12725
8570 8503 19042 17816 11416 14408 18303 12725
8928 17679 2754 15170 9756 15398 12396 17207 11542
12276 13732 6677 12396
6201 15284 6771
3368 17501 16760 18849 5743
14923 10144 10788 13320 10379 1965 400 9756 15902 14748 10480
10485 10317 16217 16094 3187 13159 5478 14063 19594 442 19737 17992 19749 19535 11990 14036 13321
11990 15658 1079 6661 7585 17992 15541 10480 14923 16220 17214 10482
13588 19136 18324
15033
18850 3597
17207 18849 17899 16760 14748 4233 6047 16760 13733 6677 10644 11573 7822
15410 12396 18166 10005 17050 15247 18849 9663
1591 527 13283 16766 1643 5067 4426 16312
13941 8543 9756 7654
429 12030 14059 8396 17845 18849 18210 12396
6511 17207 454 16367 18333 18646 568 15003 1306 1604 19488 15496 3945 16760 10350 15337
15410 12396 6852 14139 3831
18716 1497 14139 5016 5178 18849
15410 5424 6161 3349 18268 9871 11655
16760 16519 12276 15954 6873 10634 8503 9067 7707 17380 14431 10155 2063 15954 5657 5028 7724 9756 8428 596 3565 6920
6852 11606 13459 12396 11542 18849
920 6201 12396 1982 12337
568 15337 10443 16317
11863 8503 18849 18318 15588 11818
2013 8503 2570 1202 6255 4144 8386 13545 568
4494 4191 18402 15407 19053 11542 8028 1370
5450 15221 15771 1751 15217 2058 10074 527
14923 10806 7698
8643 8503 18849 5406 10380 17318 3756 8002 19505 3005 17628 16760
10537 10537 12396 18849
12276
19474 10171 5985 922
9698 17427 3756 8002 6812 19535 11340 253 19725
10050 13298 12050 10644 4610 17207 6771 18303 19725 5626 8503 14405 14139 11802
6201 12524 16600 14738 12321 4252
13286 12597 7677 11606 10472 19737 13191 2058 11645 17830
4191 1982 14878 9698 12098 12396 6771
10379 5683 7677 14036 12717 7698 12396 10806 14846
8643 10379 12287 3068 5023 574 10700 1173 2854
10700 15496 10700 18716 18849 11542 9756 146 19725 12396 14371
12396 6258
11112 3650 4076 8503 4055 4868 10888 6011 13638
14148 14405 18716 18895 8822 3612 11985 11963 11573 2789 14111 16963
15886 17679 1120 7822 17207 11542 2721 10233 14748 12276
8822 15497 13240 1482 18317 11622 10688 13640 3675
7585 213 16593 10684 3082 12888 5349
6852 7698 11872 4494 4191 1982 17207 9698 9541 2249 3256 13214 16701 8932 3068 565 751 335
12058 1643 11872
14106 5971 2272 17207 11542 19044 15398 6771 12809 9871 7698 11872 3881 17793 13547 4549
18508 6531 16760 10402 8309 16410 18303 8028 8627 15309 8215 19145 3724 11126 2309 16052 14532 12050 7068 6771
6693 16298 1171 11831 14106 2272 15410 11542 16296
17207 11730 18010 5379 10238 10204 5023 13686 10644 7025 4971 16760 5023
19138 10804 7068 6787 5954 16963 930 14106 2272 15410 1000 6771 18849 8396 14196 17207 11542
7592 15398 7412 17610
6809 10741 3047 8928 4910 7585 1568 17680 3719 3048 3396
17939 1568 17748 6273 6814 14119 18781
579 16632 1514
1098 18781 579 1098 18781
18375
18564 4144 13132 14644 11877 6771
12431 2754 5649 19601 6809 11542 6183
18564 5005 8116 4191 6540
14148 19136
5098
12396 6562 1982
9756 5151 16923 18099
19087 10317 11542 18213 9756 2754 3679 17207 6771
6198 12337 6771 9986 16627 7003 12346 17207 4124 12707 17304 6448
143 14923 10806 10379 15085 7442 12231 12888 1909 10804 574 5349 1982 9633
11990 14036 12396 10379 12585 14878 12276 2814 12889 6183 15410
12865 15170 18849 3425 2272 1372
2317 11542
1000 10537 1000 3287 11247 14106 16963 14063
1909 15170 17207 18849 1982 4971 19164 1982 2912 12504 11606 1982 16760
16298 6549 6771 18213 11807 14405 16760 17207 12865 6249 9633 18067 2272 11760 6771
18303 17782
11542 2754 10644 2912 1013 13011 16701 19608 16760 17499
11542
5969 2546 14039 7053 8990 15538 9859 17972 19749 19541 2666 19418 10317 11542
9213 1203 15810 13301 11542 7676 19474 3597 11542 6677 1982 19599 8685 3796 1551 11542 10317 13118
213 11 146 15512 18609 16755 4822 12276
11542 11699 16760
8508 8964 17683 1989 18315 16278 15169 12321 4252 9914 6174 10143 4267
19086 15398 6694 12078 11573 14196 13304 6787
10151 19541 1208 7299
11542 10885 5969 9103 12620 15058 5969 15401 12620 9102 12429
17207 18849 11606 19277 12371 5065
15496 17168 5850 14124 11542 6809 18849 15902 9988
10380 12748 15428 6382 13286 13111 11542
5851 3847 11208 10379 7053 1965 13941 1591 3016 11409
10804 9279 6471 10380 12934 3068 4117 6382 10519 1982 15902 10155 17614 15496 19618 4680 17207 18849
13332 17679 6810 18849 17718 14923 10806 13154 15085 11885
12234 7698 6771 18508 7698 1533 19138 12396 15540 213
11334 12396 213 6787 7576 5436 17390 7576 13154 6836 7576 9831 8587 11847 6771 7698 5683 15371 19362
12936 17683 12396 17207 6787 1982
15407 12297 16760 10223 8503 7874
934 3082 1982 4680 1907
8277 11542 19603 19145 10317 10480 18303 17207 15526
15398 8503 7970 213
17679 10644 7654 15398 11542 15902 3679 17207 18849
12231 17536 16371 5711 2734 1073 9926 15571 11542 19164 1982 3679 17750 12276 12396 18849 17683 18849 19164
15173 10317 15410 4684 15398 12276 4494 4194 527 9756 7585 3346 16673 12246 7686 14305 17207 18849
9756 15173 11542 2320 4388 11995 2902 10151 10233 7654 1000 6687 14059
6174 17207 454 10706 11697 17758 12276
7822 15410 4494 4191 934 18227 11173 12098
12396 159 11542 18849 2272 7867 16921 12396
18849 618 613 12030 12396
8508 10766 14407 6201 12047 5023 15398 11542 14399
6771 5022 12396 12204 10075 3158 9349 6765 11007 11604 7803 10583 18849 10163 19786 930 12509 7822 8890 16270
15284 11919 8991 11721 7258 18139 14705 12721 1480 14940 1982 1540 11281 605 9764 14408 11233 5325 11542
13171 8503 5985 14407 11573 18278 15800 3621 2279 10317
10539 16760 10350
9279 13191
12276 19014 14039 15221 3719 18578
5807 6478 9213 15794 10523 5155 4910
6540 5075
10539 15353 6750 3445 17816 6631 11542
18731 7526 12192 15398 18932 15584 8593
8570 12276 2481 3187 17466 15398
15542 11542 344 12 15984 12 11291 15221 17973 14039
4494 4191 1575
11542 10472 9277 2902 19578 10523 17683 5349
10317 11208 10379 17889 17720 19575 17889
7822 6771 7822 14405
15542 17207 18849 1000 18849 7822 2279 10383 4302
9926 7698 6787 9926 15428 7698 11542 3612 923 1008 18730 7412 13803 1117 16760 14291 3082 9346 5910 19088
1909 2789 7176 15911 2279 7822 14106 5657 7585 18716 19583 6582 3082
10958 11807 12799 3422 1474 18438 19488 5383 3346 12276 13856 19724 12276 8715 4202 6787
15073 19650 5075 13171 10700
17593 15146 11542 6540
11542 15902 1115
19087 15983 7129 1654 12058 14314
12865 2754 17325 12994 4202 972 568 16312 19302 17329
6852 345 11292 1583 2317
9279 15221 14039 2182 15217 2080 12276 15170 9279 2961 579 16261 8104 12865 15319 11588 12429 6174 15003
7671 15081 16744 6544
2832 2272 3621 11542 2730 17207 14898 14405 18166 5803
6478 10937 11542 2317
7698 17679 4494 4191 527 10317 2319 1115 13191 7698 527
11542 19418 5969
19044 146 8627 19145 11542 9756 15398 2317 18278 15787 18295 5910 16261 10317 4369 5803
8570 16312 5696 11858 19582
14148 4973 5497 11657
6174 7698 11657
6852 15217 16869 6758 15173
11858 8102 8106 10151 17742 17830
527 7698
14923 10806 6249 10379
9756 12276 13591 11990 14036 1982
6675 1643 3682 18303 14405 6771 7680 3684
16312 7585 12 9756 10317 12396
13191 3052
7930 18716 1498 7526 9535 17816 10261
8106 6160 10519 18716
5917 934 5016
9926 13459
12504 7698 6771
15398 12396
8675 6540 2279 12396 11542 159 8382 8577 11869 605 19164 5098
11542 6478 9027 17168 18796 9248 2272 159 6771 14405 5649 10644 3934 1965 6771 19723
15337 9027 10442 15748 1833 2912 429 9027
10548 4494 4191 16657 15958 6338 7822 17680 5098 17304 1620 15371 10295 12888 14923 10806
5649 12276 1965 12889 15410 10472 17816 15398 6193 12707 16306 19278 13159 972 10379 15085 11990 14036 13728 972 12888 159 2876 6248 1421 14405
6265 10472
295 11292 15765 10517 11606 16760
10318 10308 4108 14748 17369
527 12888 7576 5436 17390 7698
8643 4944 3068 10804 17110 14882 6265 12521
2899 11606 596 12030 252 277 9267 13054
6771 7003 15565 756 17501 1982 16760
17456 2570 4874 9002 6264 1011 13843 12653 4910 596 12030 16766 18228 1214 16094 1497 7897 10644 6771 10472 2962 6800 13616 6515 6562 15755
7586 19573 15573 6338 19418 12804 5078 6787 1169
6631 11542 10644 6631 5075 16317 10644 6631 11663 16592 574 14535 10379 12337 1982 11208 6852 588
13443 10861 2754 14132 18914 6174 14106 2272
10539 11542
7822 2912 13191
11858 5549 11407
9997 19547 19164 8073 14048 6193 19538 6557
19603 19145 6119 14781 18214 15301 999
14196 6198 1913 17421 12240 17566 10097
13171 15398 11542 15398 15830 14604
12276 2015 13593 15310 14048 12913
12030 15660 6431 13286 5349 6174 14533 17390 13283 9633 18729 15660
10077 10528 15169 13286 5349
934 5568 5910 6201 11812 2828 7526 5362 10171 12318 5910
5969 11542 10519 8215 15309 11409 19164 10804 7585 1982 14064
11807 10358 17584 11542 9346 17390 17551 5349 5100 17122 17390 14923 6511 10151 1907
8076
6174 14997 13295 14475 2912 10558 2570 10700 19164 2364 12206 19597 1169
11542 19418 16566 12276 7824 1965 4185 17755 14177 11082 10903 16778 6974
4540 6809 8785 5075 10700 588 13696 4512 16914 12330 13888
4494 4191 10958 16566 14878 15375 1965 9930 1363 5
14923 10806 1965 16889
13546 15911 13016 18068 12888 766 15397 4659 1982 19737 18040 3433
6174 11542 6330 19583 16322 12050 3422 3067 6801 15800
19302 8106 7343 11542 19418 14861
17132 333 15942 14569 11073 3672
19138 19737 14106
12231 1882 15170 311 13832 16760 7698 6498 14059 13286
19138 12396 7822 6693 14139 5098 5880 8543 527 9756 10519 1982 12396 14082 7874 14118 10223 8511 15634 533 11542
7812 6693 12865 9756 4568 16963 15081 7698 6174 16267 12196 6174 12396 11542 7698
3881 19145 19136 12396 11573 10961 15983 14405 950 9872 19474 12058 934 17683 13283 9633 5349 14405 9213 9756 17686 7822
9756 9926 4494 4191 7698 6872 14923 10806 12276 14139 2101 14748 3847 16261 9756 14748 15401 12396
14106 6852 2272 11230 15068 14178 10539 14148 4619 19136 11542
12234 2474 588 6675 10317 4540 6809 5349 11606 1982 19573
14569 3261 12376 2272 11335 14139 8928 9111 934 16760 15407 19623 13918
6478 5910 3719 5016 2336 10519
12504 11858 14106 2272 13588 10317 2335 19136 6771
7680 7585 18227 17207 18849 6771 8570 14578 2272 10402
19733 13391 11542 8886 10472
8643 13707 19573 2754 4004 10888 4905 14519 3724 16760 10653 11230 14152 2155 6606 14359 10852 13785 9699 12004 14359 17342 19190 6533 9383 1626 6606 17469 11072 5128 15134 14359 10422
3724 16760 17899 8716 12617 1520 10804 8716 12617 18303 7028 4578
11542 12639 15617 2546 12734 10422 4341 16197 19576 2154 11783
4138 13529 6368 15584 15221 2154 10422
15968 12050 6174 14404 13391 13036 19603 15401
6852 2916 12882
17122 4494 4191 10700 1907 14125 18077 9541 2249 1540 9698
8945 6481 6771 14923 10806 7698 4568 10333 13159 6093 842 16197 11852 934 4540 6809
11542 7874 14125 6010
13191 11699 2575 14548 2813 1474 9803 6448 15319 17771 18303 8028 8627 19145
3082 15787 12932 13706 3862 15895 19171 594 4828 16760 17680 14354
15170 11542 18133 19442 10151 18303 12415 11952
19603 7680 19164 15398 5098
6758 7698 14671
12396 15148 19545 18849 10644
17304 10519 17315 4055 1120 11542 6225
1120 13907 4494 4191 13029 10123
12337 17315 10556
2100 13317 10642
18438 13299
8116 15398 5690 14359 10379 8928 17207 6771
4494 4191 14425 5549 18953 3058 17393
7927 3612 10706 5075 4055 1120 6771
9254 2479 11863 9302 11542 2272 6816 5075 15902 4046 1120 6771 16408 11233 13601 2335
8116 1909 4045 6771 7747 12414 11954
14923 10806 11952 12414 4046 11990 14037 3068 16660 16660 2754 4860 11953
8871 14064 8386 17207 18849
18113
635 14923 10807 5016 13317 6771 12431 15046 15615 14411 6852 9204 17207 15540
13099 7035 17687 12431
13191 5769 14558 11005 12396 12735 18741 5222
13732 6237 7128 6646 5195 11606 9111
18895 2754 4618
15398 12030 11542 7833
12865 2336 14106 16963
17113 6771 13299 2754 10480 7129 18850 10698 10029
14371 10068 13670 7654 15398
14748 14059 11542 11463 1761
6498 4360 7135 13298 6771 13678 10235 13616
1173 15052 6134 5075 19377 16694 2108 13616 13113 3282 10802
11599
6809 15462
10937 6771 9067 12504
14416 1854 17679 16701 14174 11623 451 1563 11954
2754 1123 13913 9756 19475 7083 12865 1893 6771 7747 11416
19086 15398 6771 18849 2272 16701 159 17207 13617 11863 13617 3680
16766 3719 13443
3368 8144 883 930 17377 6361 4578 1395
13341 2764 12276 18303 930 3368 11190 11542
9749 11542 9749 19583 10740 15830
15398 195 4549 10064 9213
18593 16766 9213 9756 10402 8570 10783
16766 3719 13443
3368 8144 883 930 17377 6361 4578 1395
13341 2764 12276 18303 930 3368 11190 11542
9749 11542 9749 19583 10740 15830
15398 195 4549 10064 9213
18593 16766 9213 9756 10402 8570 10783
19568 4853 11542 14139 8116 7136
9871 3983
16100 16760 19749 19535 6357 18729 3760 8310 9698 15365 11340 19535 7127 19725
11542 10519 18299 18273
15221 8152
10519 15221 14425 6161 3296 9756 14416 17207 19648 19664 12050
8018 10700 15557 4638 9756 17114 7526 1965 12452
4494 4191 12345 7585 972 12888 14139 17122 16973 9711
947 14923 10806 7587 16899 12888 12337 19603 12414 3701 11121
4684 14196 11542
11542 15800 14129 10961 10402 2058 6230 3612 1626 16760 7576
19043 15398 11877 11542
11858 14106 2272 8241 8751 15401 12504 2111 1209 18043 9277 11542
2373 19659
17758 4916 16760 5146 9385 14493 18228 16248 6533 11699 19190 5665 2071 6408 6533
16517 12725 9403 7576 6005 9383 10171 12337 17122 12429 15170 6179 8310 4679 3068
12081 19257 14228 8350 9800 7930 579 18303 11695 16249 5910 11831 5657 6758
579 19138 18290 213 4549 13028 4910 6812 19609 14463 18898
333
15146 5910 8116 17750
10317 9871 11699 11573 18154 13864 11670 16249
10023 17206 1833 4233 7698 1441
12888 4916 19573 4494 4191 1400 14923 10806 14571
1120 7822 13220 6771 6348 5075 4540 6809 4737 10180 17750 15573
10317 17654 10472 15003 17816 18303 8627 8028
11097 5626 14671 13166 11670 6241 146 8627
17683 15221 4420
18438 19659
7576 7684 17390 17939 1176 14118 18173 10519 18273 18299
10317 7496 11573 11332 7474 4536 9648 18114
6800 14059 316
3808 11542 5101
2272 4662 3082 6562 17085
2272 4144 6562 13364 3612 4850 10040 6533 7479 9296 1791
7471 8928 18438 18793 14360 639 7654 1620 5626 12734 14495 13156
2272 10668 3902 6562 3936 9383 4944 10380 3068
934 15409 2279 9291 5910 14139 8102 8144 13171 5075 17939 15760 12318 5138
3787 12865 14106 2272 10320 7585 11542 8386 14064
16856 14196 7526 2272
5969
11542 1989 6554 18213 10644 6771 6464 10958 8116 3597 12221 4549
4494 4191 13163 10684 14878 17758 10787 14923 10806 4011 10517 10809
3292 13235 18891 5065 12276 1965 17750 5078 4540 6809 14237 7739 18295 3719 133 6771 15353
6809 10644 1497 3690 19136 15398 8106 11877
947 11818 13235 6771 16601 16075 8493 12596 16692 19418 5383 15146 16395
2754 8543 15170 6771 11676 2159 1013 7734 18932 16951 18721 1053 7800 15584 15224 17515 2335 18468 688 11542
6675 2754 17304 14733 10295
14196 11542 34
12231 9756 15169 11542 14139 7698
17683 9255 11409 10644 18394 19136
17683 12865 774
14106 2279 9926 3630 16701 8116 19136 17122 11808 15398 11606
527 17058
934 14111 14924 18068 3068 13053 16889
3642 19278 6562 5830 3068
565 17683 7654 6562 12276 11542
8945
774 4973 5497 10519 11409 11203 3597 523 16069 11588
568 9815 9279 2310
17316 568
14196
14106 2272 6852
947 14106 17742 2279 16863 14139 213 9205 12276 2007 8546 12050 15410 17207 11573
7086 2279
7086 11573
588 10741 2817 7472 17925 14557 12053 631 2452 17983 5693
2112 12053 11885 5889 6413 9286 1627
16174
16678 10861 18782 11389 8629 8417
4022 12771 19725 12240 4110 19068 7332 16738
2734 5602 10422 15086 9083 6464 2754 920 8239 3724 7455 16437 1568
10308 5075 6771 7491 3293 5856 14368 10303 15617 2734 1073 12076 17527 19488 12562
12882 4144
11542 18849 19272 12050 6183
16848 16760 9759 10746 478 17377
11542 7822 15398 7090 18843 12058 14923 10806 12882 3220 14878 10379 15085 11542 5349 16766 5349 12058 10644 19086 14106 14588 2272
11542 3193
15594 17680 1879 15800 10379 15085 7529 14039 15797 15319 2546 18932 15221 11542 12504 5252 7822 6198 9850 751 82 6174 751 11203 16701 5252 15735 12504 15170 7654 15398 11542 7822 14139 8570 14923 10806 19456 12415 7684 7658 1565 17967 15217 5252
12504 19603 15398 17610
10539 11542 14106 17742 2279 15410 17207 18850
12276 14668 930 11097 19087 3368 16261 14405 588 2272
12865 17304 1568 5016 17679 2272 8322 11573 16052 5015
6816 10317 12276 14152 1000 14405
6787 17939 1568 5016 12725 2272 6787 2754 5100
8643 2272 19656 4828 4424 10644
12865 3679 15170 10379 13319 6787 19488 9928 3068 2272
15837 12023 5349 19488 1879
10402 16923
8643 12889 2474
15284 7822
11542 10706 19086 19136 15573
