381
9839
10999 15542 920 6201 8503 10063 15409 6515 13541 13887 11542
3719 18375 18605 3021 12535 3158 8589 13191 429 9232 9248 1497
5520 17122 19418 10317 12154 19650 19664 7412 16731
6852 17816 6183 19656 14666 11542 15942 17499 17854 15401 9750 12762 11573 10062
9926 7503 14667 11542 9966 1909 7442 12 16593
11670 12618 8078
17137 11542 19656 19648 10467 14024
2090
2784 16595 6361 11606 5098 19145 11542
10804 19691 6549 10317 19529
15073 7586 11606 6276 18043 10481 17865 11542 2007 10233
16069 11588 11606 533 12605 8572
13191 10644 15496
16462 852 9926 7747 19659 11542 13319 14433 584 19533 2223 4826 8229 13389
19668
4808 7585 7792 8451 8229 13394
18739 2599
19532 9930 8229 13389 14148 16834 3239 9142 584
11332 16261
15922 15217 11542 19475 19136 7473 18210 19529 11542
1909 9517 777 11542
6498 6540 15540 19365
6174 19181 9205 17713 5971 14666 930 19231 6629 6771
19418 15170 6174 4302 13235 18891 17720 14139 5349
16568 3621 2272 6503 17314 9347 16887 19529 3068
15800 10519 4828 19016 12462 6562 13538 9205
14790 11802 11537 15398 12328 1667 3034 14139 13683 4578 11407
8707 10912 5445 9279 18896 19164
17110 14882 7136 9279
14139 5971 13497 19770 13733 9368 792 4890 19533 8989 13725
7136 11884 15398 3068 6804 4939 3433 17816 7526 15398 3292 9205
14139 7698 11542 19529 4684 1982 19691 12401 19529
11542 3925 19533 16760 10684 18914 6750 2721 15881 15109
12058 15881 15111 10684 7655 16984 8229 6481 19529 10700 19749
15881 15109 5910 4666 17718 19529 10408
934 15398 3093 19681 10664 5910 19104 4656 17737 8699 11680 3630 7343 11807 8309
7698 11542 1176 1831 4202 19691 12401 19529
11542 6249 12725 7136 4217 9255 533 6174 6750 15881 15109 19529 15407 14139 10472 2317 6255 4420 3358
18295 5910 17140 10519 12865 13445 6562 15217 2730
18942 13497 11542 13240 2317 4117 5349 9756 13245 4138 7979 19053 1568 11727 10317 18941 6335 6592 16836 4491 18825 3068 7747 18825
12504 533 9751 10317 11203 5971 9983 533 11542 7682
7822 11542
6852 6879 19677 11084 11573 7698 1982
11542 7822 16760 10350
934 7822 527
934 7822 16371 5711
19677 11084 4547 12748 1982
19677 11084 1190 934 1982
16701 7822 11542
15398
12276 1965 533 11573 164
11670 15398
10519 533
294
311 7698 14072
7822 11542 294
311 18435
7585 344
7822 11542
15398 11542
7822 11542
12276 10317 11542
9926 7698 533 11542 15398
17122 11542 15284 12401 11606 16853 11542 8899
10317 9426 15109 18941 16257 11542 19575 6174 19179 1128
3068 11518 18210 12504 11542 6010 2058 5016 14588 17069 6787
4684 18434 2719 16069 2636
19601 2612 8899 12401 19680 1190
4549 7343 12748 11831 7698 1643 14417 19601 12195 10462
14139 5971 19678 19679 6852 3344 10450 19529 4562
17122 15170 11542 7698 1653 12231 11542 8675 6540 19691 15540 5007 6540 19529 19278 10519 6337 920 5098 10519 13191 8495 10804 12725 11542 9756 10700 15496 16266 10706 7654 10317 4450 8102 16233 2912 8677 9520 527 17953 533 15530 579 16566 5917 16261 6335 12865 10537 8167 3396 11542 13529 4610 17718 6693 19221 16766 737 15217 10706 9738 15371 19088 19043 15521 1643 11542 9756 15170 10689 6337 9756 11542 19136 17804 13918 6335
17720 19691 12401 19529 16985 13484 19659 2961 19529 14860
8677 9517 14633 10450 17982 11721 10537 7822 15496 8707 3021 972 5933 11807 11680 6193 17816 19703 11923 18941 15881 15109 934 10539 10402 14243 3180 9831 10519 2671
2912 7698 9633 17683 9541 10761 13529 4022 9633 5067 6771 934 5065 17249 16560 4050 1120 11542 429 10539
934 5910 4252 15217 13032 6179 19691 4549 7343 12748 934 17720 16317 972
934 19529 13032 19725 19691 10056 16566 15521 19691 12401 6562 6631 19691 6771
19043 19529 213
9541 10761 5065 15952 19691 6041 17718 15375 7001 13553 19530 9517 15557 6179 10056 16566 19529 12058 10417 11949 6314 19409 10439 9553 19535 17502 12058 19190 9553 10740 19379 10278 15162 19673 18303 1444 2246 5508 12058 5604 19089 14461 10278 4590 12199 3044 14389 8897 18064 11863 13601
19529 14574 14300 6179 16440 12472 16258 19089 10794 4536 8293 4557 934 19089 19533 8229 13389 17740 9038
8677 9517 2789 2885 9279 13036 922 11884 9552 10443 16760 19418 13851 11863 5068 1052 16627 5910 4252 11877 19691 672
16601 6276 5985 11201 6890 5927 9756 10709 11126 6204
9517 7822 19529 4647 14878 631
10318 15410 16760 7890 10402 19583 11542 6319 4684 14118 12276
6750 15221 439 5349 10402 12086 11959
13191 1113 1318 7101 18578 10537 9276 7545 11921 14845
934 6198 6771 11921 9926 6198 9552
10317 14738 533 12540 16544 6750 15221 19418 1204
6680 10317 16261 78 12240 10317 17113 17369 1497
1643 6939 19603 18891 6540 19529
305 14291 3047 12596 17925 17069 11573 14376 10644 4549 7005 11606 1474 3068 533
10644 10136 7129 10056 15983 19560 19656 19529 13036 10519 4828 8791 13841 9517 6876 14878 12886 952 1879
16760 13529 15895 19737 3726 4571 10516 10539 12290 8685 11490 8073 11542 15902 2336
12504 7698 16233 17069 6041 7654 925 1965 2612
8677 9517 15902 19529 15410 146 4442 7822 16760 7022 12401 7822 3068 16887 19529 19017 16607 7822 533 5236 11606 1568 16760 10350 5238 9756 6675 12620 7250 9575 7850 19088 8338 8626 17683 9756 19086 10171 922 12748 8189 9926 7526 12748 7442 6771 311 12 6771 10056 205 6685 10472 17683 5075 7822 9633 9802 17889 14885 11877 19529 6771 9552 15565 7822 13235 7529 1568 18717 17628 7822 11921 19114 6771
18303 13588 12276 16583 10804 5719 8677 9517 13856 19179 5165 10583 13191
2734 19573 6750 15221 12157 5719 5075 13675 5721 11997 251
947 5743 7582 1982 751 19371 10233 6779
11884 6771 10704 16744 8802 2734 11084 14998 16813 9738 12123 4219 2504 7600 6779 533 15221
17982 16984
13191 6198 18228 9856 7576 19529 4621 13720
8643 12276 9857 17816 5517 18375 6755
19529 15409 18355 19442
7698 17679 18721 19691 17865
3017 6476 10106 6193 14571 19689
206 19601 11542 6562 1893 12058 15398 164 5065 9541 10761 1450 7677 19529
3717 5538 11542 10747 5549 7291 1000 16675 9553 13588 19601 4278 527 9400 15161 9517
6620 7677 5078 15337 19650
11542 6495 15577 10247
16601 13673 5985 13916 11447 19672 17115 16613 4700 1654 10684 16760 16601 8589 4971 5068 527 9553 568 13857
10317 12598 14763 1362 19488 14765 7299 16383
533 11499 13283 19184 15771 14133
9517 12157 7747 13803 6781 12522 15726 15221 9815 19046 11542 7526 9255 9117 5938 13800
6174 19603 14450 15046 15170 18564 5007 9517 6540
260
10961 6339 11606 19529
10317 13191 13841
6771 15081 6771 10804 5309
11409
12321 15217 16384
12030
1591 10537 15217 18213 10561 13235 11542
9430 18314 12240 7977
17683 252 16593 7484
8675 6540 19677 11084 11573 9914 16692 1306 4252 14886
16822 5985
15165 7765 16067 4206 6771
7585 12 16593 18303 11292 16760 17439 7023
8570 11606 2013 5719 13191 3068 4944 11877 12276
10450 10471 11812 16433 12216
3278
6498 6540 15540 19365
6174 19181 9205 17713 5971 14666 930 19231 6629 6771
19418 15170 6174 4302 13235 18891 17720 14139 5349
16568 3621 2272 6499 9347 16887 19529 3068
15800 10519 4828 19016 12462 6562 13538 9205
14790 11802 11537 15398 12328 1667 3034 14139 13683 4578 11407
8707 10912 5445 9279 18896 19164
17110 14882 7136 9279
14139 5971 13497 19770 13733 9368 792 4890 19533 8989 13725
7136 11884 15398 3068 6804 4939 3433 17816 7526 15398 3292 9205
13341 16466 9003
12767 12468 4910 11542 1643 18339 10700 15496
10804 18363 13913 1758 18375 15221
15911 19529 6750 16258 15112 17241 15577 11292 3343 2089 17889 8884 4420 2087
6755 17946 2594 18047 19703 17781 15577 11292 16016 10472 7407 8495 17946 18047 12276 18047 12036 1173
11606 16760 4803 18690 19529 579 16694 1306 9552
9926 15073 7680 19722 16760 16990
6540 19529 8643 6675 11542 14060 19164 1989 2716
11542 16601 9158 16868 2453 9181 8338
17305 19588 19171 18228 7086 12748
17116 19016 16228 13720 19179 16566 14748
17310 18266 6605 19529 10017 9552
11542 16601 18241 19704 11923 15111 17777 10317 7427 18317 9041 10873 11542
11542 18721 5693 16766 10402 17808
16266 10700 10512 13191 6753 13722
6174 11011 2922 18894 15718 5439 13241 7654 8101 12429
7822 11549 8360 9756 19086 15398 19413 18562 15320 19138 12768 5985 533 6540
2007 6540 19691 7176 11542 17686 7696 10317 6852 8028
11542 17310 13529 1464 4345 948 16993 5510 10317 4557 19233
6201 7680 11542 19529 4621 10233 1678 17686
8028 19164 11542 11677 14417 15584 15471 18578 6387 16904
18448 12240 10740 956 4421 1608 12146 3754 5181 4421 5298 13224 19529 11186 10278 4286
17816 7747 5910 19046
8751 4233 1306 6771 6337 1843 8382 6771 16298 15170 11542 1643 10317 17057 1643 1643
19691 6852 3344 17720 7698 19573 8919 6771 15215 14404 12401
2719 11542 1643 2317 12596 6771
14894 19530 9517 10826 12232 14519 16701 13499 17565 12767 934 7586 10040 8927
10317 19529 4420 10700 10537
6750 15530 6228 13496 6515 6911
19488 7588 11606 17032
19136 6540 19691 15540 19529 5803 1551
6339 16261 2007 4549 7343 12748
11542 7680 7698 19612 7752 327 16593 17690 524 3886 14588 11542
12889 6816
2736 15284 14139 7698 533 7299
1540 527 17830 17718
5970 702 12504 4684 19603 15401
6852 19529 6771 159 11606 1982 12276
15902 6010 4022
12276 13941 7188 2317 7088
16766 10156 16261 4875
15146 15337
15073 6771 8589 5743
12936 9756 6812 3791 14152 19145 15911 6011 6481 9756
8677 9517 7698 2916 3220 14878 19529 527 15164 6771 17978 2309
6694 6441 16299 17679
14196 6939 12865 6549 19691 18554
146 8627 17310 19136 1982 16410 19145 16261 5803
10864 7747 10519 8339 13298 10961 10318 19529
10317 19529 11606 13633 19677
17985 11570 2474 16760 7698 527 3630 8677 9518 15886 533 15221
6852 8626 11542 2317 12381
6194 2754 18438 8154 10056 19474 15170 7699 19529
5910 16760 17549 18941 5985 1261 15881 17017 6530
10450 952 15398 9575 5471 18697 11542 6677 3686 18722 11606 2310
17032 11542 2317 7291 12381 533 15221 10318 19529 10317 2754 5649 6826 11542
4860 6879 13241 2730 12381 2317 9756 15221 19770 7698 11863 7215
10151 15410 19529 9552
3837 8677 9517 14761 7284
14139 19086 15398 11863 19529 11542 19488 12381 16760
7680 15170 19529 1965 19691 11542 6183 13588 19679 1965 17683 1965 10472
6816 19654 10402 4074 16371 5711 15169 19691 11573 12401 9279 8784 6750 19529
12865 15170 10706 15496 6119 12276 14666 15173 16907 3358 2754 4420 17683 13350
4977 2754 4420 4976 9426 2754 4420 9426 10700 15496 584 2754 4420 584
15496 12030 16853 6731 11136 10706 15496 2754 4420 15435 14748
8243 2579
2579 17117 10451 13394 17312 1568 4901 2579 13394 9828 1620 8230
19529 13529 7698 11542
17122 10480 19691 11573 13529 7698 3680
968 4406 8871 14064 294
362 19529 6549 11670 18749
11858 14106 3628 2279 10864 17077 12242 7478 17089 1783 1013 14834 4549 13420 113 15073 14139 5969 7698 533 6771 14149 16766 6498 13888 531 13172 15170 19529 4737 2058 6119 10442 15773 6249 923 6750 15221
17122 19418 6812 6923 13618 8360 12865 17069 11542 7654 19136 8338 7526 1827 14213 1825 1643 7979 16266 7526 7576
8677 9517 4737 18730 16575 14761 7285 2223 7922 17186 9826 18941 6677 16100 13609 19418 13028 18303 9993 7343
7442 333 12058 7654 19136 19529 15398 7529 7576 5910
5007 17069 6540
10537 19691 11573 5971 6852 19529 11606
11542 14139 5970 6338 2058 1982
533 7299 9756 10317 19677 11084 6675 3847 3082 10317 11573
12725 11542 934 15407 13443 2058 3158
19083 1754 6771 2961 5971 17720 7698 11606 1982
10317 17069 11573 11606 7458 8243 19136
14139 4022 533 15221 11203 6174 10073 17830
9756 18227 7680 17608 10556 6337 10151 10519 10558 6338
11203 5969
14148 19691 11097 17865 19529 16368
5101 19691 12401 19529 8677 9517 6815 14239 2504 3068 11858 15410 17777 16829 12409 15565 9552
17718 9517 16641 15319 934 17186 9826 2527 15601 18916 18941 10278
10402 11035 527 6119 14761 7284 5856 9643 18442 19770
6174 5917 5482 1568 11863 18299 16439 2730 1635 13124 9555
19529 19601 1965 19691 7176 7654 15398 6010 552 14733 10450 819 19529
6193 15922 19691 11542 10644 10056 12 19725 14984 19541 3082 10804 3431 17816 19132 11978 1173 19691 13394
10317 12865 10700 11573 14118 3847 16929 10937
9756 1120 1495 3650 15638 2905 7761 1360 4761
7526 14729 19541 10005 4973
7576 13389 4202 8503 11812 3597 5910
12504 9756 1120 19691 11542 6494 4735
19618 17551 6291 13191
11542 13831 4981
7977 19529 15164 5927 18228 17304 13394
17310 146 8627 19541 14007 7526 13235 523
17549 11542
12865 13607 11542 12276 17679 11247
2820 1360 4761 16989 2905 15902 15565 11542 9552 9005 12405 15109 17244
19418 11858 12799 15398 19691 11542
1965 19529 4531
6592 12597 7291 533 16760 9803 6976 7698 18299 18273
8677 9517 1620 1965 16760 7025 12748 13499 7343
7026 6177 10451 12748 7586 3044 17380 11490 12157 13544
11499 15557 9552 16899 15530 2447 15220
19488 10709 3728 11542 6978 7455 7587 6906 13538 11573
19318 13538 18850 9984 15544 11542 10692 7698 14714 17771
7698 2121 10859 1344 15111 11680 14849 19733 14748 14849 950 7299 533 12605 6771 5065 6750 15221 5969 8886
2267 15217 5005 8116 6549 4252 19603 19043
5649 19138 19488 15410 13538 11573 5970
13588 1982 19138 201 3044 240 19737
18508 3878 7698 19691 15540 4381 15540 14063 5100 18529 19529 18146 19085
11542 10156 11606 4875 13235 8309 19545 7680
1123 14647 10056 213 11292 11542 7025 6852 5911
19086 16460 6198 15410 11542 19737 15648 19137 11542 6010 6562 5711 7654 6765 13198 10157 17380 19229 11534
14196 4919 1171 19145
12276 1965 11573 15410 19723
14139 3724 11542 4656 11542 9756 4022 6750 6771
10539 6800 15217 19529 6750 12240 10740 18155 4420 3358 14139 11884 15771
11407 2614 19529 4671 18890 14139 1575 8247
16266 6750 15221 7092
15771 19529 7529 17524 1327 1620 934 11884 15771 15046 5193 11542 7698
7747 15771 16739 17155
19278 16307 8675 8677 9517 6540
11542 17720 1643
10537 8677 4144 17720 13856 934 17683 568
5349 19488 1817 15217
14139 17122 18438 13235 12226
5971 533 8707 17720 13856 17889 6771
4144 6631 12707 8677
11542 10402 2521 10317 19691 11573 10539 12276
4684 11542 14196 1171 19485 15410 19691 11573 19485 6540 11573
11542 19601 11542 19691 15540
11606 16760 6771 17079 15162 16228 19090 16228 14630 19089 17593 16486 17816 12730 7849 9573 19086 13389 15167
19529 1643 5471 12748 6365 13046 17456 6419 13394 19529 13394 11682 2320 11682 7470 12058 6209 7789 938 7470 5487 8495 584 2260
11542 7698 16760 17069 16982 11807 10539 7022 10825 7786 10740 15162 10278 8285 19089 7549 11490 19529 19086 8896
11542 19046
17978 5101
3017 6357 19691 19529
19475 14106 14671 19278 15398
10317 8677 9517 13191 12596 6771 2317
16601 9279 5985 5402
320 6771 8876 18936
6750 15221 15763 10151 214 11292
6771 46 11292 10472
17904 1982 357 11292 10472
10171 6677 19132 17816 4684 14196 7233
6540 18932 4139 11962 13191
7136 19088 10472
533 15217 6750 2594 18047 10644 17683 15994 9541 2249 11542 18047 15217 6750
11542 11606 1982
12968 14064 13954 11606 18932 661 17952
1965 82 1497 5628 17479
11542 16660 1636 159 7151 11542 19691 12401 19529
19179 16760 13283 593 3082 3621 2279 6927 19131 33 5326
12640 3683 17043 2146 10317 10740 16648
11542 11858 7839 13617 19603
11542 3004 1306 19533 673 9552 10740 15162 11716 8784 7680 7698 253 11292 9987 6771
12504 13283 3021 16371 5711 9986 16760 16760 260 19603 17816 11416 688 7654 15398
19418 7654 15398 19691 4549 7343 12748 1965 7151 2754
8677 9517 6816 14878 952 533 15530 7698 17718 8169 6750 17946 2594 18047 16860 9029 16907 16760 6501 3378 9756 6974
16760 19529 17046 9552 15170 7699 12240 515 19379 10278 15162 19672 8025 19706
7529 13794 19205 9343 11923
14761 7284 13735 405 17108 14228 8021 10859 1340 17085 17241 15977
17350 12232 13529 5549 10537 9276
17186 9826 5820 1643 13714 6085 5298 934 15384 6209 11679
6680 19164 13110
10864 5349 7698 9633 1537 7176 10056 19691 11542 13529 7698 5538
10519 4302 10318 10318 16380 15513 8338 11220 17683 12720 10317 11606
2007
4684 12276 6174 3422 6338 19529
14106 4302 14666 13171 10383
15542 19131 17816
14106 14671 11542 19145 7585 277 294 12
7680 2007 8570 19046 16261 19418 8102 1982 7654 19136 13538 12276
19654 10480 10317 19131 17816 9926 8503 7680 1360 4131 10709 15526
1965 12707 11542 11542 5927 4252 7694 2007 17136 6193 19677 11084 11542 10548 13341 2754 7129 19365 11542 9756 7654 5910
10499 533 15530 10402 2058 18295 5910 18438 12865 15398 11542 7530 8382 14064
16407 17816 11416 11542
10804 11573 930 10352 2007 19529
19529 6562 6631 19691 3068
8382 8577 11542
19278 7233 2521 11542
1366 11542 2015 15094
253 11292 9914 2015 15094
16298
11542 17057 2317
16760 2939
6679 3082 8499
18228 9800 6448 12318 17394 13223 5910 13171 5910 6174 9866 19529
3124 11542 7526 11416 19529 10179
13099 17683 11542 9857 10179
19046 10472 15398 6771
14148 5089 11818 14669 11606 9929 3068 19529
6236 3831 751 3372 5135 6852 19691 6771 6812 10450
8675 6540 19691 10539 19691 6852 3344
1178 19529 6771 15798 3291 7822 11340 6366
19138 6408 18849 606 58 11284 596 2159 6755
9926 3068 19529 3628 19418 6515 10537 11542
6408 18849 1965 17069 11542 15410 19723
10059 19488 16468 1173 18849 16261 16371 4252 15797 15217 17310 13110 18303 19725 6771
7585 11542 24 13831 1645
4684 19046 15521
11606 11818 2754 15073 19529
3709 16261 7927 10402 533 19612 11884
11542 11795 12886 6291
8677 9517 14139 7747 17985 10709 10450 14118 12929
4568 5851 3870 11542 9213 9756 10482 15046 6852 67 11292 14139 7822 3220
19418 15170 13191 13443
9914 8884 19443 15109 1295
8643 11542 10519 7299 5649 12276 10870 1965
18941 17552 18914 574 13159 7822 10709 11086 19488 7680 17946
15410 11542 19603 17793 13544
14106 4302 17683 19529 11542 1982 10056 19659
8382 8577 14111 11499 13332 14671 579 19145 11542 15170 14740 2317
17854 17069 11573 7654 12276 6750 15217 11877 19488 6365 3068 13191 4944
11542 17000 7827 12533 6753
934 11542 17003 3833 6694 3082
10825 17113 10317 3612 1115
18941 3612 4259
7698 6694 3068 19770 16641 11542 19529 6193 17816 1208 17889
13191 17678 5917 17138 13657 920 1879 11542
13283 8677 9517 13283 19529
19529 7822 6771
12865 17683 12401 1982 8784 19365 19691 18554
6787 4740 19529 6549 952 19087 15398 9552 15068
17122
16627 18210 13 3621 586 16760 3047 2754 10700 15496
12865 7526 3628 5016 11573
19529 7822 16760 7822 3082 7822 533
5016 19691 11573 5971 11606 7215 7526 15398 3068 19529 19017 10561 13235
8677 9517 19547 9633
17593 8677
12865 2754 15170 1643 17680 11542
18210 6549 19418 1230
