261
7026 5178 7111 7698 8250 11542 12276 4298 18721 7111 12276 10320 2663 6518 10537 3082 7530 11360 3082 6464 9468 6464 12276 15902 15938 19136 6771
6174 19488 7298 6530 18885 4388 14274 2733 6771 5196 440 11552 19418 10320 6812 6016 1086 3068 4866 13191 4944 7505 9468 3068 6467
18468 5910 19418 3148 11400 3143
11542 11676
9756 19138 3757 11542 19072 5178 1086 11542 17616 7228
16760 19634 14004 9648 2693
14328 17854 18914 6887 6684 9705
9512 10972 18884 7387 11823 18126 14588 9130 7387
7677 1120 12276 7526 11025 1120 12276 11047 7576 6680 10469
16744 9756 15170 17770 5971 4239 18969 5872 17771 19164 16760 19278
18986 10317 9548 10621 15123 15882 934 7698 8941 829 18238 9881 2770 15407 8877 5677 19675 15911 3068 10481 10317 19676 10640 8182 5179 867 19550 103
17040 19634 14004 7529 8382 14198
14666 10067 13102 6771 19635 11670 15170 6562 1965 6771 6183 15410
16601 13661 15073 19631 14004 18914 1259 7387 6882 6684 9705 15173 8116 10537 9633 12276 10323
12660 847 1118 16914 11045 18917 17883 13298 18884 7393 7436 14946 19225 17108 7894
14004 16612 19089 8338 12058
5817 9027 9699 7387 9740
15169 6852 4547 13476 2183 1568 13191
7392 8396 14196 11542 19136
12276 1965 1086 6787 19418 14348 11080 13159 18884 7393 10317 5351 9937 14878 13159 7393
11542 4907 4854 3082 19418 12032 11539 3082 340 7393 5016 11389 7393 6174 2916 19548 4907
19418 6675 7822 19145 10317 19046 7048 11542 10317 3597 17610
15123 15883 12907 18981 18779 429 972
428 18122 14628 7392 10317
11542 3372 4862 7823 14064 12414 19723
8125 19647 14671 9756 14052 8106 11542 14139 2184 1568 19647 14666
11542 14139 16899
9756 9277 19365 17816 19145 11542
16760 9029 4239 4808
1086 934 6249
6201 15409 14118
7086 7291 8714 8928
11542 934 7822 11005
14139 17989 934 9201
12504 429 19603 19136
12276 6631 11573 12058
2754 19136 7233 6533 1171 9494 19547
11542 7086
15169 11542 201 3287 19221
6339 11606 13170 17137 14139 5971 6771
2058 6201 12765 6273 17759 533 17526 10537 13191 18299 17136 5917 12015 7698 3072 6141
7698 16760 9803 9400 9277 19164
6771 7529 9400 16278 14930 3082
8315 19749 5985 13154 7393 15798 6771 3193 7785 3193 6127 5973
4684 19603 15401 19324 19749 12240
9850 2320 313 331 5628 348 1259 7393 13298
6174 17718 13154 14319 16701 6200 11258
19138 19634 14004 17683 9850 19418 405 8491 1620 11080 12609 10829 6887 6684
14148 12865 9800 17501 11542 7392
9756 14148 19136 11542 5626 10706 14314
9926 10804 3082 11542 10829 12609 7979 16813 6752
5542 15756 9929 14133 9756 11076 7387 3082
6201 18309 12865 16491 1643 10787 19418 952 9711 1643 7979
12231 19302 12929 4656 9181 11606 8928
1643 10151 7698 9926
1643 7698
19418 11858 7698 1643
12276 14063
11057 11807 11025 17499 7698 4174 10402 9836 2754 10317 1643 2754
5443 18884 7387 1127 18697 18126 11819 15557 672 13729 8338 18005 6688 7387 3082
972 5178 13617 15409 16054 16100 17985 13102 12593 3082 4944 19254 14357 14004 648 18779 13941 4421 16715
9648 2693
14328 15123 15882 10644 19608 18981 2912 12593 4890 18578 14900 5769 7291 12601 7299 5856
12276 1965 11573 15410 19723 11807 19647 14666
11858 19664 14666 15169 11542
11606 10539
6852 7391
13154 7393 190 19725 18438 19583 7393 9926 3082 11542
9914 7680 10317 11542 16595 9926 7680 10317 11606
11542 9756 7393
16760 9756 7698 14139 11807 9926 7393 10537
4144 8315 18438 12242 7393 19575 1620 2754 16701 7299 16760 7319 11542
227 6608 18303 2754 15170 429 10539 11542
14139 8570 6193 11542 6348 19418 10317 7654 17608
8522 6631 7101 11028 6011 3346 18884 7393 9756 7261 2710 11542 14118 16951
13191 19547 3922 14748 5769 17136 1141 17168
3082 4730 11542 14139 5482 13185 10644 2832 14360 12276 1120
15410 11542 10644 1084 10472 17816 6279 1537
12276 405 19136 5969 17816
15401 18043 9745 1163 19046 15398 11542
8751 10182 19631 14004 1965 1084 11542 19723
9648 2693
14328 13163 14004 1643 7977 6889 1259 7387 4740 12490 12888
8338 12544 16766 920 1084 11573 5178 10706 19631 14004 7215 12396
10081 6026 6771 3100 19544
8117 7391 16317 1210 18793 18884 7387 3082 14274 1575
12016 4022 2527 1620 7822 11080 7680 1259 13861 13892 13892 10634
12504 2183 1568 19631 14004
19302 7654 15398
4684 15401 240
11858 17720 4547 19418 3597 15284 11542 24
11542
10317 3021
10317 19277 16760 19257 3082 13154 568 14569 1328
6812 6620 920 6193 11542 19136
13124 19136 19631 14004
7233 8629 18721 19401 11263 2502 9756 2346 5591
13154 9277 6852 11291 8558
11542 7491 7491 16760 16760 17501 15337 19654 17235 19583 17847 3082 10402 19589 19583
15337 6925
8856 10546
3082 10315
11542 9756 8413
579 7680 2677 5591 19136 19224
11606 7680 972
11542 11795 12882
15170 11795 17683 7136 1173 9986
2754 15398 18611 8116 19573 19278 11542
12276 1965 16865 16755 6533 6771
6201 6873 17889 10455
18969 934 11247 2180 12889 19547
1928 8388 17803 5178 6787
8570 19418 14194 5932 3346
10317 15170 17824 15565 19583 18884 7393 10958 5910 4535 16760
11281 15758 6771 6201 18894 8570
15913 1551 19287 1084 6787 7472 5065 3193 1551 18884 7387 6787 8803 5377 14148 1553 19634 14004 7698 17816 14106 13332 10937 18884 7387 10653
19138 6339 7412 18884 7387 6787 19138 13539 6255 15294 13062 19012 19583 7698 18884 7387 6771 6183 19138 17136 10539
16760 3082 5970 6771 16261 9988 18884 7387 6787 14481 6481
6174 15294 13062 19138 19138 19634 14004 10151 17742 17830 12058 18228 6758 14193 18884 7387 3082 14274 6771 6193 17816 14690 6812 16261 10517 10056 17816 19138
1575
8240 10519 12865 3876 6771 7168 14874 13956 18884 7393 10270 18884 7387 3082
774 10270 3082 3082 10317 3082 14874 13956
12058 4872 1086 6771 3564 4239 121 340 1259 7387 11389 4547 6857 15746 7387
16317 934 14139 4239 18729 11657 120 1259 7393 16316 10317
12058 3082 10684 3068 14004 10317 5678 18760 15409 13529 11606 17992 10278 10684 1127 7387 6887 6684 9705
19089 7698 7977 12058 6684 15406 11606 3068 6255 9926 13718 7387 10064 6515 10537 3068 6857 15746 7387 9881 2770 10317 9711 5360 19481 17499 19086 16460 3396
3787 19631 14004 4684 10317 7168 14874 13956
7136 11542 7319 18884 7387 18849 18012 16760 7003 18884 7387 3082 14063 18013
10644 15398 18884 7387 1643 7977 10958 6675 3003 1643 7977 6888 9705 19635
14004 7387 9739 18227 7698 7977 19442 11136 8348 5590
2721 7680 18255 14876 18884 7387 3068 2721 18255 7101 10472 15911 18589 7387 2721 18255 17816
18255 17816 13298 7387 1259 6852 12319 18255 10539 10057 14810 2105 13212 12568 18255 17816
18255 7747 9573 7387 9739 1465 4207 14810 2105 5916 7393 18589 7698
18255 17155 6182 17304 17008 15011 1848 9881 2770
11542 9279 7319
5179 19631 14004 13505 1086 18966 17748 14733 11623 18884 7387 19589 1497 1962 3621 7366 13813 12276 10357 18339 10171 1909 9271 934 6312 19486 14596 3816 16197 16802
17151 6771 17644 16862 3904 13359 13353 13349 6804 17093 10958 13730 3194 6557 6011 13335 16197 6337 19486 8943 16386
19631 14004 10688 6011 18809 10203 4247 5878 9056 6675 461 16623 13945 14190 9059 11670 4923 15464 19486 14576 4390
5432 3287 19750 15935 19136 12540 17137 7822 6771 579
6771 7822 13191 6874 17889 12886
6771 16794 5851 6771 10086 15062 8109 12276 1084 6771 10317 5073 796 18005 3193 12695 934 19502 13821 7822 18981 12552 14139 7747 12695 9400 6771
947 14063 5098 6771 3326 7822 9930 18884 7387 568 2415 15414 5615
2693
17277 947 3082 10335 10358 6236 2363 15410 10804 17830 19737 10404 10358 16272 10937
6771 934 3326 9930 13213 10829 19737 11858 15410 17771 6771
12504 6533 6771 10317 8396 14196 7233 6533
19138 11542 17881 12813
16596 19145 11542 17816 1620 9139 7747 2310 16746 19145
17881 16257 16596 19145 6693 11332 11542 5626
6010 7698 16760 10350
10318 1086 12504 17628 18884 7393
10318 6201 11542
6478 1626 11657 934 7698 18303 16271 11792 5910 11542 934 7698
7698 11542 3680 14177 1086 11542 14371 10056 19723
8543 14059 11542 6562 7698 1086 11542 11407 2754 17683
2754 8863 7866 17686 12058 10539 11542 11606
19136 11542 13154 18884 7393 19750 19418 4684 5969 11542
19733 10539 18884 7387 8339 7899 6771 9375 16921 3717 8116 10317
3082 7822 18981 568 429 2474
8714 17946 12022 10077 3896 6174 310 934 10539 6010 6771
15170 5059 11190 5088
19488 10515 5179 15508 17985 6771 11541 923 11885 6900 3573 6249 7396 19589 10129 7289 16267 13443 5917 11884 18295 17777 9756 16413 17680
12504 6771 10746 17304 2474 8784 10519
4144 16568 11469 5850 10367 5178 6771 19365 13235
13616 13113 579 19582 14139 17718 9850 18438 15837 8714
1171 15175 7698 6771 11812 7905
9433
4144
5178 952 17137 10804 972 11573
6503 17314 11542
13591
10537 6503 17314 11573 9756 10317 5179
12276 5016
6852 17720 10480 13348 8784 16760
19138 6852 17816 9756 15946 7252 15319 17435 6519 3143
11542 5851
4726 4144
10706 11534 19291
8382 13888 1088 14118 17218 1088 1518
7751 10537 5178 1961 10804 6503 17319 16760 6183 10644 12276
8945
7299 6276 13588 19138 12276 17816
4726
14004 9648 2693
14328 17854 12556 6887 6684 9512 10972 7698 7977 16583 7387 952 7529 15161 4547
4596 17679 15401 7636 7654 6684 14004 4621 17854 13159 14878 1643 7977
17310 10941 10895 8076 15564 7389 9699 523 1259 6193 7478 18884 7393 13729 7747 17310 8338
13906 11047 17993 15537 2715 9548 10621 6857 533 7387 8348 5590
6683 11316 18779 19002 15257 15123 15882 2771 2887 13962 7387 17008 15011 19379 19583 17738 14004 469 18563 4561 5934 17740 6026 1259
19418 14004 14132 5468 15161 4547 10062
19138 12276 17816 6631 1084 6787 176 19631 14004 972 18981 12889 9648 2693
14331 2521 19631 14004 15123 15884 14851 18779 19002 15257 934 16592 9512 10973 14851 6882 6684 9705 9548 10622 15537 17338 9575 2715 4783 8206 10130 829 18239 9881 2770
6771 7319 5851 934 5972 7393 18722 7654 1259 19750 14139 5971 934 972 12888 14328 15882 972 3163 13220 14139 10318 934 14139 5971 16944 9575 2715 6882 6684 9705 4421 15401 14894 18498 934 14139 5971 14004 3082 19086 1643 9756 10470 972 13617 4866 11209 7356 12982 9656 14045 5068 14718 11458 7342 18146 7396 8250 16760 351
11542 11573 19138 19723 14139 10644 10835
6852 5178 11542 15911 18012 16760 9756 3719 2183 1568 10171 3719 17168
684 15787 6225 19641 14004 6680 13110 19583
17683 579 14351 17628 10804 12865 2754 14352
6128 7387 13514 17274 7060 14004 2007 1643 18572 12929 4233
14004 15800 8341 553 6771
1961 17628 14588 11542 3719 18593 6174 7393 13200 3840 17771 11542
19488 7588 16466 19641 14004 6804 6815 18303 17680 10482
12276 12398 10482 15375 7136 9699 10482 6852
13907 14139 7585 18771 10482
19631 14004 17122 7822 4421 6533 7231 6771
11542 19656 1084 18983 5016 568
15123 15882 12276 6631 12865 6183 16593 18981 18821 7822 9633
18981 6873 10684 14878
9548 10621 12882 3220 2719 5590 10317 6694 7391 14878
14139 10539 9756 12276 13240 9837 11573 12030 16371 579 17720 6771 19609 10804 2007 17816 3292 14882
13191 17040 9342 16100 12276 5046 11542 7822 11542 1171 6198 2754 19418 5969
333
10317 18884 7393 13154 9871 18884 7387 1175 10278 11542 19418 10320 10537
18793 3082 6536 17867 10406 7387 19589 1259 14921 3423 11912 16261 13156 11858 17720 8106
19418 15398 15577 4022 14274 18884 7393 11542 19418 10700 16120 19418 10700 14416 11407 3188 11606 7299 13854 2676 4951 2527 1120 18554 9756 15946
19634 14004 934 2838 16368 7235 5906 19749 18895 5756
11676 930 17686 7387 13152 17931
12058 6631 5178 11542 12748 19723
12865 15170 7526 9926 3082
16595 15173 3188 7393 1259 13159 9926 8028 7680
6533 13159 7393 15911 1430 11542 2730 9914 3082 2363 10829 2518
1708 17517 17357
9926 7387 8450 11542
9926 7387 8450 3187 19089 15398 11542 7526 11542 6361 6198 9836 15946 17329 1368 13913 19365 6771
12695 10317 9850 13159 18884 7393 11573 13588 3220 5743 9756 3834 9926 7387 8450
7528 14139 5971 6771
3375 13477 3756 7387 3082 14118 9263
3082 5461 7299 5912
18317 3194 6771 16368 18416 12449 8338 7236 7106 18568 13115
3193 17122 3017 5985 664 5969
14139 5970 6010 10073 10528 7319 13115
7822 18982 12889 911 2912 9005 9648 2693 14328 9512 10972 9548 10621 15123 15882 4866 6026 6771 16914 10804 18884 1259 7393 3375
10523 10402 9146 1364 7392 5969
7822 6771 920 6771 13561
6501 12396 6771 15565 7698 16317 16233 3082 9266 14004 12851 14139 16371 12221 3597 17127 10317 2721 5178 6533 6787
10539 4866 6771 579 6693 10317 4262 10644 5971 13656 6680 14051 5178 12748 16094 4373 4076 5300 6675 9050 12276 12716 6771 5068 3220 17631 17683 7747 7199 14733 7387 4388 7472 10040 10881 5457 9195 1877 14691 6771 16579 1180 18730 5178 12200
14139 7698 11542 19138 14139 4874 15398
6675 9051 18004 11542
10317 5917 3082 6182 1843 1115
16760 7698 17718 7299 15401 18884 7387 3068 9263 8699 1306
16299 10317 19145 18012 16760 18013 18884 7387 3082
11542 2527 3187 10537
15173 934 6675 10317 11542 2058 18578
7927 9872 17415 10228 10142 10537 6675 10317 18542 19164
14139 10317 11542 4874 19136 2677 17499 1171 9871 9756 11542 15169 12276 17816 2310
16298 6198 10317 16276 10875 7526 14569 19737 620 8281 7446 9477 13213 7526 952 1474
4207 1688 16227 19164 7195 13875 17685 360 7392 6174 8240
11657 8589 5534 11657 18722 4207 1688 11657
16760 17502 6602 10513 19089 8338 8309 1115 7576 19474 5005 16278 15398 11542 6174 1748 14118 18884 7387 10317 2772 11542 6520 10838 7412 7392
934 7283 9983 2719 5590 5154 13298 7387 12060 7526 6174 16094 14271 10005 3106 10317 16272 2754
5178 9756 19278 7291 14614 11542 14136 14139 1643 1551 10317 13118
19631 14004 11542 11588 17989
11542 14139 14139 11807 17304 9850 6198 5803 7654 15398
11858 15169 5178 240 11542 7698 6183 7698 11542
10482 7698 11542 7654 15398 12276 11573
8570 7654 15398 19547 6771
8259 6771 19418 10298 17202
8570 5969 12276 9871 240 6771
10903 9756 7654 15398 1909
9756 11807 7654 15398 972 240 6771
8570 5969 19631 14004 11606
10482 8250 11542
