402
11542 17985
16760 10350 972 17816 10546 18324 7979 9926 930 1758 13191 18047 5436 146 8365 14638 11503 18767
16724 18796 19418 3946 10537 18767 17720 18767 4557
18981 565 18767 2940 2099
18981 9756 12882 18767 3068
5445 11542 14139 17989 6533 7654 5935 2168
7803 11542 9029 16899
12865 1368 19324 19136 240 1123 19733 4684 19603 11416
17683 11542 17018 12865 19583 12276 9871 11542
9756 14364 5969 15938 13289 5969 19145 11542
14148 13856 213 16593 6852 13110 11884 7803
11542 17549
16462 852
8367 11503 10171 11858 2730 1620 10482 5437
16907 6608 11503 6812 10804 19725 19086 16595
376 1159 5008
5008 17944 11247 3975
15046 7698 928 5436 9756 5006
17944 8367 14400 1965 7233 6174 17944 9857 8367 4445
10700 15496 11542 13191 17549 13220 12929 10706 8367 18981 4661 1115 18981
2891 11542 9850
4512
6852 12276 4512 12276 19599
17683 12968 11542
6677 19145 6771 15062 5101
10317 2896 10318 6852 12276
2007 6495
10537 11542 17816 15398 8667 4424 4656 9800 19549 8103 1086 9067
11573 17114 9850
5078 6675 12127 594 4341 14129 2896
6533 14639 147 19725 15398 17963 1180 9863 12276 6631 3082 14139 5252 6680 18489
2896 17114 7585 18716 8570
8028 11542 18716 6675 8111 8365 16724 7136 11503 19399
17568 5862 3686 9756 4937 16724 5008 9756 11292 4485 10476 10537
10999 3597 8252 6675 15830
10999 5078 8572 3287 7291 3193 4363
1176 13484 15648 17435
9756 2754 15170 4473 4575 4587 9863 16724 6174 15170
9856
9756 11133
6194 2832 8365 1423 19733 2832 6852 11542 12276
10537 12707 11542 1928 16724 18767
1833 12630 4481 10539 8367 10483 7291 8109 15398 12695 17889
9756 7136 147 19725 4860 12276 8626
16724 5006 9756 5969 11542 1169 9756 19138
6498 18767 16724 8365
4473 4575 4587 4473
8570 12799
3947 7822 18047 5436 18047 5436 146 18156 8386 13437 920 2754 16701 13459 6852 16701 7698 1086 3082 12242 9351 11863 3082 6771 2058 15046 5450 13538 10176 12429 18537 11904 7337 5293 4421 7319 11542 16317 14404 6249 18981 19573 10245 6852 7822 13191 7698 1791 7698 19737 18047 5436 146 2058 10558 6852 7319 15046 11409
12023 327
213
8365 18156 16744 19090 1643 7977 11728 5435 19089 3975 5437
8365 934 6815 11406 4557 9756 17549
6852 8028 10303 5970
15375 8028 4848 4518 15497 9863 16724
8367 4558 11406 1620 12234 9856 4445
4822
11542 11858 14215 8675 5396
1086 13529 6174 1982 6852 11542
14632 3082 10315 947 8365 7812 11844 17830
6693 19164 6852 12276
2832 11406
10223 15073 1982
934 19365 13424 12815 11127 18429 18932 6478 12815 501 5910 17085 6843
11366 11128 11606
10318 18047 5436 13588 10317
14114 6927 11203 2335 12429
6540 18047 5436 7176 15911 6852 11542 15169 11542 6852 17816
12030 6183 15410
6193 3733 6852 11542 6331 2410 18690
19583 7752 2013 6193 19164 13341
3567 3082 3819 5437
6174 15284 6331 8955 2479 19365 5045 19583
18047 5436 146 18213 1084 9720 16261 11938 5803 19418 405 18701
13342 18542 16766 1084 6771 11542 6026 6533 2754 5969 762 327 359
8365 17944
18047 5436 146 5065 4575 4587 16760 8365 12058 751 147 7899 2249 5436 17944
17683 7822 6771 10804 14152
6852 13588 1965 3296 15410 1084 6771
533 7822 697 16367 11542 4684 7526 24
11542 14139 8850 7899 2249 4943 17944 8365 17304 7799
11542 934 13321 8367 10948 12346 277 19725 771
8365 16600 14132 3184 6608 19087 11858 14475 16258 15458 2857 2418
11542 14139 10519 8243
4745 17631 10317 14586 4571 10516 10570 12815
18047 5436 146 2587 18690 13437 6245 5898 18949 18210 3184
18047 5436 146 4684 19603 277 19142 8396 14196 3137
11 240 7698
146 7822 533 15530
213 10537 10684 2912
252 6804 7822 1788 6076 17552 18914
277 1328 1626 16760 13529 16384
294 15375 6771 4292 16976 6852 6335 2013 10530 6596 6249 1474 4905
311 7822 672 533 2058 11213 14980 8707
327 6765 7822 16088 8707 2447 18969
344 17637 12276 428 6631 1372 6774 975 1833 15284 9648 13387 8543 15489 1620 4549 3347 5765 5178 17319
14106 14666 8662
3610 8651
10481 14666 13538 18047 5436 7442 11919 16593
15410 15911 14111 2479 7698 11080 19145
15521 934 13941 5970 17718 12707 640 6812 10081 8251 11794 9403 15686
13941 10519 9199 10317 6814 3068 17720 4557 16258 10958 5910
15169 8867 240 11542 17616 7228 11837 5971 8886
10999 3077 1907 5985 2527 7822 5856 5450 15221 5349
19733 533 1575
12023 8396 14196 18047 5436 146
15169 11542 19735
1909 14139 972
12276 11573 10233 11259 3047 15521 2754 14139 11884 11499 10406 10835
12276
14139 9802 5035 13538 12707
5472 13730 7144 19725 19043 6804 19603 19046
7902 17479 4013 13538 12290
15406 10317 7900 11768
16371 5719 5349 8365 1013 1423 10700 10480 8077 1013 1833 14577
11542 11606 7307 13538 12276
16318 14139 972
14139 11670 19136 6939
8125 19568 4850 13046 1328
6685 10537 6852 17816 19138
16760 972 15148 1086 1328 1833
3082 3240 18314 16760
6771 7587 9354 12865 6119 19749 7478 1899 8135 6209 1171 6174 12865 17419 18716 9871 12429 14569 17148 1306 18716 19583 13941 5978 17883 8152 19583
8125 14196 12865 5436 6549
2754 15170 7822 9633 5468 19582
2479 8109 12865 1306 19583 19547 11573
12932 15284 24
19043 11877 11542
10572
8365 17944 5123 8772 2969 8524 8716 11863 19407 5437 11697 5436 14734 18303 7233 6812 3001 1788 13720 12815
4515 10946 13538 6771 934 8271 533 12605 14139 1833 13115 11863 3082 3630 18047 5436 146 10151 1982 6852 12276 934 16261 6335 8102 16992 4578 12165 12622 19136 13859 7235 10350 934 6606 5437 9756 10644 11542 6174 1982 15521 934 6771
11542 972
15046 10187 6549 14980 446 11542
11542 19418 10700 5851
19138 213 17830 10644 4360 6193 17816
3082 579 10700 4939 18566 10519 11573
1086 7737 19418 15170 1965 1086 6183 15410
10644 6201 4907
2754 15398 15210 7197 6200 6467
10700 3082 12882 10482
10644 6927
10317 18767 19645 7850 8018 16724
18914 10402 3378 10706 5910
15217 972
15410 11542 19737
7654 15398
11542 6562 1965 15521 18047 5436
15800 6249 5856 972 1084 7803 11366 2891 14124
18482 11409 7319 14900 15046 6053 11409
19418 11858 14314 19145 11560 14139 16695 8243
176 19138 11573 15911 18012 16760 5472 10706 972 9633 13171 9756 9852 934 664
10684 3082 1848 6174 7823 19418 10700 19474 6313 10278
14196 11542 6194 751 5974 1084 11573
17122 19136 143 11542
12276 6174 1982
9027 15375 9204 10946 17467 7176
5472 4510 19164 3036 3082 13796 13808 5445 16555
533 15282 9023 12276 8929 15862 5864 8367 9699 6812 8796 6464 14586
1904 12865 2754 3047 1982 3035 8382 13544 12618 17573 4008
10698 14360 8367 10278 5436 12695 7577 4940 6852 11542 4828 10948 3082 2348 12276 1120 18974
5856 14998 8382 17748 6995 15530 8707 15126 3601 14381 7975 15062 3393 11746 15530
11542 2754 661 9850 10073 4360 2479 5856
1833 11542
10537 10537 4939 17984 8365 14359 7235
6631 10056 15217 2133
16468 9756 11098 930 15410 11542 11898 15073 1982 7263 10537 7263 10537 6852 18047 5436 17720 11542 17946
1833 11542 1982 7263
6478 7680 15398 11858 7654 11573 15398 11542 18290 17608
10537
13171 2479 1120 18047 5436 213
13171 7654 19136 240 1575
8675 16976 18047 5436 15521 11606 1557 18891 15521 10245 12884 6852 12707
5383 3296 7803 5707 18706 11389 6088 12884 16760 2058 19179 13391 2939 17114
5436 17944 923 14734 8365 10684 10129 11542 13529 11606 17679 18895 1047 3100 17558 5437 15407 2876 1568 11573 17683 7588 11863 12879 18005 5437
10958 5707 12396 1047 17562 8593 8855 5437 11863 3776 8784 5436 12957 10706 13110 18895 11247
18299 18273 11542 13529 6338 5910 11542 2754 7928 11186
12882 1086 1833 3296 2939 4245 1818 10028 11542 19137 3193 751 7897
8243 17989 6771 4730 1879 5910
6852 14551 13538 11542 908 5437 16627 9453 8365 11884 17985
15401 8365 17944 5437 13159 7698 19164 16595 6771
18482 17136 8367 11406 16701 883 18295 2223 15410 3630
10537 5437 9756 7822 14636 8366 6608 11503
17429 9600 4578 8367 6608 5006 13722 6533 7698 5917 6174 17718 8116 12514
8570 6533 7231 6771 17690 11542 3630 923
18047 5436 146 2587 18690 16977 10056 6771 18273 18966 1510 6653
11657 9648 13387 16271 9684 1011 1965 16317 19723 6562
18966 19467 14139 8945 15221 7545 12539 5437 10895 5436 1791 1833 11863 1269 15220
10317 6852 6771 8666 14051 7549 1965 1084 6787 1205 762
18981 527 7822 605 952 9027 2940 2099 613 11884 17985 6771
8643 15170 16760 19654 13941 7698 6852
19138 6852 18047 5436 13169 17136 2129 1568
6337 8382 17816 1306 11542 5097
1086 17946 12022 15221 18087 6995 1009 3440
6249 16317 934 1620 12276 7677 9684 16574 18017
7124 18722 10804 17830 6771
5851 13808 16460
934 10317 6771 18728 3082 10682
16261 17136 8367 12841 10174 6852 11542 3948 12276
4684 19418 10482 11877 12707 7176 1207 751 14026
11606 774 14669
1879 5910 11542 17310 9027 9699 18908 19164 10523 648 2418 972 5437
1833 11542 3936 19545 5850 10171 14281
6193 5850 10706 8685 14286 5461 1835 5766
19568 10223 11742 16899 11542 4236
10540 18870 18846
10056 10381 8371 11127 18566 1084 11573 18156 17499 16261
10545 10537 11542
17683 17310 1084 11573 1120 10246 19143 7299 6593 15371 1933 972 672 5437
19278 7654 15398 7228 6771 3344 6549 6852 12276 19278 17686 1982 6852 12276
17982 19659
11542 975 10644 4515 16760 16701 8707 10317 6852 12276
11657 6873 11542 12882 14139 6174 10700 6675 10317 19145 1084 11542
15221 14118 10482 2129 1568
9684 17628 16270 11542 972 9633 10709 16270 6873 11542
7228 9872 17137 12967 11542 11606 4515 16760 17140 4580
12968
10402 9850 17608 10155 15211 15221
10482 7129 11877 11542 15540
8396 14196 11542 10550 11573 10233 6107 14118 19583
15410 6852 11542 19737 17009 19136 19136 15521
12 12 11542
18047 5436 146 19609 19149 6337 9815 17124 2876 6026 6792 6771 12601 6193 6677
8110
17718 18482 18273 5850 10644 6693 6677 11877 8386 10245
18969 1013 6947 15530 13529 8945 6174 5075 7081 7680 18721 11863 10313 17456 2754 17124 12138 15328 7319 7525 19575
1626 15284 2231 1013 18247 13388 11542 14139 7680 10656 2372 10958 4684 12415
8180 17422 18047 5436
15375 12707 11884 17057
6852 67 11284 16897 240 5711
6693 10626 14742 5437
11858 15410 11606 972 240 5711 8338 4445 12735 1568 15217 8243 11071 15217
6174 17608 12865 6693 15046 9005 6464 6401 5437 4421 10539 12865
15221 12865 1217 10081 15401 5437 564
1086 19573 1575 6693 10317 18109 672 15324 7698
6812 2317 15221
9354 11863 3068 8338 11503 11884 17986
6771 18107 8707
10539 11542 11606 12707 11 19046 5619 17690 12707
1835 1084
9120 4185 16766
10402 4074 11542 17043 9926 19418
16443 2418 8243 7263 7263 8243 9926 10999
14139 7442 10286 6675 11453
7822 9633 10691 3100 3082 10537
6804 17944 7529 11407 15712 8365 7529 1591 16543
4684 9850 1169 10948 4234 7822 10494 8494 7526 7408 13191
934 5767 17136 1620 14148 10539 6852 12276
19043 6800 9204 15540 16278 3597
8570 10537 11606
294 9735 166 6771 3220 13168 5366 739 18047 5436 146
8365 17944 7399 14630 6249 15521
12058 10417 8141 5437 3315 1956 6464 6416 18560 7008 8365 7233 5437 15161 19164 10278
7144 19725 12396 1086 15521 15409 15360 16047 6812 8889 19583 15319 10406 568 14118 15220
14638 12240 7233 9351 11863 12290 8884 16985 1620 19583 1084 18908 18662 19164 10278
1571 1089 2754 13856 11606 12934 3082 16364
3193 664 1497 15407 5969 4684 7698 19164 16407 4138 8627
12276 14051 11573 7698 10804 10247 19365 6533 2754 5969
18917 18916 8339 1907 8341 5912 7299 11983
13856 6771 3344 10931 19547 10278
5615
17758 18689 6011 6198 7484 5372 8707 9800 6201 7530 15541
1086 18213 14411 6601 9005 10804 6995 15530 5437
4241 934 1421 12276 15528 12276 1084 3068 8878 12930 1120
11332 11542
11542 7472 972
10519 533 15221 7822 7803 11884 8707
12936 17683 10519 1982
5917 9756 15407 15012 10121
10317 12865 19664 15337 14016 16889 19647
6339 10519 15521 12276 6631 6787 13941 7526
15012 5917 10171 13941 5098
7472 7822 11542 664 17479 9850 879
14196 6198 6540 18047 5436 11 9931 10961 19418 19573 1982
1171 7680 19136 11542 14666 7698 10577 7822 17816
11542 12058 12276 17816 6632
7694 1620 17608 12618 13547 19136 11542 17830
12276 11573
19086 7654 17922
6554 16766
19418 5098
661 10317 16766 1242 9850
6198 19145 8111 6007
533 7803 17058
7822 19618 15221
10537 5851 3848 3082
14139 6218
934 10358 15073 11542
5916
17683 19418 246 11542
19043
11542 7698 7291 533 9871 5508 11190
1879 5910 6249
6335 8365 6812 11503 11542
11542 15794 12865 5244 13730 15947 2754 12514
15800 18210 7235 8365 7205 17944 3975 928 5436
18566 11542 15410 7822 16766 13729
5435 2187 10684 18914 18228 1387 1300 5437
17499 10318
4684 11670 19136 11542
12707 17944 17305 1568 5435 2187 7698 17985 11542
4684 4862 351
6562 12276 1965 3194 11573 14371 10472
15409 10804 7136 7263 1965 17865 19723 5383 19418 16566 10472 19565 2473 11542 12197 7529
11542 6333 15863 6852 17865 18047 5436 7442 9346 5851 14733 18894 405 6348 2494 15557 5856 15521 6333 16820 5850 17280
8111 11409 8107 13102 730 17304 14787
11573 16299 16267 17337 6403 18936 12132 18047 5436 146 10644 17122 7585 18895 5767 14124 17680 952 18266 19164 11203 8570
24 14196 18896 11542 1498 762
6010 9346 7299 3147 7291
9756 7291 6771
9988 1273 18213 14303 12276 1965 3193 17370 6787 10056 12897 277 19725 11270
9756 19138 11542 19735 10233
14106 14671 11542 10644 11845 19145 969 10408
1086 9803 7530 1982 952 17137 11542 9565 5509
240 6540 11542 11812 19138 240
1982 6852 10804 19171
18981 527 15337 17946 15755 10402 2201 2007
19145 19053 17614 19478 146 19725 10064 2754 19136 17690
11542 19723 11542 13859 14118 8382 1708 7822 15526 17456
19046 7654 15398 11542 19224
13670 5098
11542 17683 1982 6852 12276 16760 3082 7822
5003 579 19083 15398 11542 10318 6852 12276 17720 7680 1643 6554
17679 8368 4445 5006
19352 6675 7698 6504 15046
5437 10482 7822 17944 10481 9027 7545 5438 14416 11732 13529 6554
934 5435 18914 1575
3977 5437 6693 13391
8369 11503 6554 17149 13529 6053
7552 1788 6053
11542 17982 19603 15401 351
11542 14139 9201 7299 19136
19136 922 6533 2754 14548 13793 11542
6852 12276 7698 206 12276 6174 1982
17122 11542 7680 19442 1965 1084 11542 17865 12415
5619 19046 246 12707 8573 11877 12276 19418 17132 6337
9953 5075 11657 5075 10743 10700 1421 11542 10317
19138 11542 922 3756 19418 19086 19136 7233 6533 11073
19418 7822
14139 5971 11542 5910 8243 10171 7291 5856 17748
8665 146 11670 19442 12414 1965 1084 13036 19723 11952 1965 13036 9756 10317 1620 160
11542 2527 1084 11573 19365 11863 10245
16760 17989 2754 15398 14354 2249 8365 17944
3296 18966 5711 6554 5649 1965 1084 11573
18981 19573 7698
16760
5865 5985 19083 7585 1568 16466
11542 18213 14411 14748 4062
15410 11542 15170 19418 5098
12276 5410 11542 5927 18217
19086 5910
12276 8306 17043 1909 3044 1828 132 11586 17598 16852 16595 19723
7442 351 13593 11542 18533 15521 12431 24
4688 11011 9756 2906 7698 13191 1086 8955 13941 2058 405 10700 9756 11606 7299 6852 12276
1274 6174 17133 604 5450 5769 11409 14421 12240 1084 11573 3188 10317 10373 9881 10013 17816
13263 6291 13617
146 17680 2336 2058 13191 6872 16132 10317 15398 15521 1744 18981 12882 6872 6852 12276 3422 1591 17471 14139 8309 10700 18077 19749 645 8365 17114 12276
6852 18047 5436 11542 429 2129 1568
16701 12276 17946 7144 1084 6787 9028 9954 7277 12651 16445 1568 12429
6852 6771 10743 10700 240 19573 17939 2443 1568
19138 3287 7144 19723 12240 4536 16410 6771 5683 15373
8111 14491 15521 9756 2469 3572 7319 6276 6852
8929 9756 10317 6852 6771 15406 9926 2891
18981 19573 1086 3591 7585 18716 14118 527 6348 6554 2912 18079 11798 17467 1077 11957 16744 533
4297 16760 6771 16999 10402 15522 18578 8105 4884 2003 5994 12240 7888 18117
6771 1942 15688 18482 3090 6852 6771 17791 2369 5970
11573 7698 2891 11812 19138
19418 6362 17680 11542 6852 12276
15169 8668 4536
8668 10081 9926 16760 2896 2103 7526 6765
10077 14139 8116 12429 16630 13922 6255 9850
19136 15787 8668 16702 5971 11542 11863 672 8365
9926 11577 15800 7022 17816 10350 7529 6114 9633
15787 2891 11852 15512 6033 11573 8570 3946 10700
7698 15540 17889 19603 11416
11884 11542
143 17816 19138 8650 18047 5436 8945 14359 5436 8685
972
6062 9930 9881 5436
2754 3975 6193 5437 9005 17944
3612 13389 2754 3975 14359 8365 17944
14139 18213 10537 11542
7979 7654 15398
14359 5436 8685 934 10537 6533
11606 4448 10537 11411 10537
7698 11542 6533 6194
6174 17590 14139 10537 11542
17598 11542 13607 11884 11542
18047 5436 146
15521 11606 10539 11542 5436 146 19059 17806 14933 10691 7299 13952 5436 11 13736 11863 7215 8791 2754 10700 5436 146 11077
11542 8958 16899 8856 18719 240 5711 3878
5437 6947 15221 8116 7086 6119 11863 9850 1497
3076 8699 5437 5349 11606 2832
8116 8823 6478 7299 13952 10559 11542 17310 4515 19164 15375 8028 13736 9819 18299 18273
2620 8382 6337 5436 146 6519 15755 11218 11542 4509 17304 11863 3045
3163 8338 8365 5436 17944 14404 16818 16760
7680 7484 327 12 18047 5436 146
6927 15162 6253 18969 3082 4800
19136 240 7291 8900
15169 6852 12276 2730 6685 10537 19278 19136 11542 15196 10958 5097
5910 3334 6174 17718 12276 19603 12276
5016 12396 11606 10946 6339 8111 19278 15398 19043 15398 17690 6800 9204 2015 17136 4578 8675 3068 15540
19145 11542 6693 10317 11606 10473 8626 17698 11292 7698 19164 10644 10512 18017 17816 9756 1833 1086 6925 16760 972 14196 11542 10396 1171 9756 12023 4515 10946
