486
6693 3690 15858 19647 10317 12429 11542 9756 15175 17839
4302 14671 13236 6771 6554 1965 2249 6183

6562 9926 11542 19141 15173 7698 4302 15170 19547 11670 7698
2249 11542 6174 7698 539 11542
8240 14671 17305 146 16316 1583 17683 11203 7654 15398 4302 7747 19659
15994 13283 15337 13191 15844 8028 19164 6771
7359 2249 7582 6329 10443 19365 6771 10481 10317 15771 15351 13888 7850 11645
6852 2249 11542 15410 3287 15911 17785 19733 19725 771 18731 19136 11573 5593 6693 8751 15994 19603 7680 15398
15161 11416 19043 17813 18278 10151 2754 14205 6717 2317 12725
15994 16371 9541 2249 11542
16993 358 1415 10861 2249 15073 7680 1620 17816 10626 11797
16760 10350 2821 3109 11792 1879 2253 12118 15798 18043 16462 9252
2253 14810 14216 17573
2249 17687 12735 15979 17480
18914 2395 2249 6491 17576 14023 13764 11030
2342 10350 8215 2491 9248 15169 2249 6872 6740
15324 7698
12276 9541 2249 15755 16755 2721 7684 18047 6750 17946 18047 18250 16160 799 18047 19656 160
3635 9541 2249 2983 278 19725 2249 11542 7176 16914 16978 11542 7176 6183
15994 10430 9566 1575 16904 16371 5711 12276 1833 18040 2249 7582 6190 16899 1711 10845 2474 17628 16270 6462 17316 614 13608 12788 6070 10610 12371 9509

2693
14242
15956 8535 6098 17526 4494 4194 12882 2249 9564 1717 15880 18914 10323 11858 15410 7176
4470 9717 4774 10868 10626 15557 14622 12304 6771
4773 13319 10626 15573 2249 6788 14205 7586 15319 17816 4862 8547 3068
4194 2908 14964 14404 6631 2169 14082 13317 16508 2656 17517 2249 14894 15911 10654 15382 15553 15994 7291 15148 1008 1965 6787 9871 14371 15369
6183 19138 3346 2253 19418 774 14064
9926 14118 2249 11542 19136 19136
16760 5510 16268 11542 7694
13870 14139 5847 13870 7526 12492
9856 10626 1120 11349
4494 4191
12226 19720 9541 2249 5488 8291
10269 9856 10056 7822 2249 19733 9926 13154 2249 10056 18210 2249 16914
13050 12231 9633 16266 9756 7751 16744 11542 15540 10644 7585 7834 11601
2498
12504 19418 3946 5969 12240 2249 11573 13124 11858 19136 1173 13607 11517 7833 13888 9541 2249 6787
18566 14669 7136 12030 14196 11542
13191 13283 4973 8575 527 16705 17168 11966
2754 18731 17499 19486 11291 18303 19324 6771 19418 19603 19145 12276 6850 1763
7526
16596 19365 10519 14952 3109 16889 4381 2249 6518 1203 4557 14802 18123 7462 18454 15773 5515
11877 15375 19058 16103 4089 13389 7215 4460
8102
2349 7199 3346 17584 1929 15344 19380 2365 16583 4068
7526 1982
9815 10482 19136 8578 5910 16278
5628 2249 11573 16914
12276 19131 16332
1564 34 8108 7585 10843
7698 16391 19648 17499 15769
6771 15636 2251
15398 15540 5 14118 18099
16595 15217 11190 6800 11997 3847 934 11606 4431 12030 2249 16914
16909 13870 13536 15540 11858 15398 2660 13870 840 2498 8770 6934 11670 18270 7817 15636
10804 14152 4860 11097 2443 5427 7685 2908 14964
15994 2317 1879 11792 5910
8570 11877 6771 10700 19418 11606 1982 10700 15994 16914 6771 13341 2719 12707 2251 14118 15636
19474 19647 1982 15337 11877
5098 13283 6287 2249 6771
11858 19647 14671 11573 6478 6852 17816 11542 10005 9756 19104 2249 6549
13191 4022 7359 11863 19749 13870 7587
11416 12860 3562 2249 15584 15584 16021 7576 9756 7353 7526 15771 277 11292 10064 524 10317 6174 2833
4747 190 1620 19086 14333 17816 7431
9926 11606 19647 10700 11573 4549 12865 11807 4239
5 2754 7526 15771 11588 18047 6515 10317 68 10406
17057 8685 6365 8103
19418 10056 2249 6771 15398 14106 1982 14671
9029 5098 15994
13191 6693 19179 19164 10804 13191 8495
8167 8002 10656 11573 2479
19733 11797 5767 11542 19278 19164 6562
10804 17830 6693 2310 3137 19136 8116 1909 2249 6771
1372 10317 15217 11710 11047 13870 14647 18210 1209 8186 10644 16522 15371
15217 8239 5954 14851 3630 16365 6812 8298 596 7822 6646 5767 10700 12276 1965 15851 15221 6183 15410
10318 13870 18914 12888 18303 15221 10644 16233 277
12091
17058
19618

311
327 8871
19653 14671
2249 11542 19488 7359
2249 11542 19488 6677
2249 11542 19488 13695 15337
2249 11542 19601 7446 18914 6183
2249 11542 19601 524 6183
2249 11542 147 11292 533 14588 9756 2317 16889
3597
18303 8627 147 11292 7039
17686
8117 2249 11573 6540 952 5971 11573
17720 16269 3852 14874 11458 1965 568
7526 19659 10318 11606 2908 14964 4497 7779 12888
13891 16225 11035 15994 6562 19601 8384 11542 6183
2249 11542 1176 2249 6540 17009 15983 11542 12901
17679 4136 12321 17865 15217 615 16270
17446 16899 15902 19573 18722
10804 11007 9864 8707 17982 427
6201 15902 15541 14139 11334 7319 16094 2939 15221 3079 7107 9541 2249 11573
18438 13766 1645 18914 3017 8536 1209 1203 9864 5985 10700 17006 13768
18731 10537 1651 5052 8543 527 6562 18730 16569
7927 11670 2094 5067 7003 15749 6387 11334 16760
11599 15103 11089 11843 17304 12276 3291 2015 11416 16436 1058
10644 6852 9541 2249 6771 2754 16566 11118 11112 5454 14946 2838 16544 16583 12888
3017 11599 4442
4191 618 12310 16054 5049 6 2058 19594 14946 5689 11011 5337 15995
9213 11599 11089 18728 753 2249 5122 512 12748 462 553 3870
605 11863 14111 6530 3068 2527 9658 6771 10709 7177 4144 10804 9702 14274 9997 15641 9042 9680 10081 4732 14102 12276 3597 6335 2249 6777 16050 13606
11332 9509
4773 2539 19017 10626 7587 1965 6771 12888 17816
15994 7587 7052 1281 6771 5078 11039
10804 9468 6771 7319
6852 18047 2249 15771 758 5880 14747 5934 11334
15878
2908 2249 10514 7953 7530 1620 17946 2462 19059 1568 19488 13030 13086
1127 6107 7600 5894 13571
15217 11601 8241 15750 15878
1127 6107
15793 15994 6076 15878
7698 5711 16907
6174 10626 6107 3064 12157 8377 7893 9801 7526 15577 15773
1127 9857 10626 18690 15942 19488 5445
2253 9863 15878
11542 1965 1604 11542 5711
18213 17549 2249 6771
9988 14118 13191 9930 2249 11542
16266 14139 2317 15673 2249 6173
14139 7953 6753 6174 18278 15539 1982
9988 10667 15564 18731
14118 16760 10350
533 15530 16595 7698
11457 1982 11542
18914 13859 16904 9930 17680
4494 7845 7698
9983 16760
6335 1982 2249 11542
283 2249 11542 6338
6174 2635 12032 18278 15538 1982 19145
16266 16069 2249 11542
10523 7953 6753
6107 18914 13571 934 18605
18155 10317 13191 8495 8526 15173 16261
19656 1649 15880 15409 9926 6193 11537 6193 18266 665
13297 18234 16618 2821 9756 8106 13793 14748 17816
3044 19455 10525
6201 9756 14748 17816
16100 7654 16784 9252 18876 9213 19135 18303 8627 17816 3287
3597 16347 19578 10627 13900 4133
10961 12695 2491
15410 11542 9756 17683
2065 13191 9756 16878 15081 533 19164 923
7680 1380 16255 9856 6198 11133 2585 19164 17369
13630
10056 2249 11542 19418 12799 15398
6852 18896 15994 10171 10402 7267 16069 12596 6852 8028
8643 16760 2931 16395 15375 5910 6693 12504 16054 1982 2908 14964
14284 8643 10519 1230 2249 11542
753 9541 2249 13394 1203 17537 4630 14300 7585 12181 6174 6875 17718 12242 18914
10519 533 19488 6545 7359
15889 11601 18669 1904 2253 401 2058 17816 14187 3612 3642
14273 10509 859 17523 18346 8243 17989 14404 6635 15217 11542
11542 15791 2249 8685 6852 15382 758 11877 15800 8685 15837 10804 17720 11858 6313
11542 10519 1180 9756 533 15530 1189 11247 10706 6675 14629 1965 2249 11542 15410 10295 15410 10056 4593
11542 10402 12396 2249 15540 8770 6934 14885 7816 3597 1620 8185 4406 7176 12587 15330
11542 10171 6198 15733 2317 18368 2249 6939
10171 19278 1782 11334 12030 13191 10804 10499 5927 3380 15831
19650 9857 2249 9926 6201 10706 9541 2249 4022 16508 7849 10537
17679 11542 10318 8629 5320
7359 2249 2821 2249 7576 17168 18299 533
3717 19131
19418 11858 15398 1120 2249 14370
7654 2677 12240 15540 5591 15398 1120 11542
7849 2249 5427 5005 1120 4547 19418 5383 19136 9488 15798 18278
3048 2908 14964
7874 19733 10317 6195 19583 1306 18716
2249 6107
12058 8714 19479 3100
17816 13891 16225 6174 9926 1120 2249 11542 4494 4191
17137 15398 18278 6852 17816
7698 16267 6010 6852 17816 1306
2730 15994 11978 15215
15169 17614 19546 13240 533 15878 8003 13191 8495
2730 18278 11450 1620 6174 2335 19136
17122 7654 18680 16389
774 2249 18682 2499 11863 2249 753 4255 9863 10634 10914 18722 6750 13538 6787
14588 12815 9541 2249
19418 11334
15994 17690 11542 16592 4494 4191 2249 15521 10644 9756 3691 12242 11573 11861 15994 8825 6179 2908 14964 13891 16225 17310 13110 16264 10064
6179 10056 18303 11573 11966 7027 7586 4905 8103 17649
11861 15994 10746 17499 11863 16760 2253 10278 15521 14139 6384 3068 13018 5854 14139 5349 10519 12242 11573
19656 15337 533 15530 17552 18005 15375 8028 11542 16760 1849 19179 5985 17774 6388 552 6801 7526 18895 1474 10611 1120 2249 15521
8675 2249 10548
19145 2249 11573 15911 1879
12276 7698 920 6193 1371
12242 2249 11573 1204
7822 19654 1907 16755 18213 15927 18917
1660 13279 10472 16760 1583 10684 18914 525 15211
10151 7086 11863 13870 10317 67 19725 12240 13159 17932 18013 9213 7756 7359
14139 8570 16744 10709 409
2249 15540 7698 15911 7685
3808 2249 6541 14177 4596 15169 18278 10278 15382 758 14404 9279 12979
17137 11606 10480 7129 15994 2474 568 2474 5075 4610 15329
952 2007 1697 16595 19087 13996 2159 13514 18895 18721 17732 15216
9541 2249 17155 18523
11858 11247 17720 16601 1881 6771
16595
15398 11863 3001 4854 11342 2730 11342 17771 17720 16261 19659
6771 16069 15221 10472 12292
10233 17499 10317 16760 10317 19164 6771 16266 16073
17889 10317
19474 1 14064
3833 11007 13191
2492 17563 15126 17816
9719 4773 952 7698 15161 15723
7698 17679 15169 976 13555
19054 17608 12804 12
3565 9016 10709 9445
19479 3100
9756 5496 4973 11877 15742
15161 18896 17816 19136 12240 10055
7526 16261 10151
10317 18721 12240 1415 10861
13154 12240 2249 11657 17631
17594 16094 11108
10804 15221 11539 15319 15869
17679 2249 6939 8995 11727 2249 19582 11167 6141
6201 5803 6680 7481
8543 18155 7585 4191 15771 14139 15822 2908 14964 8037
9756 12030 8491 9276
13191 11792 11966 17655 5461 5165 9756 16744 2857
3082 7088 14748 4887
533 12030 15398 17731 6942
7526 19087 8693 2249 10700 1907 16984 10278
7654 19136 2355 6939 19086 5445 7871
11961
8116 3597 17544 16943 11542 1965
2908 14964 13877 6339 10151 1540 11542
1877
16466 3630 5604 1879 6365 2730 1620 16408 11606 17816 4971 665 13191 14020 15217 14020 19535 1851 214 15380 9863 11877 2249 19535 19488 6174 8428 15062 8591 13443 6800 1643 7977 1788
7654
9756 5098
10516 1171 7298 5969 11542
8543 11606 1982 9756 19145 2908 14964
19647 14671 143 14666 11557 17683 2253 11573 16257 5016 8503 533 11576 3068 3925 3090 559 9458 18034 533 8338 8505 19145 15991 6515 14064 327
34 16596 17683 11542 7747 343 18034 8503 533 11542 7747 16261 16371 16760 892 4191 12763 19132 11542
2249 19488 7359 2254 10709 2249 11573 10700 4920 3091 3068 8076 7178 9926 4568 2249 11542
11978 16595 6826
12030 10706 11606 15496
10317 11542 15902 6198 15003 9740 801 18914 10074 6198 3717 8802 9010 429 13191 11542
12276 429 19601 2249 11573 6183
17679 19599 2479 1620 14874 11458
19043 5591 16810 9406 16701 19131 17816 11416
11877 2249
10640 13213 13132 3415 17891 10465
18729 11957 6991 19463
19739
2249 2754 16744 6209 13213 1237 8323
12276 7585 15922 16583 14065 9756 10558 8871 1540 14139 17510 2902
11858 15410 10804 13191 8495 8803 3974 18299 6347 13617
10804 2474 15330 8503 12276 9756 19545 15331 1654
13477 4022 6292 17549
17167 5108 12276 17679 1367 8823 2396 3719 1120
7822 9633 7979 19164 7680 11877 2249 6771 19418 19137 15247 3193
6174 533 15221 2317 10937 6771 14731 10804 3597 12058
11409
17946 6201 10151 4873 2249 7576 17816 10791 2832 10223
4512 2249 6771 7874 16286 5765 2908 14964
2007 10233 15911 14158 2908 14964
13891 16225 15994 9756 1583
10804 6927 13191 2249 6677 9756
16766 12504 3378 11858 2310 19145 2249 11542
4191 10706 7822 2249 2908 14964 5649 12276 1965 2249 11573
17683 9756 8440 19659 5078 15911
3296 7822 5068 3368 533 16943 3068 4944 6119 18914 9756
11203 11807 2479 1620 10861 2743 14677 15540
8784 8277 11542 7747 10804 13332 14671 2721 13630 4302
14666 11542
9756 18438 7530 7698 19008 6193 15922 12929 16364 8178
2249 11542 16379 7111 1488 2491 758 19536 8246 7319 16964 15496 8707
1575 2886 10067 7359 7822 13191 16595 1965 7803 11657 10151 17057 15601 2249 7576 17057 15601 1643 7576
15994 14063 2721 15993
7582 7359 2886
2317
7442 18716 13977 18020 15954 6823 7953
15542
10537 2249 11573 8941 2908 14964 17720 13891 2312
12315 16225 1643 14139 1831
2249 11542 9756 5006 2754 7526 19599
2908 14964 3680 10903
19131 17816 11416 19136 11573
2556 6174 10743 2075 11423
10700 11736 2745 13152 10419 17405 14795
17720 2249 11542 7680 12276 1965 6183 15410
4191 6183 6873 14878 14139
13182 533 17168 16595 7698 13191

8626 17680 16595 7654 5402
5910 15217 12276 5100 15410 2249 6771
10626 7529 6562 9400 11542
4773 576 4194 15837 9828 7530 920 11606 533 2249
19164 17946
14125
8382 14028 11190 3344 6694 3322 15548 1748 19290 14139 7654 1306 15748 7962 1260 18917
10626 11812 7526 1620 8442 12206 1926
1833 2249 7576 2249 11808 13720 6800 15217
6800 15217 13182 533 15215 4074
19603 19136 10958 5910 10402 5098
15169 11542 18303 19226
6339 3945 2908 14963 13891 16225
3847 13538 12276 8103 13538 12276
18223 6174 10480 10317 2249 11542
1879 7698 11542 3719 10517 579 1843 12381 18914 18227 14653 2326 10644 10278 17549 8338 2249
18155 16744 6494
19601 15410 2249 4363 17989 796 12414
17683 10644 6771 9756 9350 11863 10626 11423 15264 7977 14196 12276 15398 11542
19086 19131 17816 11416 7654 15398
19601 2249 11542 6183
13191 435 3134 2402 5362
11542 1643 15860 8871 9756 19104 16258 15398 11537 18564 19086 6174 2310
10804 15221 4696 14129 9926 16595
17329 12381 14129
10999 19583 2249 14129
17137 7585 17816 10634 16583 18130 17495 7526 1306 1814 3204 15298
13856 10860 1643 7979 9930 5014
11542 11416 8503 10706 2249 11573
9756 1909 11542 7747 327 12
13779 14139 16907 10519 12865 12618 19647 7822 11542
19474 14118 4291 7585 9759 4853 11126
9756 15170 19136 19105
6852 17816 15169 15994 7136 2317 6685 1370 206 17816 19138 13529 7698 1965 2249 6771 6183 10644 10381 7698 2249 11573 17122 19733 1982 2908

13529 10074 15221 11542 7529 15771 6519 19151 7319 19545 15771 11423 15169
1178 17683 11542 6201 11807 19136 6771 10317 533 17168 7822 18917 7698 15337 11858 14098 8289 6852 6771 16701 7822 2249 6771
8570 16389 7698 10056 146
6852 4192 11573 2447 19547 4801 2891 8450 13425 1643 7979 4722 18375
16993 2908 14964 1877 13793 1620 18811 7624 12386 579 18409 6319 7719 2029 7894 18161 3655
11877 11542 2876 9383 6394 4922 3975 19589 19151 17107
12276 13028 5302 2188 7682 19151 14132 18223 4492
16993 19195 1620 3621 6761 17982 18375 3068 5826 6226 16257 962 11416 11802 6806 9027 12144 14653 10626
2031
7585 18716 1620 2249 4143 5942 14118 19583 3037 1783
11542 19583 7291 2478 533 12605 10701 4038 16756 18716 16261 4248 9496 2249 7176 17305 12386 6394
8543 2007 6540 5 14177 19725
12337 6183 15911 4494 4191 9658 7176 15922 5 11542 3597 1179 3422 10644 1620 4547 6010 7299 5970
9756 4194 13320 2249 17982 5016 13538 12290 18722 19479 8077 7291 9433 8707 934 6193 11877 11542 10223 10223 15496 13191
14177 5694 1831 1371
2754 3372 15398 4101 11236 10700 7586 7352 6771 9756 19474 7159 11416 18722 12799 4610 15337 19648
11542 7747 7698 2912 5985 4152 12504 11008 579 10060 146 8627 15319 17816
7442 146 16593 2912 12431 6174 11
8589 11542
8589 3082
18914 9663
13870 5156 16907
19365 17679 9756 1643 10317 4494 4191 14878
594 1643 16760 17549 2916 11431 5075
7526 15994
4426 5683 7357 7760 18019 9003 6193 2992 13002 16227 17881 16907 7953
7526 4885 10517 10709 2249 6771
13191 4229 7977 19089 17304 19565 533 1609 3375 1706 12276 10357 4022 4426 5683 7359 8309 2249 10485 10317 17816 6804 3597 4138 1609 19040
2249 11542
803 14857 15259
8240 10804 14671 15401 6771 16267 18790 17718 11961 1643
18303 10684 17680 8240 5743 3346 2249 1620 1982 13891 16225 7698 2908 14964
8643 17720 19599 3346 2249 1620
4191 7587 9029 18529 12888
5917 14426 8524 922
13191 13283 18914 15407 14481 10406 7199 5007
6771 4191 18227 8064 12283 18303 1529
15073 6771 18966 3698 1620 11819 15771 18671
9756 18438 8751 1306 15994 11606 5971 2908 14964 17720 13891 16225 933 12707 18303 18968 16899 17830 7799 6675 10317 12396 2249 6787
15994 12337 13941 17549 17771
13191 14063 12762 6693 10317 15410 11623 6787
17032 14666 8169
19787 3100 10895 8495 13191 13443 533
1363 7822 9349 2249 11858 7529 7888 10233 922 6515 15991
2537 19429 6771 14437 5005 8116 6939
18213 1583
3719 11335 2215 2249 6771
3100 2249 6787 952 17929 3142 11770
923 9157 4588 12930 2249
4494 4191 7698 565 9988 3090 13793 14878 9570 7530 19599 9204
18314 8970 16109 4209 6939 6204
9564 1716 10706 2474 18914 15398 4133 12240 11084 17315 12669 17982 19132
5163 2249 6787 5050 18183 7113 10556 16568 5552 533 6942
7176 12058 12276 10223 6540
19138 6771 16407 146 8627
13191 10804 8494 16755 12725 16266 9438 9756 18438 7680 6193 17679 10317 11699
10317 19541 2253 17152 17155 19535 1183 1382 17305 13110 7526 7386 15217 17939 252 11233 6158 2905 16907 6107 13124 10056 15217
5910 17720 1407 6771 9230 18895
10318
947 3833 1441 16760 16911 15895 13443
19131 17816 19145 6771
1583 15337
19599 16727 2065 533 6787 16701 7526 17982 19659
10804 8495 16760 11096
2491 11028 2754 15170 7698 9756 17978 5821
6335 2058 15878 4096 2249 17310 1120 10245
15572 8916 12807 13443
1643 7977 7530 2959 6110 5649
18234 18047 6386
15994 11727 2253 15296 8524
10320
13220 2249 6494 11342
19601 17679 6787 16976 2984
9756 17549 10317 19656 8805
11670 15398 14139 1230 1583 11542
11670 15398 14139 1230 1583 11542
11670 15398 14139 1230 1583 11542
11670 15398 14139 1230 1583 11542
11670 15398 14139 1230 1583 11542
11670 15398 14139 1230 1583 11542
11670 15398 14139 1230 1583 11542
11670 15398 14139 1230 1583 11542
11670 15398 14139 1230 1583 11542
11670 15398 14139 1230 1583 11542
11670 15398 14139 1230 1583 11542
11670 15398 14139 1230 1583 11542
17686
9541 2249 10626 10317 11233 7233 2719 18690 2902 17737
7654 11530 6750 19090 17780
146 5756 13220 12276
1974 6758 10317 10626 13032 13002 12379 67 17946 15747 19488 1171 7529 11872
5552 6771
934 18085
19612 12148 15364 3852 17830
3205 6929 10837 12276 2754 2677 3350 13623
19164 10485 15954
4177 13856 1289 16261
934 10630 17781 11858 7953
7654 6869 16258 6607 11858 3140 9936 5436 1893
1115
8103 13891 16225 7399
3719 7098 947 15284 6183 15568
11599 19353 9756 7747 5094
10234 2908 14963
19502 3103 9541 2249
9213 7747 4821 7909 12240 10740 17854 259 758
10485 10062 257 1176
7698 16262 15382 758 11542 9541 2249 11542
2007 5539 15946 11877 7577 6272 11542 16596 16043 214 11292 19164 5910 11542
12865 10157 12605 17608 15407 4821 11542
18440 10171 11542 5628
7698 11728 16261 5803 12431 12865 11325 17686 19046 3103 19502 16100 6600 11697 17219 2491 758 7977 18524 17137 7357 15787
9871 2249 11542
13764 18433
15787 11542 7221 1036 3989
4494 4191 9541 2249 17251 7698 16269 9717 4773 10752 9564 1716 17251 1643 16269 10626
7654 13110 2721 15994 9541 2249 2320
15994 3819 11503 16274 14554

13764 16889
13856 12865 10644 11542 13856
16889 13856 10700 9279
6852 19235 2249
6693 10519 16889 11542 12030 16510 15382 760 16889 10317
15398 17113 7747 5075 10317 4540 10621 5064 9541 2249 11542
15994 10480 10317
2007 6540 2249 6787 12717 11599
4191
16701 1909 1965 2249 11599 3852 4191 1965 12059
16701 5098 15994 12337 19601 2249 11542 15911 4191 2730
6174 13876 11606 1982
14605 15895 15994 16601 11884 9471 15641 11599
1716 13458 16257 18273 8524 922 15293 19668
8570 11542 9756 13483 11877 11573 3597
17683 5910 7176
9633 5349 4191 8945 4773 13283 1716 15162
10317 9926 11416 13617 19278
15398 16410 11542
11542 6027 13443 18525 2317
12030 12396
6174 9564 1716 12503
13191 6431 19179 10317 10644 8805 19136
19046 5619 11542 6826 12376 10155
146
147 8627 19131 11416 17816
14106 14671 9108 1643 5645
4850 13235 19131 6174 17816 11542
9756 18438 19659 11573 12060
15406 9983 8860 6490 6271
14139 9756 15398 13235 10709 11542 10317
11542 2317 6201 5803 9756 16748 10939
