281
7680 17008 3469 11542 16714
7969 8416 159 12396 3604 7176 16860 15578 2902 15523
2826 15375 9206 16556 12707 19737 16701 10743 8068 10084 17598 7472 7318 19776 7376 16201 4753 829 6062 8643 920 3719 4958 8714
19654 1848 9026 14379 11766 3090 8223 16583 18172 13191 9977 19515 10121 9445 3241 9807 9592 19182 10366 12707 12276 9082 7529 6174 15319 17816 15316 10700 5623 2114
1023 15557 13046 1448 10052 18807 2702 12636 8616 1967 7363 5910 4252 19612 7586 12276 16583 18126
4885 8578 15540 14301 7101 6826 1693 18508 19527 10056 672 1721 10706 19329
4619 7654 15398 6771 6540 6852 6771 7176 15375 5970 8572 3787 14630 7101
8676 5098 10121 15337 4341 17384 7366 13442 6771
10537 3602 15496 8714 10077 18290
4341 1081 4578 9668 9857 11453 6771
3124 13941 15735
9926 6787 17114 15735 3375 19502 10700 9668 15541 9468 10317 3477 19086 19136 14926 7526 16075 16136 8869 1360 10740
19087 5969 7299 6348 10317 6852 8087 6771
11599 3241 8676 9445 11438 3068 19379 13841 15409 8730 11978 6193 12345
8087 12707 8829 19418 14983 6348 6852 6771 19086 6771 12396 7698 7299 1551 15638 7761 2905
2754 8543 15170 3234 19136
34
5098
429 10539 8087 12725 11 1013 146 6272 246 9204 6174 7680 15398 11197 15322 10233
16701 6174 18438 19650 18228
3604 19650 8503 15830 6224 17816 15337 19656
19601 12276 8719
2754 11727 11542 8087 9402 5489 16910 8087
12707 2754 8543 15170 10539 15755 19215 15989 4252
11542 19087 19136 923 6198 5803 3287 6198 16596 15314 15319
13171 10700 11 40 8626 10472 6771 14301 8547 8087 11542 4174 19138 5171 1965
1909 18511 11542
9815 19046 6174 15922 9663 10013
10317 7097 10706 9871 13477 7319 6852 13110
18213 1583 5649 19601 11542 19723
10073 7747 19399 10481 10077 11542 18511
15636 2912 5075 8087 8829
19086 11416 17816 9378 1620
17585 12865 10537 2832 17899 15398 11542
6174 14450
17865 11858 11097 13779 6183
19601
19654 16701 968 18511 11542
10317 10386 16760 7790 19278 15753 7878 16752
2317
17720 11542 206 1965 13342 143 18166
8239 17536 8087 16985 10121 18511 15541 5446 8087 15540 4656 16760 213 3612 17889 11542 7822 3447 12865 8167 14196
7698 17816
934 8087 12707 213 10519 12396 17680 6852 12276 12865 15170 13191 18584 16239 11350 7822 11542 17718 8167 8167 4860 8167 5349
6174 5349 7698 2364 12206 4610 14671 8167 14671 12276 16345 11102
1171 579 7526 5523 11542
10804 7814 9864
15888 13980 13538 8087 11573 568
9756 1583 11542
6174 14449 17679 14371
6338 3241 3068 7827 5098
829
8103 3068
579 11961 3082 4940 10056 11573
10698 13591 2730 15398 17690 9204 8578 3945 13538 18303 17982 10233
1965 12725 11542 11670 2173 15221 4426 14921 6968
11097 6174 19131 17816 14453 14371 2680 10937
11542 1643 11542
19426 9828 1620 739 5969 6939 12276
19365 10519 6337 11542
19733 6852 12276 7822 15375 1643 5743 6174 17718 4055 12750 10644
12276 17310 19365 11863 9699 7442 4610 3787 7526 4828 3082
11542 16701 4610 3604 7698 16760 14274 6852 146
6174 3241 15319 17816 7526 12276 19049 15217 5910 1120 11318
9756 19136 6335 11606
17713 5971 11542
7698 6852 16701 7319 5970 11542
10317 8087 15540 19418 10317 6771
19776 7372 16726 15787 11599 3241 934 2474
9926 10804 11818 14671
4144 12414 19453 16701 7822 3604 11542 12337
5971 10519 19138 15577 17830 15911 6852 15401
10383 11818 14671 7654 19136
3597 8871 10804 17830 3134 11542 15398 11818 14671 920 12730 19145 11542
10233 8102 8091 213
6249 6771
333
19520 12601 1620
17816 7680 17304 2832 12276 829 19779 7376
15409 10519 6209 10278 19086 14132 11812 3367 10278 5520 1643 4624 1643 3677
11599
3241 9807 9592 1213 1620 15217
17816 10740 14998 10706 1120 10963 672
10523 553 12601 15221 7399 7529 3422 5683 1620
5389 6174 16358 11863 10537 9276 2911 11064 10975
10523 7319 15221 10556 2528 14274 1848 8041 8087 15540 6174 2058 17439 3949 15540 5910 4252 16627 18247
8087 9505
9931 12276 19520 12601 2380 1620 18009
7698 3287 6540 7526 5098 12707 8829
12707 8827 14139 7822 6249 12396 4861 2007 12 5773 3604 6787 11863 8386 10245 13888
12707 8829 12030 18213 6126 8087 6771 3774
1965 15217 12707 8829 6852 4252 5910
2754 1909
15217 18213 8087
16298 13611 14588 6771 1643 10402 17680 7505 8087 17136 15221 7053 9668
9800 16760 1982 5910 17422
12234 6852
18438 11818 3648
12865 3710 15375 11542 1758 6224 17679 6852
12058 12865 3709 5016
19171
15073 19733 1982 15375 11010 1982 6852
9213 6904 7131 8087 14625 16670 19520 12601 7654 18034 1879 5910 9699
13443 3241 10644 17122 13529 4512 3937 8304 14060 13954 8929 7319
10081 10396 6026 11542
1210 9648 7705 11064 10975 9756 8775 2710
7654 15398 9497 9483
19302
12593
15033
577 8087 11407 7505 13438 19043 4252 2931
6693 6852 12276 7698 17690 11542 14016 7431 8791 9756 11225 10121 19573 1884 19650
19603 19145 17610 1965 19043 3612 5591 4241 6174 15375 1982
11542 13732 7215 11863 8791 9984 7698 13191 5916 15073
6339 11542
15409 10317 9756 15012 7526 5349 6827 3536 12799 3134 12740 11542
6852 7824 15375 12276 13529 7698 17690 12276 2241 3719
10480 13006 5000 4685 19418 12058 2857 2058 13888 19573 19650 568 8087 8829
6939 19599 1643
3719 18511 18564 4599 7575 9863 5320 10706 7554 934 10706 13767 12196 16907
14148 19278 15398 7616 8524 18009 10052 18807
3717 19131 17816 11416
1551 13046 4202
568 1356 778 12711 6378 13046 6283
7680 8735 7343 2836 3017 19418 7654 19164 15398 1173
13774
16711
13191 6873 8087 17865 6179 12165 5542 19407 12726 5542 6179 12396
10537 12888 9648 7705
10056 15217 7319 12707
1364 18303 13241 11542 6685 6911
10083 11409 9668 6685 6911
5615
4600
2390 4028 6174 19086 11542
525 9756 7680 11512
11064 10975 15797 6204 18438 596 11542 594 1173
11542 7003 19164 11606 3241 13319 9807 9592 19526
2539 12707 8827 4583 19324 7654 17608 19043 1531 8524 14196 19043 19136 8524
10804 11573 3630 19603 17793 13544
9756 2730 15401 26 15797 1270 6498 7751 15170 17683 19058 3282
19733 11542 7319 10358 12030 10317 143 206 7291 3604
1643 11542 11005 15410 19599 2931 2443 3604 3597 6335 18166
568 7822 952 16766 11606 10644 7319 7979 920 6425 13283 11542
17122 10804 19418 14998 15398 11542 9914 9926 12058 19043 3597 14229 11 15542
18700 15911 14296 12361 8578 19071 10560 5591 13544 8473 277 3717 3539 15911 3372 9277 2680 213
19243 665 10462
12013
14297
17720 8087 8829 14139 7698 11542
12337 10804 15221 14139 7319
12865 3325 8972 15221 15584 5520 9400 9756 8241 11727 8087 17136
5969 3602 14196 19136 11542
15170 12276 1965 7316 11542 6183 15410 17122 12276 17946 12 10381
8643 9988 3100 10644 6852 8087 11542 7698
11542 12882 11542 19136 14738 8087 6675 14364 19136 14139 7698 7319 11542
15169 11542 6272 15398 8087 12707 250
17683 14748
15169 8711 13191 10056 10151 8087 9756 18228 7526 11416 3241 6174 7714 12276 8013
10999 17683 5349 10519 1982
2390 4028 15406 8111 11542
527 12231 15170
13191 13110 10317 15073 15060 8087 9756 3719 13240 13191
4117 1982 13
1497 19089 15398 8087 16261 5803 4144 2721 8087
15221 4117 1982 15557 15217 16158 12863 10303 6940 19164 2734 5193 10317
19131 8116 5632 11416 10429 7412
9756 5971 6852 11542 10999 12276 19603 15401
8543 6174 15398 4400 19418 19132 17816
14429 7319 12725 2109 15798 18043 14588 11542 16267 15541 7682 8294 12030 7319
7442 11542 277 10151 13617 18771 7698 17884 12992 10151 18155 18802 12396 18303 15341
15410 17549 11573 4547 14540 7664 14064 7664 11573
18347 15398 11542
7412 19624 10277
5925 15430 15798 2575 11084 16261 2270 11912 7089 15123 10858
7979 8081 8087 15540 15435 14569
9871 11127 17683 15487 19591 488 8028 6448 15319 18324
15033
6944 4778 1000 10763 6587
12897 1643 2248 11500 2730 6852 6879 17513 11292 6658
10056 8855 6026 6771 1497 10171 18425 8927 12431 11203 1456
9663 11503 11770 9402 12276 6879 10684 3082 2879 10519 19233 14588 18554 9756 6425 10005 8991
13364 17741 4407 6476 999 720 10233 7921 8087 12865
19368 10056 10073 12058
10644 8675 11349 7530 8577 8382 11542
19044 19365 17816 15398 8712 15217 10073 10317 12725 8087 9213 5916 5100 12023
10961 8577 11606 15521
3604 11542 9213 7496 5445
13332 12707 11542 11599
3241 9807 9592
9756 16726 15787 19520 12601 17982
8428 16120 6464 15401 11542 7977
19545 8102 14878 3079 13696
12504 14064 10556 11542 8087 12276 6631 11573 17816
6464
11858 15526 3774
12707 146 13730 12707 213 15406 458 1110 13940
11542 14684 1306 17759 533 19573 16094 6412 7319 12725 11858 14139 7677 1179 14063 7677 5402 5910 6339 1173 7698 15170 10233
12936 6675 3241 2058 12524
9926 8784 11858 14139 19575
7654 8087 17865
11316
9756 1540 17750 10402 8707
1965 19603 19136 18278 7747 12030 5803 19224
5803 15983 12276
19618
4728
7299
7299
7299
10073 10073 8283 8675 5101 10740 16648
16760 6564 10358 527 9756 13831 661 8707
2754 17122 18721 4229 19583 17881
3680 5542 4531 10319 14089 9705
9756 9439 12297 8413
3604 17838 9799 568
10539
19087 16627
7654 15398 11877 19221 17683 1982 15161 5591 17122 7526 5031 4055 9502 10268
8309 5542 4531 9502 7822 811 18227 19136 5552 11542 341 15319 74 1569 2754 19136 16261 10317 14748 7252
17593 8087 8829
6540 15540
17124 7696 14352 1013 6812 14139 7319
11542 11409 10073 10528
7299 6939 7233
12016 18771
12882 5910 15540
8250 11542 10644 13631 1013 14139 16306 1013 18771
10700 10315
5523 8382 10740 11332 12276
4442
8087 12707 8829 12337 19660 4296 10890 14148 6771 11606 8386 15375 6771 15375 6852 13191 18155 5016 6478 13941 5016 6787 8087 6771 5389 1620 9819 12707 3241 16701 13666 13191 923 829 3082 16641 15787 7316 3082 6771 16317 7698 2912 5068 930 1982 15375 6771 7136 214 11292 7698 5628 6771 6517 10056 11409 6771 7698 12337 8087 12707 8829 1982 13437 15375 13584 6852 6771 15895 15337 10402 5016 12429 17720 11542 10890 4302 19488 4862
12023 311
327
829 16876 12982 15557 19737 15161 5389 6814 11599 3241
17742 17680 11542 14139 10317
6852 13191 5389 11340
4473 7977 11670 13154 11292 1879 5910 6193 11542
15378 9668
10961 17690 8087 11011 3604 10317 533 7403 11542 11801 1643 17690 11542 16978 3604 15540 3047
6804 8087
2719 14475 19365 11863 16766
10700 15496
11542 10686 3772 829 3068 1120 13862 16248 19418 11858 16249 11542 11858 7677 4656 5985 579 4568 3082
252 12
6771 14139 10539 11236
12221 8102
10804 12865 19138 6771 7822 4874 3946
4890 6478 4243 8733 15742 15521
10804 12865 3946 1366 5016 19171
10804 12865 14416 6677 13176 19145 12865 19086 6348
6771 2879 15354 13332 5938 7299
6771 1120 12707 11812 5349
952 6631 3082
8491 19005 7698 11542
16993 8239 6781
19005 8087 252
17122 8239
8661
3580
1909 8172 11334 15217 4250
1575
7761 5591 7979
10684 17628 9034 3048 10519
8643 673 12240 11573
8088 17057 4022 15221 11542
2703 12636 15217 12276 1965 15221 11580 8413
15217 2373 7526 15616 10180
10539 11542
3082 7319
11542 4862 10151 294
327
4022 8172 11334 13343 4250 15217
1982 7761 18598 5591 19136 15217
11542 11727 8087 13591 8087 11542 10706 12276 10519 10223 7319 13538 18303
7698 6852
8382 6337 11542 19278 3287 15398 8578 15170 7698 11334 8450 1281
6771 6771 16701 10743 7526 19365 14921 10073 11096 568 16383
4401 9926 8103 5910
568 3621 19365 11542 10700 18716 10073 16760 1757 4129 10706 18716 10073 3205 11122 10706 18716 10073 16907 9756 19654 7547 6764 15156 17513 10358 11807 405 12730 3847
13235 19647 17513 10358
