484
1748 14671 14106 6339 11606 11542
19733 11542 533 12605 11606 5349
3017 13888 11542 11010 19179 16760 10350
10317 533 7387 10123 18569 10414
9392 10937 10804 17830 15771
1410 19418 18438 14989 3661 11858 6362 10171 1125 5910
10303 17946 12221 6264 18932 9864 11670 15170 9795 14267 12888 8392 6771
12504 8643 19179 16760 18578 6264 18932 13191 17022 13165 7387
9926 10519 12429 5489 19138 1465 6771 19418 8870 17122
3648 14671 19418 11863 4384 6771 1965 533 6771 19723 6141 6141 6141
16298 6490 19565 3612 11247
7814 17978 18932 9756 12762 11203 15170 15541 10556 13235 1000 4388
9795 14631

10485 10317 15046 565 7053 524 6771 10703 2754 7526 14860 10909 11542
8570 5078 13611 7412 5551 1704 6183 10709 1120 1465
15542 12865 10318 6771 11807 15542 10480 11301
10999 14139
11301 4178 9756 17594
6812 9756 12276 14234 6481 8116 13512
12231 10318 10402 5315
19769
17683 1173 14231 11542
6750 15221 2317 1650 18355 6812 17369 213 6682
6357 9648 19387 17114 18355 6750 146 17781 8802 8629
15742 6193 1649 2730 9405 9815 11340
9856 11601 12905
15861 7682 3512 18536 2931
934 19420 4452 9756 13240 605 13856 1171 12707 9756 19087 3535 3164 10402 3970
9795 6494 8940 13 11292 10278 19418 7526 1620
2007 6634 7585 11332 14139
13856 2396 8491 9756 15938 1620 14364 8626 7127 6879 11292 9795 14154 6815 11626 19171 9856 10804 11754 12865
16760 15878 533 3951 19387 13847 17771 11084 19541 1643 9262
9782 6357 934 15974 18792 9920 6837 13941 18723 8338
1626 15971 11858 14139 6362 12276 11670 9756 17165 1904 9756 17304 14733 14887 3466
19420 4691 15800 6764 4610 2912 14154 2885 10429 920 6193 15217
10485 7698 11863 19742 10443 7698 3220
6800 311
285
11542 1965 13951 8240 15911 17360 11542
12748 1379 18156 11863 10278 10850 2138
10502 19399 16258 9866 17679 7586 19399 5006 5059 6682 1620 13272 3060 5927 17312 19365 15019 7399 11863 9603 9856 1767 16269 6198 9089 4408 14354 19578 9850 6608 15019 11374 2326 11863 9603
7822 527 7822 568 12035 9795 10519 16901 19573 11542 10519 3422 3587 18050 11542 7343 11573 3597
15410 16593 9921 9921 14177 17049 4481 11542 9756 14371 822 11542 19046 15398
11542 7822 9803 5683 15371
19136 6812 7529 14653 12929 17939 6201 10517 17679 10938 11863 7698 10278
19599 6771 15410 10056 19725 9756 7526 3612 1540 311
16760 7977 9866 8716 12865 12276 5315
19547
17946 8918 4932 10453
15046 15398 7822 565 9871 4202 11542 15046
19599 6771 15410 10056 19725 9756 7526 3612 1540 311
16760 7977 9866 8716 12865 12276 5315
19547
17946 8918 4932 10453
15046 15398 7822 565 9871 4202 11542 15046
19599 6771 15410 10056 19725 9756 7526 3612 1540 311
16760 7977 9866 8716 12865 12276 5315
19547
17946 8918 4932 10453
15046 15398 7822 565 9871 4202 11542 15046
1909 19179 12762 11542
6339 10151 13151 16760 10350 7867 533 9795 14267
14267 527 15634 18375 6198 5804
13191 1721 6315 6201 9756 14462 10804 11573
533 16698 14474 429 9986 14129
16760 18375 13235 14738 3774 14267 405 6174 16094 13312 13037 9756 435
2754 8125 1909 568 14267 2716 6174 3868 524 1992 14975
10317 9850 11542 8934 6557
12030 7866 11407
12276 19601 11573 6183 15410
11542 12195 9411 13 13443 1879 3717 19131 17816 5098 8871 7588 11542 311
277
6338 19647 12 10358 17584 11542 6174 4860 12276
5649 15170 12276 19601 11573 19138 14178 7585 19565
579 14148 4619 12318 486 8871 15648 5198 568 13191 13529 11606 6201 5803
4130 12081 11409 10396 1909 13611 10743 7526 1568 18634 1604 3344 16676 18473 11542
19565 686
19138 19337 19735 10644 6675 10317 3054 7101 11672 6726 13822
15730 11542
8543 6852 147 11292 18266
14139
9863 5315
11802
934 8735 5639 8239 17549 15019 16472 1643 5540 7979 13152 7399 11073 6174 15019 7663 15082
15019 7751 15170 934 9029 15830 8503 10396 952 18729 15021 1643 7979
3047
9795 14267 13154 3068 6174 5016 11573 10056 15577 19725
2090 2090 14653 6309 2090 2090 7698 7977 18851 1643 7979 2090 2090 2090
8503 11573 4549 8793 9983 12397
15161 17816 19136 16261 12242 10317 533 11542 331 348
10427
11542 15830 14437
9648 15830 14063
11858 15410 4206 6939 762 12058

17154 2595 15771 3597 19364 15771 7747 9857
5153 14983 19224 11542
9794 527 1583
9030 7263 19365 11542
6401
16701 14214 533 15221 6075 7654 1120 4206 6939
16701 252 10358 13886 14666 16938
9756 9926 19647
13171 19136 6198
19086 7654 12620 19278
1974 7822 11542 18508 13512 16744 4138 11292
6852 15217 9648 19387 10514 19399 15046 1076
15375 15217 4557 19399 15489 13499 13827 17304 2832 10537 17212 15046
17690 15217 4259 7979 2433 8524 2961 5626 19087 2677 2821 9648 15088
11542 18040 5450 14114 13588 17720 16261 11340
9863 13827
4144 9857 13827 10644 11542 19603 19145 12058
17032 19399 5008 4821 18936 7979 19086 9856 2821 5985 5445 930 9856 13827
16595
19545 9648 19387 1849 8452 10740 18156 7526 14653 13828 4578 5501 2821
17593 16298
8382 8577 6771 15401 7698 14672 14139 1643
6852 17513 11292 18268 18884 7387 1643 7979 7530 15771 5649
9795 14267 9756 7913 19365 19164 3082 527 1120 13128
10961 11877 17816 15345 12616 14106 14671 14063 8222 14064
12860 5508 4252 16596 14885 15169 5068 13611 15018 10644 15019 10837
6183 7698 15019 6771
13171 17499 9648 19387 146
19731 7698 533 6771 9871 15895 7698
533 6771 5985 9800 533 11542 6549 8111
10472 2317 15221 15946 1306 19046 533 16595
12886 5349 11606 10317 13435 6075 1982 19737 10933
6478 19145 6771 14421 10933 17816 18303
11699
527 5349
6530 6467 16094 15321
3082 4013 1907
9648 19390 14267 6309 7053 3597 1620 19573 6812 12865 17939 6201
10317 15073 15895 7698
12058 18936 7299 19136 19418 9800 9277
1757 16784 7129 1718 2260 13191 10706 19164 10958 7824 533 6939 4593
9648 19387 15552 2443 7215 804 533 7496
9539 12605 16047 16921 7953 13152 9718 9624 9623 8396 13947 4973 4144 15408 8896 9795 14267 12058 751 278
3296 1833
16317 9859
533 15221 907 14921 2444 18498 19164 952 15148 11858 3456 3833
13539 16608 16760 2100 19737 12276 2847
11542 9756 4473 7299
11807 1173
14178 12414 6714 19145 11499 5445 14118 10278 15215 18314 11573
19088 19136 9648 19387 10472
8322 19735 4619 7585 7654
17057 5577 533 18122
11247 533 11254
4229 15748 13796 18160 12865 5005 12865 19418 2817 17325
14114 9871 10454 11978 11542
9795 14267 15409 7747 14748
10485 4013 17082 17097 17120 8462
1626 15284 11542 8392
3346 16889 533 15221
1165 6540 348 533 11542 10155 2396 10446 19136 11542
5969
6771 3974
9926 7680 8102
3068 4944 6201 1757 10074
7747 6771 16881 19647 5064 6026 17679
6893 12865 579 17683 7822 6771
18542 6771 7747
527 19556 15221 18375 9756 12803 9400
18217 15410
19426 13856 3663 15496 1893 17304 6201 6464 18771 12897 6771
12226 7663 9756 6830 19647 1909 6800 15217
12058 9926 6771 14060 9850 9850
2754 11542 14059 311 8871
14313 17881 1120 14148 934 19087 14059 9648 19387
16298 16298 16298 11542 7698
1643 527 7698 15215 7698 10303
16907 15019 13964 10651 18716 11499 9615 3876 11542 7881 13690 10317 1133 15019 6075 11542
18717 6585 5870 3977 328 19794 16609 13555 11276 9460 1998 164
5674 18341 10263 907 18872 18477 9615 10651 14987 19583
12058 19086 12865 6750 7086 13856 19583 3060 2479 19090 19286 5651 15018 11669
6750 1643 7698
16204 19418 3530 1748 10277
19365 8784 9759 6065 6861 13593 7677 6554 13191 9392 9902 14267 16601 7680 4229 9863 6198 19583 2821 7529 14477 7199 5315 14139 10317 1306 18303 4549
4890 6478 5315 7549 7217 4557 19399 3264 2102 6968 17939 1851
10740 6679 5315 6679 6398 1965 2569 7747 9857
18895 17114 14927 16461 14718 2373
18895 17114 1909 8462 8980 10554 2754 16992 17232 2992 13002 18884 19399 17683 17816 17816
9903 3068 7291 3960 10317 11542 277 19723 12240
11542 9027
13191 13529 15895 405 10700 15895 13191 1575 11542
11542 1474 1879
11542 16233 344 15895 6478 533 1575 3082 7822 9633 527
11542 17939 18270 13235 14133 10814 19421 4691 16701 7698 7228
9926 11542 16566
18404 964 13191 17549 527 10317 9795 14267 6787
14738 15745 533 17771 14234 11409
7442 14267 16020 72 18876 10402 15308 14630
12276 19420 4454 13285 12889 18317 9796 8404 527
6174 12276 6631 575 2464 11592 5514 11645 19157 7412 6771
11658 15284 16313 10317 13607 1643 7410 17474
3296 16985 17939 18395 16631 4922 15938 17812 5910
6939 17978 19131 17816 1171 7587 146 16131 1643 19218
11542 3372 19089 12396 17305 2942 832
9756 2317 12276 12023 533 6939 1604 11542 10381 16583 12154 13263 10443
10317 10482 9795 11606 1171 13810 10519 12865 7698 11542 10700
7698 17305 15526 15170 7698
17816 16410 4232 19583 1893 3068 9756 7977 13807 15742
6680 10317 2891 16907 2380
7698 10350 6026 17679
11077 15217 7576 6002 17225 13280 8382 8283
16595 6675 16607 9648 19387 9756 1120 13289 11542
16899 3237 15360 17236 6753 16917 19488 5383 2912 8908
14426 14653 17755 17305 10740 12061 9648 19387 6019 1497 18969 9802 3845 12932 12889
9795 14267 2320 13152 12707 9648 19387 11884 13922 7977 2007 4512 15382
10482 11542 11807 19136 18290 7298 7805 4130 10115 16945 7654 19136 11075 5352 4520
10482 11542 19086 19136 18290 15787 2569 1644 9795 14267 10480
9648 19387 10785 16637 5055 19120 308 12811
17713 5971 6771 19043 9648 19387 146
11542 19131 17816
11573 10317 6075 14405 12241 8784 14653 3774 1848 13667
934 1848 6431 6276 1204 6787
3082 9279 10644 533 7299 13673 9756 15401 7977 1825 2612 12865
9648 19387
1825 5811 14653 11542
13240 11542 5432
10999 14139
2832
6675 14148
2832 9648 19387 19087 19365 11705
6771 7442 14148
12865 19083 17325 18073 751 6416
12964 17325 9648 19391 9756 6750 11542 2961
9648 19387 7822 10556 4101 533 6771 16852 6755 15496 17712 6771
9795 14267 1965 6787 15911 10933
17683 16760 10402 2058 9986 5501 16755 11746
16595 6771 16601 15797 10561 13235 19399 12752 952 19399 7442 5315 9800 3675
7894 12865 2821 4619 16648 9648 19387 13538 10278 18266 6309 3612 14622 18017 7404 17939 1568 6201 7101
533 15496 7822 3047 533 6750 15496 1620 15895 7101 17665 4420 10317 6771 6771 10317 17305 10864 6787 11606 4420 15895 6750 15496
1965 533 12601 166
1120 1575 12888 9795 14267
14139 10317 13191
533 11884 6291 14118 6753 11541 10859 1344
10317 15748 15221 12276 9795 14174 16371 18050
16317 1120 9279 17679 11542 6872
10482 7129 15398 15375 11542 12276 14371 5626 19723 168
533 11573 6549 9795 14267 6549 1120 11542 15410
12058 15410 11599
19387 934 16261 8685 10317 16037 1851 15651 2436 10546 10402 5317 15217 5126 13827 14111 4557 19400 10238
6852 6771 10750 16549 5075 13539 16903 10859 1340 7822 502
489 3877 6348 16903 6787 13235 2433 130 10933 138 10933 14394 153 10933 14681 153 3895 155 10740 17299 3177 164 9795 14267 11766 16549 14267 19418 19573 17889 505 16261 6174 16384
7698 533 7822 11657
10318 6771 7026 7111 14653 17551 2317
6680 16267 7215
7698 1907 12889 10746 8491 9276 11039 10245 6026 6771
6680 12396
10317
7953 19573 972
6750 15221 7698 4232 19583 6680 1907
405 17165 5108 10402 5969 19583
10804 6771 17881 12328 13477 1497 9931 6511
7698 6771 5463 10706 1909 17628 16760 13184 3082 5856
15170 6771 16976
10318
4860 12 16593 7698 11542
3589 9541 2249 4494 4191 9560 16615 11573
19138 10804 11573 9795 14267 10063 7592 15169
12058 19136 3067 146 15398
8570 10317
6804 7747 1306 15401 9648 19387 7020 15170 15398 12276 15401 206
11542 6276 5985 16317 10528 15409 5662 6974 10245 11599
19391 9863 2862
11599
14267 3017 10482 7698 751 286 8945 9741 1306 19639 9863 7020
19418 11858 7526 3774 16258 7680 19090 16258 9866 5315 16641 2821 3017 18438 5969 11542
17122 10804 9648 19387 11573 2754 9800 10709 19488 7588 3068 10402 5851 14557
19164 10485 12058 9648 19387 9871 11766 16660 8699 10709 5067 11573 1338 9248 17312 11542 10709
19138 9648 19387 9808 14268 14914 9648 19387 11173 12099 8935 7535 13727 18901 17366 858 897 17765 9405 17367 12643

9638 14613 11601
12905 2464 11593 10511 1065 8296 19387 4575 19460 14851 1547 8770 10991 19457 9648 10191 923 1511 19420 4453 7330 10814 14139 5971 15476 12396 6771 1041 14828 11161 2637 13236 3621 2272 10317 17718 9808 14267 12276 1965 14882 15911 10933
972 11657 18313 1777 7374 9678 15426 397 3314 4106 4866 10574 11492 5068 3027 16550 2433 3625 11542 1748 3624 333
9648 19391 15897 2481 11542 11281 10130 10698 10130
9648 19387 7636 7587 18716 18895 6437 2770 19136
14064 533 6771 8382 12276 533 11573 2754 19136
15759 8643
9648 19387 6494 4735 11863 533 17759 16695 12240 11542 18198 1848 496
9756 10933 15557 17925 920 10903 17003 15410 12226 7822 15217 14196 9648 19387 12865 10317 533 15895 13191
17593 14111
6309 3612 14622 18017 7404 17939 6201
10056 19725 565 9795 14267 18696 5409 10644 13529 1583 6787 934 13529 5970 12030 5970 11606 9648 19387 3068 6174 10256 11814 730 10999 15542 2754 6361 7195 972 6771 10485 16316 10317
7822 3082 7822 527 4022 16317 972 533 15530 19418 2178 11247 4144 5927 8428 15521 3630 11877 11449 9648 19387 12707 146 12337 6771 4862 13110 11877 6787 5005 8116 6075 3637 6852 2159 9756 5970 934 13529 972 6193 15178 6174 8863
15577 7233 17499 7822 11542 19278 1540 6337
15060 5098
5969 11573 10684 3082 2013 10278 9756 12276 2007 5101
2402 11542
10684 3082 11382 12332 16053 8428 14124
6750 15221 3235 8396 8950 13941 3378
19086 533 11573 2396 8396 14196 13630 10214 2355 8796 18730 17164
19086 533 11542 1982 16760 6011 19136 2284 15080
9756 10482 8396 16923 533 11542 1757 6011
9756 2159 15682
12762 16760 10350
19418 15170 16760
9926 7747 311
146 14064
19131 17816 15410 2354 15540
9803 9863 1306 10317 17057 8338 16261
10480 12865 12030
12865 7526 9857 10317 3182
12030 8106 9814 17057 8338 16261
10519 6337 15169 14064 311
146 19131 146 8626 16461 11453 934
19086 19647 12 10358 14666
579 12276 2754 19647 12 10358 11542
2159
10740 16648 16261
6174 13916 11541
2595 17985 9380
6781 9648 19387 10481 533 11573 6759 19164 10700 1982
4420 6201 11542 11807 10537 9276 4015 13191 11466
10171 13831 533 11542 19488 1173 11807
9914 12865 10318 3235 533 15530 6765 11542 13182
16964 19171 10706 668 7496
6236 12032 3082 14100 8239 11727 9648 19387
9211 17553
12276 17679 19087 6771 7585 16261 18213 12396
18566 10933 8988 14139 3048 533 11573 11542
10740 3047 7387 13163 7387 10317 18210 10898
1643 7585 11542 11 14064
14139 4862 19787
1909 12276 17816 327
10151 12058 19164
5969 533 6787 15496 14129 3068 4944
9648 19387 11831
7814 18932 13 10517 4121 1643 7979 15408 9756 19046 5187 9648
1465 4239 5944 1643 7979
9756 15787 12716 10442 16595 15748
15742 147 1643 7979 11905 4481 6968 12865 9800 4485
7585 2433
10317 18884 7387 5957 6010 11542
9815 19046 4122 4124 14096 19787 15407 17304 7082
8626 253 11292 17982 19132
67 15983
18342 4958 12397 18258 18343 15495 15081 15787 429 17720
12564 9795 14267 16583 3598 11542 19488 3598
4981 1013 19000 5068
14063 12518 11657 3155 14851 13283 11542 15410 10056 19725
8871 14064 8309 2479 8544 1643 16644
1643 456 1643 4971 15019 455 5954 15019 9311 2090 2090 2847 15475 3994 9648 19387 2271 9859
2090
17683 1982 6174 1540 558 10317 6075 8450 18932 17305 11573 11542 14780 6193 15922 12276
10644 344 19723 12250
16064 18739 5496 9928 1982
5819 6781 9400 10963 7977 9233 3653 2935 12803
177
12865 11203 14077 7698 533 11542 15800
9756 13240
6174 17188 6478 11599
19387 8935 17680 6026 6771 16760 6223 8462 7677 1620 2656 14653 17678 17899 12 11292 9213 18303 8627
11542 15800 17731 19171 9856 16258 12030 5803 1758
947 11885 6775 2007 13240 19715 5910
9795 14267 527 9633 11606 11606 1982 10933 533 12725 11606 5970
19131 17816 16261 2402 1893
9988 3719
6852 8240 11542 17865 17686 11542 7680 1583 2373 19659
9648 19387 1965 533 6787 15410 19725
16601 17989 6675 10519 17261 11599
19387 18273 18996 16366 13288
9795 14267 13555 11542
10706 19545
7592 2730 1620 11542 10317 12276
10233 12865 18148 17686 9795 10933 2961
9795 14267 4217 15398
12276 10740 19086 11126 16258 18324 19086 15837
8570 15398
14139 17683 7680 8116 13856 1120 12888 10317 12276
7822 11542 4684 1928 11542 3539
18303 17782 19164
9648 19387 5649 9796 1965 6771 15911 12396 7698 6771 7176 10933
533 16075 2587 923 17526 19387 15405 14653 11638 5315 17622 1929 2821 7822 15217 7409 17676 18266 19391 16727 2821 10190 14123 2821 3630 11877
1643 7979 7526 17261 2862 5992 14267 7822 14376 3515 9859
6771 17305 15521 11858 8103
12098 7529 13152 8252 1643 7977 10652 16914 2326 16269 13554 7655 19391 14653
5088 15170 16760 6771 12865 10318 16395 952 15902 1583
17683 3082 14150 17720 527 7698 6771 7496
12504 6010 533 17750
15410 11884 533 11542 9795 14267 15911 10933
5971 6193 11291
17122 13191 15409 10519 10317 3346 2902 6223 17057 18341 1379 12276 10740 1300 16865 11858 10156 2310
1441 7698 7587 6677 3317 7755 4267 17265
527 13941 7698 3680 14177 533 11573 15169 10063
8570 9795 14267 3948 16583 7698 11573 13941 18629 10056 4593 6260
6852 15227 14064 15169 19145 11542 17683 4862
17883 4547 8116 10700 7698 533 11542 2433 2364 12206 14210
17755 10958 1748 18155 17568 7114 14148 2479 16261 11863 14291 1849 8121 8121 7496
9648 19387 17314 14653 10740 18936 12748 2527 1620 10278 10171 1893 2548 1460 5315 9857
13191 19582 18227 1173 11863 6478 17310 1620 15577 4596 10166 10871 13235 2101
9795 14269 3068 9648 19387 17773 10166 10871 3093 2511 6193 1643 1377 2335 15170 11606 15751 9213
14291 9756 15895 533 17750 12517 16766 9119 18295
11542 13941 5016 7822 17314 14653 14371 17816 6075 10686 9795 14267 11606 5016 565 4796 19123
9648 19387 10549 8116 533 7244
19601 9871 6771 10709
18213 1583 19131 17816 5496
19601 9871 6771 10709
18213 1583 19131 17816 5496
19601 9871 6771 10709
18213 1583 19131 17816 5496
19601 9871 6771 10709
18213 1583 19131 17816 5496
19601 9871 6771 10709
18213 1583 19131 17816 5496
19601 9871 6771 10709
18213 1583 19131 17816 5496
19601 9871 6771 10709
18213 1583 19131 17816 5496
19601 9871 6771 10709
18213 1583 19131 17816 5496
19601 9871 6771 10709
18213 1583 19131 17816 5496
19601 9871 6771 10709
18213 1583 19131 17816 5496
19601 9871 6771 10709
18213 1583 19131 17816 5496
7319 17122 311
252 6771
9795 14267
7977 10958 9926 524 15787 11542
13191
13191
9857 5315 16726 2821 12058 19086 1195
3663 10740 1195 7747 9856 17731 12865 1306 2961 10700 11542 12431
19164 9866
10740 17683 6193 15922 18884 7387 10703 6051 5075
12226 11670 639 11542 7290 8503 10754 3796 15021 1643 7979
1171 12035 9651 14488 11542 13913 1367
9756 14466 8240 16316 10317 11173 1299 8615 7348
14196 11542 16701 15415 5495 6183 13154 7387 2721 4128 11203 3876 11542 2317
18895 9756 2335
12226
16595
14738 15337 1748 3378 12276 18851 6026 15019 10651 12622 527 15497 15748 15221 12276
16298 15398 146 6816 568 6249 18278 15540 19464 13283 14882
9795 14267 13163 7977 1643 1377 9857 213 12030 12850 12585 8629 213 16740 1825 9857 5315 16726 2821 12276 7107 2327 16269 10417 12929 9926
10706 15496 14748
7442 146 16593 10644 10073 10077 15169 15284 8871 15170 16701 2058 1982 213 4549 9856
7822 11542 11542 11983 7299 14888 14733
10537 9795 14267
12882 6771
18314 11542 12865 19418 15398
19044 10472 10350 15398 19603
972 16371 5711 7822 527 7822 6201
1965 11542 15410 19723
9795 14267 1620 10472 2433 1982 6183
10317 3589 16395 10933 3592
5078 10195 16549 4233 1833 10482 533 13036 12276 10040 5985 4860 8867 6348
9648 19387 14118 4568
972 533 13036 6765 16852 12889 2912 923 17058 533 15563 7506 9279 19583 2294
14267 3639 15319 14425 18716 16701 7505 11542 16583
6238 7977 1643 7979 19278 1643 12030 594 15324 9648 19387
13981 796 14653 4232 14118 5862 18894
14591 9863 5649 10163 10317 2169 15787 1176 10706 11542 12234
299
1120 18317 656 14653 6939 10564 1071 18640 9863 10634 2862 7026 15376 16944 4946 2862 10564 5008 15376 16945 14554 606 2862 15480 5917 18638 13670 15521 11807 15170
11542 1943 10402 7001 18458 11510 10223 6373 17182 7481 15020 4082
10317 9871 17679 7472 14139 10317 11542 8322 14362 8382 8871 15284 10320 10700 12748 6852 4578
6515 16268 10317 9871 11573 16951 18427 16914
18508 12030 9648 19387 1989 5921 13008 9270 6750 15221
9795 14267 13163 10256 11814 14878 16047 15658 18872 10402 2358 14653 6557
17108 19573 19365 11126 9926 7979 2179 5711 2570 14118 14772 19136 11096 12276 17442 4757 10902 1893 6750 15221
10317 11814 9858 17718 16784 1326 15635 9837 13280
19171 14291 9756 5188 16676 12395 18097 7526 14748 6839 5910 15787 9756 6680 10317 12276 10472 5657 6287 19136 19365 11126 4022 16889 19488 6417 9761
10613 2886 6703 19192 13391 19289 13017 16672 18248 10667 3319 10381 9756 7677
6113 4728 9648 19387 3597 4735 5468
3299 19247 9756 15938 1620 18227 10233 15688 2988 2547 1825 3863 16938
5023
369 17939 19136 11542 10485 10317 9756 1120 1643 533 6939 13347 8312 5743
10537 6787 7068 5297 8503 2146 7498
8722 3016 5078 10537 9243 6787 11203 2719 1328 6942
7496 11332 533 18099 7860 8629 6787 7636 4549 18862 10804 6787 14371 18862 10837
10804 15895 5084 533 6787 1643 1643 7822

9648 19387 14425
2554 14653 6787
1566 3093 2512 4578 19474 9648 19387 15886 8784
14178 8111 10256 11814 17305 40 19053 1008 17916 9648 19387 15886 6675
6335 2774 6787 10480 8495 10317 15073 1604 11542 10688 10837
7822 14733 15744 11197 16144 15400 3291 16701 1306
