454
19601 6771 15410 762
13477 10481 13673 6771 10644 9756 18376 1643
17683 10317 11795 146 8627 6426 8065 7043 16385 1115 8805 19729 14474 16371 5711 10523 16889 2437 6771
17742 10684 3082 5552 1989 1904 8935 17259
6365 17057 13394 2730 3082 16407 12276 11407 17686 3047 10414 1171 5804 10414 1982
9756 2612 5552 17680 2612 6174 5553 17680
6634 19136 1173 5803
1909 8382 14065 13046 7412
7136 7043 12058 2656 11383 6281 8589 17679 10706 6431 12154
19365 13191 4952 4185 11112 866 2735 1306 8916 15949 469 15557 12882 12433 15771
10335 17501 16760 6201 11812 6872 15947 9871 2734 1306 5078 5765 16246 4144 4000 337 18525 4971 6395 16481 18303 5046 9087 11068 10157 12 6361 2734 13497 19164 604 277 9445 2593 4202 7927 19650 17720 11389 17474 15170 1888 11768

533 17816
10519 14669 19278 11542 11035 6337 11542 11044 6242 8382
12276 1965 11573 15410 1587
6852 253 11292 10706 17476 11542 15375 8028 3717 86 15398 3630
5683 15371 17771 15375 8028
16371 5711 8945 10519 10485 14118
934 16852 12889 11863 7215 6464 568 6119 12290 13154 10936 1054
15398 2469 7343 8502
12504 14196 15398 17608
333
10936 14318 13298 7977
16682 14318 7977
1054 14318 11838
7235 10402 19235 18438 1879 15911 15886
12276 11904 8221 12726 12276 6519 8494
18303 6686 7654 17889 8494 16261 7587 16852 13394 906 1173 6675 10317
6771 7677 1054 16601 444 13389 8736 12865 14148
10936 16682 18227 2724 11858 16972
527 7698 17742 10684 568 6257
19365 16760 6010 9279 13588 8310 16852 5067 1833 13011 5067
17679 10233 7585 8386 14064 15150 18721 5335 2734 6812 1643 3220 10804 11573 18722 17292 14178
11997 1000 7979 7526 17098
19418 8339
484 3258 11801
3442 16914 11542 6010 13998 13913 17830
12276 16299 18443 7977 7677 10640 9213 18729 13394 7698
2602 445 6608 15830 11030 17274 7798 15830 11503 8309 11812 11416 9468
16261 17683 1893 11945 6011
568 7822 17316 10644 3258 2902 7299 19136
7698 19573
6174 952 10454
12276 16899 15259 6730 6787 19138 15911 5352 4520 12276 1965 3644 14305 12599 441 13389 17124 10644
441 19017 952 8073 17256 2902 17978 18068 2963 15360 12276 6815 12291 5725 18822 6852 9208 15173 12226 11877
13182 10171 18487 17683 743 12221 5399 16755
14274 13538 15259 6730 6787 5921 8073 3719 18542 19164 16371 5711 6183 7526 19164
11884 12276 9694
11542 10644
13831 4787 533 6646
13837 11542
3597 6812 13330 11606 15170 11542 19136
15169 7822
12290 3597 13152 19086 8452 13152 2675
3258 18662 18314 6771 10391 12865 18731 6812 11542
13837 11542 3612 6677 16306 3936 11542 13831 9104
3258 16792 11542 923 18900 2734 15798 2373 6779 11542
14139 15787 18891 13235
17466 12865 6198 5803
12504 3258 14051 18121 6812 11542 8578 11606
10579 5985 7654 666 15797 3258 10056 19221 6174 12799
11542 7026 10414 1054 4487 4457 4150 10936 857 15016 7228 16682 11173 1604
9687 12151 17489
7136 6771 2734 19573 10402 15631 1879 13191 10706
527 934 11606 1982 6338 6119 3881 6478 17742 14362 18560
13529 5657 6675 3082 13341 15398 17669 1055 17771 11542
16371 5711 7824
17680 4684 10481 10317 8086 16838 12429 1982
6249 6771
4684 15398 6174 12799 17816
17069 11542 5349 14748
6771 3612 12061 19418 4684 5910 12276 1965 163
7822 12889
565 13163 1054 12276 19136
6431 14351 9836 7694 17779 17679 14082 15221 445 6608 19418 8452 3422 8524
3021 6554 75 13617
9279 18295 17069 7496 7299 6852 8028 1849 4512 17690 524 429 2264 9792 12432 822 13728
328 11291 11542 4117 17939 17816 6936 3082 2058 9438
19488 13907 12276 9165 6010 6787 15410 19725
7654 15398
9771 16371 5711 15360 6779 17549 4971 17549 10317 2092 19481 13656 19488 6898 19131 17816 19145 11573 10317 19086 19136 6771 7233 16907 16889 7654 12485 6771 19418 18266 1982 11542
13191 442 8382 15247 9836 4621 6771 6201 1643 15541 11542 2602 15798 15249 15409 10317 1120 1465 10700 14139 3124 11542 16638 11606 2905 12865 13341 947 16371 5711 12231 19365 6947 15217 19131 17817 19733 16371 5711 4101 12860 18303 16701 15409 10317 6852 19723 6771 16881 17777 17889
8334 6857 2736 18668
14165 15401 18438 11542 6658
10961 11292
8069 2735 1306 4596 11863 17456
10961 7299 19136 18894 10523 5520
401 13399 1171 6771 16889 16267 11863 18438 10700 7698 17940 11542
12902 15755 15986 11542
12897 6402 19164 10317 1115 13341 10709 11542
19235 8899
11999 2007 6540 8080 6779 17450
1879 11863 12234 12936 17683 16744 17450
11573 7698
3258 1643 11542 17718
4684 16261 5803 18730 17069 11573 15398 11606 10063
17742 9850 7526 17490 17057 13394 5126 16792 17679 18422
16601 2058 7299 13918 6104 2930
16760 5657 7022
5016 18730 533 8339 18721 13394 6750 6209
568 13941 19749 1643
17686 13394 10706 14132 13588 18227 17680
6730
6010 11542 19136
17094 11542
934 15450 11542 7894 17474
10318 19365 8784 11542
7442 18716 10229 8691 4568 4876 18004 17680
12221 17816 12865 7526 12520 19086 18729 19171
17683 4684 6816 7022 5471 3034 11152 18721 11469
774 19164 18729 13389 7698 10228
16268 2754 1848 13391
14139 14787 14360 10414
10317 3221 10644 6478 15557 11542
10804 11573 3883 1687 18568 12865 2527 17889 16261 9255 934 3663 12059 6787 17474 519 13394
8643 3258 11863 18295 3378
19164 6779 930 6852 12154 18295 15771 7136 7043 16914
596 6478 2734 17115 11538 2380 11247 6174 9279
3296 2479 7215 17304 3663 1757 16760 577 13191 6028 14139 596 2291 16261 11863
15170 11606 19086 16460 11542 8396 14196 11542 16255 9277 7136 7043 16914 6787 6787 4696 3380
18729 9756 18884 2734 8382 15247 12449 1054 5306 6179 17148 14177 5128
19560 7233 5124 16261 18486 16261 7587 17094 13394
10539 6771 18566 10804 10804 12429 9850 17304 13394 1848 17072 9213 14118 10278 17471 18721 13411 13299 18793 17680
934 18566 15886 2729 6787 9743 3230 13941 5657 7022
6852 8626 6771 972 18508 7654 5402 5910
19365 6771 5349 14125 6587 10709 15259 6730 15406 13341 5910 2439 10499 8543 9756 4899 19365 17679
16852 16595 1583 5917
2912 11866 7698 16760 934 16233 6771 11812 11606 1982 5917 19089 3880 3346
3258 327
351 681 9756 1120 10517 7043 6939 3258 13731 1173
17141 4656 16760 17742 17479 7799 17489 13394 12276 16601 10512 3975 5604 11503 445 6608 8152 15247 10278 1879 2433 10056 11843
5075 4233 9279 19171 6779 7043 11588 2735 13394 18729 2690 7043 6174 7043 15393 2735 2586 13861 19365 11863 18295 7899 7496
16760 934 7822 2380 8142 13394 3630 3918 875 12119 2629 1939 5640
2015 1371 6771 6680 14118 18566 12687 564 1193 85 2754 15406 9756 15878 12725
3259 2912 3082 15787 17058 527 15977 7136 6677 6193 12276
950 5769 4184 18133 11542 15409 17304 7545 16660 14748 5068 7496
3258 5065 9694 18216 15006 2484 350 11292 6680 13529 13916
16467 6781 11542 16973 7899 12646 6677 7063
4684 12266 15866 17777 13110 13588 11606 7077 579
1176 13529 11606 7528 2754 7927 17680 7680 11884 3151 5910 6771
8643 7827 18419 10670 6386 765 18932 10393 3396 11542 13941 9673
13529 5349 17446 19749 11084 16591 4487 4708 857 15016 11173 9687 16233 9634 11542
6119 10318 15016 12818 2009
4684 19603 19136 12276 1982 11573 10063 5628 163
6852 8240 3258 16313 7698 8240 19365 6771 7043 2734
16278 2730 5591 17720 2677 9756 15398 10317
16595 11542 17720 7680 7698 16596 18729 13394 16596 14139 10317 6771
5917 2474 2734 7043 18721 17771 6771
14196 11542 1171 10323 17057 8338 11573 1171 10323 17755 6680 10317 17750
13220 5711 972 6119 6947 15520 804
6010 5946 11542
10233 15631 2727 8069 2727 5121 19145 11542 10317 1879
4930 11542
1178 3082 19749 664 8102 16892 18690 17057 13394
11542 7698 9633 9802 12596 2380 10142 18721 11871 518 400
6631 3068 10684 3068 16201 1591 2373 13283 14359 6533 7233
7903 3052 16760 13652 17680 1848 14139 9279
6675 10317 2754 14352 10684 13718 1881 6675 14538 18005 12865 1849 13391
11542 16975 10804 13115 7044 15217 15991 2821 4355 15217 5917 2058 18507 9984 3433
11861 6249 6771 4862 1474
7822 11542
15800 18223 1893 13389 2754 5707 3016 12865
12058 4549 11573 16755 17057 8339 15787 18303 15847 7369 13389 1850 7698 17069 1643 17101
15787 577 16868 6753 13389 16853 8685 7368
11542 15787
13856 10882 16595 6753 4267 1171 751
18721 13411 11131 12865
18721 13394 14125 19164 13588 19164 14100
6771 18273 15800 13389 710 1054
18273 4229 13389 8629 9863 1171 2754
16258 1626 5910 19164
8072 13389 10233 12563
6771 17502 16760 12886
527 7822 5711
15217 6993 3440 17939 2443 1568 10481 14118
7698 11542 15268 6540 17069 6540
16856 14196
14148 11542 12276 6631 16914 5247 344
5657 6397 15609 17057 13389 11542 19164 10317 12276 10644
19749 5078 4239 8784 1843 10644 11542
4144 10644 5247 344 3258 6852 11542 6183 10644
7442 351 579 333 5985
14148 7442 11 15284 6852 11542 10644 7698
3019 7822 16760 351 7927
11997 17474 7529 17057 13389 15895 16760 4905 10278 17057 13389 17683 14139 7698
934 11542 6675 11997 17474 8524 18884
10317 11542 19733 10644 7927
7747 2310 19136 6771
16856 14196 11542 3258
15169 18043 19278 15398 4536
14139 5971 10644 8023 1620 11805 16566
13831 6557 405 19136 19488 9714 6478 10519 15401 2058 14738 17304 6557 6771
10804 5856 15215 6249
14139 10644 17683
7943 8179 15062 7299 3834 10519
12276 11291 16122 10081 10396 11877 6693 17429 6437
14148 7588 17513 17720 15755
6119 10056 214 11292 15406 15012 10171 3287 19088
405 10233 8860 14998 19407 11332
7473 5971 12504 16760 17479 7526 13394 7526 15398 18721 3052
972 9279 10804 7698 15221 6119 10056 67 11292
8643 11542 10514 14064 13235 18303 3974 7136 2734 7567
14139 10706 15496 12276 18884 17352 10414 10317 15787 6771
18228 16518 11542 16864 17683 11542 10517 1982 3068 4944 7188 1982 3296
16266 11542 2058 8116 19136 15902 1591 6872 6201 7567
10644 15496 11573 10317 2092 19481 12687
7585 294
277 311
1 16593 11010 3365 1540 3017 5790 11542 11116 327
1
11997 16778 2058 3068 4944 934 10999 11537 52 8627 7822
6852 15169 18043 11542 10481 17212 17683 405 10700 6026 6771
8643 13170 17137 7747 11542
11999 10317 7136 7043 6787 11858 14139 2677 6478 18884 17355 6201
6771 7442 1620 16760 2734 13241 3082 6174 14413 2734
17122 6198 9931 16760 213 17467 2380 7526 17098 12276 15409 10402 11308 12429
1054 13529 11129 8524 10278 10129 444 13394
3082 4940 10402 1982 11606 3709
13191 9279 7747 13529 5854 9378
12504 17137 6010 4684 14196 11542 1171 10482 7698 17816
12882 11542 7654 15398 7233 7224 15152 11904
333 16233 11542
15170 19601 11542 6183 15410 18508 15410 12687 564 10151 8028 15003 14921 13792
19733 7698 5303 11542 15496 2738 10151 9931 2734 579 6852
13191 8589 6183 3379 16760 10350 18591 11838 7530 18492 17057 13394 19630 8196 15902 17978 14774 2880 3082 18542 12934 19086 14927 16760 7022 16381 12783 7003 12276 3070 9756 5485 12276 3068 11877 10317 11453 17771 11542
19722
13529 1643 11542
146 7442 7698 527 17549 13191 16267 11588 5917
12276 17114 16034 8453 501 4875 5707
8543 17122
12321 18317 1000 17466 11542 19418 4684 1204 1498 751 7894
9926 10517 4229 533 2735 2380 6385 3188 6557 6995
5971 11393 1011 533 11542 13734 1054 4821 18593 3068
6479 12890 2007 2570 6787 2734 18722 16103 2817 15773 7526 15398
19136 15398 10999
12504 1643 12276 1960 19278 15398
19365 6771 15771 18729 2734 17450 3442 9261 964 5165 1115 2734 15623 533 15221
9139 4973 6592 12597 3082 146 5046 7136 10402 2832
517 4828 6182 12596 13191 16069 6852 214 11292 6675 2679 16760 10472 12337
6182 16371 5711 6291 6771 9871 14235 10171 6677 10402 3131
15636 18045 7822 6339 7822 6771 8643 15170 11035 1965
15398 2223 2754 7585 11542 1173 327 15895 6478 16371 5711 1575
15337 14125 17854 15401 8172 1756 11542 2722 3124
12276 1965 11573 19723 8076
12865 3711 12011 2116 15861
15073 13389 10317 11650 2754 2433 16824 6562 12748 10334 16819
2075 7977 11538 2821 5628 11542 2113 13642 13816 3682 6464 12901
1054 1843 16852 17771 11542 19578 11650 9756 2734 8215 189 6174 16043
17683 11542 7585 277 15337 17471
1054 14207 17114 10317
6693 18043 11323
17720 7680 7001 7977 10644 4207 19151
11542 16069 13240
12707 5910 7228 10706 16369 7654 7585 2433 13256 6193 12345 15742
16195 16371 5711 19179 10481 16907
1909 7698 14671 11542 7530
7526 16907 19179 19043 7654 8524
10462
774 1643 14671
19278 15398 11542 14851 19599
19618 12231 13343 19647 17513 10358 1583 11542
5971 11542
3774 17742 17474 7530 13394 7654 10519 5016 5070 17720 11203 8116 6381 13339 10204 12276 11542
5910 15146
17742 8382 15247 2380 6812 2969 7642 4367 11877 4547 1877 4943 13394
9756 13152 1306 13793 13411
8643 12276 2380 13029 3354 442 846 4445 6182 18273 1070 12494
6182 1849 4491 9836 13394 18266 16744 14013
13529 6053 6801
7136 7043 1371 6771 19182 12707
17683 9016
5969 8069 2727 5707 17816 18731 6787 5871 19656 5985 7698 8643 5349
11542 5707 5242 16760
6119 15911 15221 16264 10480 8069 16266 10480 18035 6775
7299 19136
18289 17479 15407 1518 579 525 10317 17474 14054
18721 2729 16299 2762 3258 8104 19278
5834 17098 10908 6872 17467 14103 6335
17683 9249 6771 10644 17683 15407 14118
12276 17479 18104 8524 10278 1881 18599 6201 453 18039
7506 15211 15407 11766
6193 15922 12276 3082 15407 1518 1909 6771 501 7889 14124 14303
12276 11573 8493 9276 10706 4276
5439
6201 16439 3975 14611 5683
7506 17554
18731 5272 17096 11573
11858 14106 3621 2279 10317 8784 5016 16204
3258 14736 10350 6249 6819 15973
10539 9983 18034 6395 11542 9213 5273 16784 10684 18172 10144 18721 13394
4487 4707 6533 5607 6554 11173 1604
9689 12931 3075 11607 857 15017 12504 14553 14139 2527 11542 7291 3302
14139 3712 15755 15837
19136 146
277 8626 5078 4420 12276
3258 11884 14733 17070 16760 17742 9850 13337
14139 4022 4512 3774 13502 19749 11567
3258 9756 40 11233 5328 9050 11542 6193 17679 19618
16899 18966 18889 16914 11542 10317 12687 564 9513 16701 1982 11606 1982 16371 5707 15401 12059 2721 2145 11542
11884 17380 11877 11863 17679 11542 10709
16760 15324 14139 17953
14202 6198 19136 11542 9756 7526 5016 17380 11542
3016 12943 9756 1120 17057 8338 11542 8338 18914 16595 7233 1848 5933
10519 10247
5971 6852 12929 11382 6779 10644 3082 15409 14118 14063 568
8310 14139 8795 9213 3353 5743 7698 1643
1054 10945 14359 18213 9279 12276 1054 18213 10315 18303 1877 13650 14100 13389 7526 11863 400 10936 12276 10245 8218 1054 1881 7654 4656 5910
17683 14139 10644 6771 6010 9983 17069 17811 11892 6174 939
9756 2612 11316 17474 5910 10515 3975
15401 6771 11858 15410 7140 18314 11542
17720 18314 6771 17549 5916 1850 7822 6771
19488 14646 16466 6771 7698 502 11867 5075 9694 18056
947 527 6771 10958 12414 19604 3082 13793 7698 9633 3082
15401 6771 1620 6665 930 8240 9694 18056 9277 5067 6552 7144 14158
9277 5067 14158 8572 17816 934 9277 10709 15521 6771 19488 7140 18314 6779
5349 6771 11863 3630 5075
12504 333
12231 14671 10481 7822
13536 10481 7822
11858 10481 8116 5985 12032 7136 7043 2722 6771 11858 14452
17595 11416 7654 15398 17608 4749 11416 1620 5628 14748
12030 19603 19145 183 19164 11542
5523 15631 2734 19164 17830 17683 12226 2734 7694 12058 14118 11542 12226 4202 9598 7747 2734
17830 19474 16258 2433 18227 5985 14118 13191 17261 568
12030
6675 1370 11334 10317 147 11292 11542 17594
11332 1173 14139 4202
17057 8338
17057 8348 11542 17057 18917 17057 7833
17057 8339 10233 7576 7228 7654 6750 16258 9926 2789 9863 6198
17720 3774 14139 4022
4138 14318 9850 6812 17057 8685 13394 3597 17544 11863 972 15195 14129 10317 17474 9926 6354 7698 1643 18333
13191 6693 9926 19087 7654
17683 19364 19664 15337 9914 8354 7822 3774 9756 17304 11808 7654 10317 183 19164 2007 3263 4365 6685 12306 19650 10035
934 8069 2734 533
4248 17742 15221
14152 3896 6771 10517 4248
8675 13364 12154 10698 6927 18268 2058 17913
10539 11542
7822 12504 11542
3604 5445 533 17750 6201
10537 6852 8028 7319 7231
15375 8028 15131 5683 15371
9255 4512
15398 11542 6194
15169 17686 7680 1575
19659
12 17830 1982 6338
11863 6631 11542
15398 11542 7233 19418 12882 11542 11904
7526 10073 11542 7526 19595 19549 19418 8102 11877
952 17720 10249 1575 5985 11542 19365 17720
3258 8103 579 1575 11542 10556 2570 6771
17305 1620 5035 7136 6771 16924 7496 1620 2092 19481 13656
16760 1758 7894 213 17479 4939 17490 13394 18560 5938 16322
1054 4621 6771 4458 10414 11863 13394
14139 13667 568 11542 10684 14878 1054 13154 4487 4706 7822 2754 15398 16978 7343 14810
17110 568 1965 7233 10936 16682 934 13732 11606 11808 3621 14381 17771 11542
15217 6995 9756 429 1575 16878 12276 6631 12725 11542
10056 214 11292 11542 9756 429 6053 5016 3054 2734 1073 17771 3317 10317 4038 2821 7043 10728 15393 7043 18793 11872 14493 2735
14139 7747 8558 11542 14202 6198 15398
3258 2931 1604 7140 11863 17679 2818 8503 1013 1497 16758
7140 11573 7698 16266 9445
11964 4675 10706 15895 16760 14118 6582 5615
7353 12687 564
3258 16760 17742 2380 7530 10656 8494 7530 13389 17489
4675 16316 3158 7140 17679 10706 3158 16760 10350 10519 1205
4250 7677 9694 18056 10953 10018 8860 3375 5068 16760 14577 9803 18716 8558 3031
2916 3719 7215 13420 3769 12042 568
4487 4706 2474 11316 9836
857 15016 3102 15169 1512 19132 19749
11173 1604
9687 933 12030 11606 2075 5539 17755 6255 7530 8452 6852
1358 8427 13529
12504 3258 9346 5946 6010
4675 15521
11542 17742 2380 7369 17098 6002 2969
16278 14132 13389 3052 10278 5456
10233 16595 7698 12725
579 11884 15398 2056 17069 9138 16868 13389 19164 13389 3052 16259 10278
10644 5098 15337 19164 6779
7136 7043 16914 11542 10709 7268 17059 527 15911 12804 15398 15630 2734
8169 15911 1879 15398 12865 9189 15748 19365 11542 8064 8295 2735
1178 15337 19179
12030 6335
10700 10472 16760 15755 15410 11542 18278 19136
11542 10706 6272 9694 18057 7343 13658 19573 18542 17141 14232
4487 4706 4737 16658 12888 11606 11808 5239 13283 3021
2336 7136 7043 1371 1911 8310 10142 1056 3068 15398 19583 12943
6773 16914 934 5961 17171 1371 11542
1180 15012 3787 3258 11884 17136 4684 19603 3137 6119 6540 15268 17069 11573
1591 2121 15577 18138 7498 16261 15170 13941 19573 14748 19164 15170
11045 13235 17069 12395 13040 7136 7043 3706 11454 3631 16755 1320 13472 10787 18177 13368 12086 8570 1551
6680 8489 7570 12717 533 7903 9255 13191 1938 1637 6287 9350 8069 2735
2912 9267 6675 15012 15634 8734 12748 4333 2065 3068 4944 14096 13427 13582 15717 5711 15771
6174 13519 6787 15955 18362 6675 19179 3454
3258 13235 14993 5831 18412 7496 10432 13364
9756 13286 6291 11795 523 2210 17992 7001 7680 1939 8553
6249 14943 15968 13687 3774 6911 6827 13616
7585 11542 12 11858 10056 344 19725 19138 1982 11542 12276
146 11573 429 10539 6326 5839 9182
12058 12276
17982 10539
19418 14314 19145 18217
3258 8295 1474 11 8626 183 11292 10057
14139 13170 17137 11542
16278 15169 9299 4113 1474 2346 14314 11416 7442 13829 11542
6580
17009 19145 7918 11606 6011 7299
6174 10142 16261
6010 11884 1982 8784 10937 10700 16701 12337 12695 19418 5707 11884 11542 19603 17816 19474 5927 1982 19164 18729 2734 19164 5303 6787 1833 16100 10709 13656 5970 17816 8928 6481 10472 2317 18508 16701 2007 9467 5917 1982 11542 11807 1797 2191 18849 5910 1783 9426 10740 5970 9430 17816 12030 19136 19136
7822 11542 7822 568
6693 1620 8382 15247 15649 3630 16760 9635 11045 11840 7822 17816
3017 8570 19418 7022 11542
8167 6787 15631 7136 7043 5707 5349 18356 11152
12707 13941 18438 19552 6657 13779 12276 15173 1173 6993 1568 17091
5971 19164 16760 17899 18914 5838 18210 12620 4578 5821
8578 10473 16760 5917 4022 2058 2466
11542 7822 3047 18730 17057 8338 16760
3630 751 16760 17742 2380 16371 400
2754 15398 15521 3630 568 3630 1620
7822 11542 15398
1965 2754 7585 6771 11055
3258 1120 10472 10350 17057 13389 12395 16755 5349 4578 18729 3375 8784 7136 7043 13118 18690 11389 3287
8309 15221 12865 6995 2754 920 15398 4199 8142 18729
15889 7060 6771 16692 7136 7043 7103 14139 8423 17172 5108 1371 6771
920 10317 5075 19043 1054 7367 13394 2754 18721 17489 2734 6962 3068 14588 6771
7680 2902 9756 15742 19488 7136 7043 17450
3134 7291 14666 242
3580
11884 15259 6730 6771 5837 16261 5016 9756 15787 13394 18578 6753
6771 19418 17304 19164 15800 12929 19418 7526 13389
19418 6675 17830 5349
17679 11858 10317 7136 7043 6779
10706 15780 18577
15949 11885 7168 7587 11884 6348
16760 13696 2587 3082 12716 10123 3068 18273 6209 17816 12735
6771 10317 8784 7526 13389 15161 19583 1173 15169 7835 10033
10706 6675 579 8102 19418 7526 13389
10318 5917 934
6852 6658 6771 9694 18056 8941
16766 15942 619 4155 13191 19488 16468 11606 19136 18044 19418 19086 15398 2754 17499 12058 18043 11323
6478 2912 9002 9930 11730 16744 11542 10709 10835 12083 1620
2754 7526 12735 8064 8295 2734 19573 3755 17595 17771 7586 12276 10684 3068 3260 18884 9696 16914 12901 10278 19418 5123 7698 11542
17304 3082 17057 13394 15410 12050 12943 10706 5014
3082 4940 568 8491 13941 1907 13182 7698 16371 5711 19418 2310 17122
12596 10233 9343 2587 9803 7530 1982 16635 5910
17122 8941 14196 14152
13941 5016 17742 13893 6771 2583 533 4198 147 11292
16760 10350 7472 7698 8643 10804 15221 10318 15410 5016 12452
6852 4296 14307 11542 9983 11606 6338 533 604 6478 533 4197 15755 16332 17816
15375 4296 5917
10804 18363 13913
947 9048 7025 15521 13913 11670 1124 10128 1909 10958 15521 13235 13588 3719 5016 16760 10350 12396 10367
