322
19474 14165 10056 18303 8627 10278
14139 17720 11542 7299 7698 11247 7299
14405 12240 3346 6174 2013 2570 1982 568 17883 16371 5711 19603 327 2564
13220 9606 2006 15601
14688 14051 12358 13283 527 15542 14849 5946 3378 4973 12276 13235 18914 579 15073 4517 7654 8072 8323 18593 13206 1497 9815 7930 7680
2838 15339 16230 13841 7530 11877 533 15528 11961 1173 12396 11542
2720 12396 17865 1209 18176 8559
11807 6361 14318 8685 2730 10739 11226 17742
19054 10644 6880 2732
8107
12234 19725 771 14692 1304 15256 18840 18849 17978 14165 7442 12 16593
9756 12058 19138 3522 6575 1847 2006 18849 16701 13459 13538 18849 12276 1643 5743
10999 8125 12284 1304 10317 5276 10350 7442 15657 16730 16701 4491 5683 12396 10644 19609 14405 19136
5917 934 13733 5016 18295 12396 934 7698 17679
10700 3684 16701 13459 1304 18849 17978 14165 7529 14198
15410 12396 11542 4130 17830 7899 14405 7822 9759
2912 6872 527 7822 533 5067 11542 2474
5910 7824 5910 11542 1788
1961 3902 15410 12396 4684 11324 17683 9926 7680 8102
14139 4868 4088 12396 10691 16760 10350 19488 10241 10358 7526 4314
12376 14486 12240 3346 10691 7215 11863 16760 5657
24
12759 11573 15410
2355 3068 18109 6963 2886 6748 5767 3110 18332 18849 14849 9425
5819 7347 11542 1643 7977 19089 14475 12351 19577 14849 17789 5837 14549 12226 2373 15410
11082 10516 11082 14478 19086 10523 7957 9056 6166 6193 13341 1465 2931
11096 2355
9095 18849 17718
2355 15540 17540 15496 10040 16338 17816 17978 14165 163 6775 920 6027 2586 17806 16338 19733 3129 10644
18966 19583
10396
17137 11542 7529 16178 15557 4866
19371 14587 4862 12671 11727
13831 18896 15564 17946 12022
5383
8643 11542 9988 16760 527
16701 10171 19549 19365 13841 17309
19043
934 18111 13128 17304 10402 10473 147 11291 14733
12396 11606 1982 16281 10804 19171
10684 16760 13883 9928 19583 5468 14129 19365 5893
11863 18849 3719 11334 10709 8900
14139 9819
163 18849 920 2544 14748
16701
18966 1575 7585 10223 311
11858 19278 15398 3287 17718 14314 12058
2067 17729 18266 3881 12396 12276 1965 533 15268 6787 17816
15073 7585 3044 17122 19418 10317
1116 8137 3648 10171 10804 17729 6771 18557
19733 4144 6031 12337 9756 14405 1909 2754 11863 17865 14748
6554 16371 5711 7822 4866 7343 17720 7698 531 11858 14060 1846 11606 1643 15337 3881 8503 13805 19723
6771 6938 1171 19575 6771 7698 9633
10512 7698 4138 8627 12707 12240 14165 15800 15435 13856 16120 6464
17429 14477 17202 6174 1231
9756 2730 1620 19145 1583 11542 10233 9756 15170 17978 19131 17816 9228 12396
16760 10350 7663 15081 604 17985 1514 14277 5414 3561 10402 14573 4133
3561 6693 10317 8545
2754 6338 1000 5075 10644 8379 11247 12084 11542
934 17683 10644 9785 1846 8738 12276 15217 10480 18367 4890 7887 11858 5917 533 15221 9606 2006 10485 1488 15221
16298 18827 11542 7442 10895 8216
1965 15268 11542 15410 4596
2183 1568 18969 11863 9302 13191 2474 16312 15284
972 11542 6348
2396 15194 9800 6448 15401 7698
18969 15178 10245 14124 15410 15268 11542
14601 3717 18088 4512 3724 7343
10317 7822 3349 3163 10684 3082 3522 9606 1013 9785 12646
13172 15398 17742 17316 568 17304 13110 3287 8450 3346 6771
13286 3769 5613 7343 18228 10480 10317 13287 1767 12218 11282 14491 9268 2088 6492 4136 8954 12400
18820 6771 10480 10317 10644 18278
12804 8522 12396 1654 14324 1965 15221
10999 4393 7347 19583 10302 11537 10317 16261 4372 16701 10402 8166 17946
13283 13283
11203 17720 1302 2007 3068 12396 13794 19365 10519 1982 752 7767
11807 14408 10961 5075 4262 2912 9914 4656 8243 9756
9914 11542 12396 12276
17718 11542 15886 12396 12276 1982 9756 18722 3774 10644 17982 5016 18608 16766
11573 16766 12240 12276 9165 8791 8322 10317 8028 14405
15147 11831 6339 6409 18686 12240 11542 12865 17304 19365 11863 11542
11818 12707 533 15530 17942 14042 13332 15837 5016 15170 11863 16914
1982 10644 8028 19164 16069 11511
18969 6554 11542 934 8386 13364 18155 240
10519 6927 16701 7698 11542
6771 2317 11406 10171 16186 12326 19145 17889
19138 12396 12788 18841 6771
7136 13191 13443 6174 19136 6448 3423
10143 11453 11657 435 4974 8803
1372 6771 15889 8967 9005 527 5067 6515 5915 2433 10104 13021
3021 1626 15566 19603 16583 17136 1171 3021 12059
947 10743 15938 17813 5910 14139 19603 5719
14694 12396 1302 11606 1982 8784
6771 7587 1509 2087 15001 19488 8147 7061 19749 10740 17058
14405 12396 127 18849 17978 14165 1304 15255
579 16627 1568 7347 15268 8597 11573 15398 11807 14407
8643 3543 6574 3091 19547 15319 13497
19737 14987 19136 18314 11573 7680 1851
19145 12058 354 16177 4547
12717 5969 6646 6677 8314
19749 12865 6349 15496 19116 6646 13588 4216 6273 7242 16372 6787 10700 12276 19545 1171 16701 883 6663 4406 8811 17477 1563 19453 154 3543 6574 7698 565 7903 12246
13536 8940 1553 17610
14177 4312 4133 6947 11542 1531 3220
6852 17679 8884 12032 3522 6574 8125 8028 1304
6852 11542 1575 10855 15565 9279 3082 10519 7299
11542 11961
6852 11542 577 18917 14927
11542 10482 19136
19152 18447 3682 11573
15410 19164 11077 127 11542 10958 14060 16054 8386
10961
18849 13 7088
19136 12396 1173 5803 9213 5538
10961 16885 17720 9756 7698 10482 568 11542 8572 10700 11416
8116 7022 11538 19164 6592
11606 3019
10317 533 7953 13152 11606 18605 10961 11606 10223
11542 9067 18728 7962 10317 10709 2891 19164 14118 19583 19582
11808 7526 524 17889 11606 7953 13152 19583 10223 10320 7343
10317 14849 3068 4944 11606 13283
10317 19164 2886 14125 7343 19418 18314 2886
15398 11542 17608 7592 9756 2346 5591 9213
10223 6010 5626 18849 17978 14165
11858 15169 12396 17978 14165 8240 7698 11542 15398 18043 11863 12276 10481 7698 16760 1758 7977 7677 14165 16261 7677 19659 6812 16508 12707 11542 6816 14588 9756 3021 12726 15409 10317 19365 11542 18303 12865 3110 12504 12234 11542 11884 533 8578 6771
12226 7680 15398 6771 15410 12396 10855 9756 18548 6668 2488 1514
17679 19603 11096 9785 1846 12888 12276 8395 11542
429 17549
16760 12030 11111 5711
12030 12396 11542 15826
17312 5711 12396 10700 19213 19603

19607
9926 5954 5985 6764 14519 12 10358 17197
16298 7979
16410 11416 15033
17277
12030
1643
18333
4506 8503 568 16946 15748 14051 13046 15033
17277
19399 920 6515 1370 11542 17608
17304
19086 11416 1620
12618 147 2564 17776 6348
17598 12030 13611 5075 568
12226
1583
5075 15409 7098 10644 12396 12396 16099 2121 15268 3068 4944 8707 9279 13191
11863 17978 14165 19556 1965 3522 6574 19132 17318 11601
1813 1846
11542 7822 16371 5711 3941 18537
19733 11542 17982 18155 14776 2087 15002 18969 19488 9258 18210 4257
2310 17816
13191 14 13443 9928 127 12396 9756 10644 11407 19599
5078 6515 10537 16371 5707 1144
5141 5361 16583 19115 8827
3021 11606 3127 7698 527
1551
17978 19131 11416 3680 12396 1302
14228 8350 12396 18303 19226 6373 8215 4642 12276 11679 7576 17742 2269 10481 3719 13110 9756 2733 4045 12396 1465 13109 18716 10539 18849

10855 11680 9756 2101 6401 2821 3111 6755 19291 3456 15557
3240 16760 10350 3833 18392 3944 19046 16261 9279 8102
10151 12396 18849 6775 7698 10308 3368 19136 14118 7347 6423 15268 17925
14399 14975 10481 10317 16758 18194 11047 2087 15001 6174 13991
11670 14407 9213 18729 8860 4232 16261 11863 10151 7698 9633
18849 7882 11236 2364 12206 1974 19418 19086 15398 18290
12396 16701 7299 19136 5423 17830 14405
5098
7822 11542
12936 15410 12396 17978 14165 11542 17789 12030 3679
6174 15410 15512 11542
17720 11542 972 7803 10396 2129 11247
12396 16760 10350 4828 3082
17718 12276 3082 13941 1115 6693 11542 16701 4861 17513
11670 15398 2272
10317 15073 18438 16258 7585 11542 10556 14064
10317 15268 1192 7498 10700 17122 19136
934 18884 7387 10548 6693 17718 18884 7387 6675 10644 5970
6852 7585 9785 1846 9953 14139 7822 18914
11047 6245 15657 16737 1643 19399
9756 14375 15661 8531 6620 3068 18228 9856 8738
15073 3522 6574
12888 15409 10236 1965 10318 16258 5373 15337 13880
12276 17680 10317 12396 8707
14139 13154 6852 12276 3564 3310 6010
6255 12276 15716 11407 6771 920 8707
9926 6225 10913 12593
9771
4989 16760 3663 7585 18716 12276 10357
12276 17679 19418 6620 16371 5711
6249 1879 5910
19278 15398 16371 5711 7585 11542 12
10402 5098 17683 5349 10519
12396 17978 14165 12276 6631 11573
7585 11542 16784 11 12
8152
11542 10519 7822 5711 533 15221 1833 2789 568 7822 16760
17683 11606
19365 17816 17720 19145 1643 4055 14845 3522 6573 14480 19418 16124 10684 5769 10317 2886 14849 10481 11606 879
17683 4243 11542 10644 11606 11542 9213 17679 10644 1982 213 2269
16298 7824 5101 19723
2754 19131 11416 16261 1643
7850 2530 15564 2087 15001 3724
16760 9756 10519 15003 1306
15003 1306
7107 19399 9756 15800 6204
19733 9926 10453 1225 9871 6787 14124 6338 12431 1849 15878
527 14748 19488 11079 1210
12396 1302 16730 19164 1982
7698 10482 9279 1982 5065 8707 8685 17985 9400
1551 15398 6852 12276 9213
7592

19418 4361 13171 7654 8524
10804 14738 14034 11542 5016 12396
15822 8466
11863 6771 11863 1497
11858 15169 12396 14139 5971 11542
7822 533 10523 15268 2589 5985 9343 10700 19086 14695 10480
10129 1575 7822 9633
7698 2087 15001 18865
15169 18290 19723 1180 14114 15398 3876 13033 11573
10233 11781 6230 7035 19601 11542 6183
17683 5969 10317 18043
12762 1465 13795 11542 7530 1568
968 568 15860 11542 9930 6467
10519 15221 17978 14774 12216 12396 11542 2109 6291 4086 10644 16113 13831 3152 11247 10644 13918 3124 14322 4895 6490 4055 2924 12396 6198 19418 12157 3679
3016 4578 10556 13888 2570 6771 6335 7526 12868 12338 15837
10706 19545 5075 6771 6174 2847 14671 9756 13916 2561
2479 1620 13888 11573 16744 11314
11542 13342 1982 12396 17978 14165
15542
6201 15521
163 18849 10406 8751 17137 15526 14161 16924 12669 12396 4127
6260 10317 17540 11 146
1620 17978 14165 163
11542 2317
17614 8028 5880
12030 5803 15170
11077 10317 6852 12276 1304
3021 12059 10684 7001 14063 13191 12397 18508
17122 5803 15170
10406 6337
10151 14437 5019
19145 15410 12396 2754 3679
8643 11542 16567 6771 7698 19136
3522 6574 12890 12429 8643 2754 15073
16760 9279 15407 5657 14106 16595 16278 1874 5383 13448 13191
12276 17679 10317 6771 15407 2322 15221 8791 6787 14139 12154 18584
6771 7698 3021 533 2527 9279 18900 7343
15170 7698 16567 533 6771 7698 19136 19086 15398 2058 7347 533
7998 6048 10171 10783 2491 9454 16332 16620 16332 4184 13110 14276 3561
2094 18376 16907 13191 7927 13608 5078 15319 19650 15259 3908 3909
18548 9883 6193 2058 3927 3162 19094 6193 13110 5803
952 8868 14587 1540 14059 16268 294 311 9929 18210 3294 1328 1968 8382 14064 11542 16371 5711 18314 12865 16911 10644 9509
9509
419 18849 16583 18130 13298
269 10041 16789 14405 15268 331 3346 17191 8118 4512 3624 15496 8714 18932 533 533 533
14139 1643 6771 4888 6663 18250 7677 19164 13128 9756 12381 7088
3522 6574 1982 18566 16903 7586 10402 19573
17108 6816 6174 7586 6174 10223 6174 11599 6574
14405 6494 1982 1302 8452 4610 10402 17827 12707 19418 11214 6006 17771 14148 922 7529 8028 4610 14198
15410 12396 19136 12276
15410 12396 19136 12276
15410 15268 11542 19136 2087 15001 12396 17978 14165
18849 13529 11884 533 15221 6536 568 4046 11884 8791 12396 3047 7316 16102 15221 12396
7585 4242 5657 4055 3346 10317 12396 12276 6174 7526 8784 18228 4055 15911 12396 809 19750 1497 11203 9926 17865 13459 1465 1173 2317 11437 16069 19164 16760 6219
1409 13617 4101 43 11670 639 17683 9926 43 17680 9377 11416 12431
14148 7585 18303 16593 12276 9606 2006 17212 2223 10485 7698
14139 15170 11542
9756 7592 15169 17881 7199 18278 15162 11416 19136 17614 146 19725 771
9606 2006 17212 2223 10485 7698
14139 15170 11542
9756 7592 15169 17881 7199 18278 15162 11416 19136 17614 146 19725 771
9606 2006 17212 2223 10485 7698
14139 15170 11542
9756 7592 15169 17881 7199 18278 15162 11416 19136 17614 146 19725 771
6562 14407 7822 11573 7654 19599
10911 16914 4241 12396 6771 12788 18840
14405 10644 10201 19472 7977 1893 18458 11573 10406 7199 5005 8116
19472 5075 7822 4568 14569
1913 17775 11606 3021 13341 15319 10402 3777 17680 10317 3068 16760
934 6540 18966 16914 18731 11010 6201 2075 15150 2188
3021 12144
9468 10201 19472
15073 5971 11573 5969 12276
11606 18849 12717 11077 12886 19137 15268 533 17750
527 19654 5067 16371 5711 618
9785 1846 1965 12707
3679 12396 11542 7299 17758 16266 19548 3158 10903
8167 10317 10804 4206 14407
4619 19136 14178 15169 12396 17497 9756 1587 1620 7215 11082
13806 9252
16233 533 6771 15268 5769 14139 18438 2336 17678 10114 17978 14165 12431 11863 15565
14139 11807 16010 9968 6255 6417 13511 2754 7918 12865 7694 15398 2721 6517 16583 16261 6076 5016
15268 11542 1922 19348 7530 17854 15268 14096 6562 18227 13329 8784 19583 1989
5641 5614 13616 19650 6612 17680 7343 9756 19164 12058 6908
19278 15398 11542 6339 14405 1303 11542 19418 5098
8643 19087 19136 1575 15268 11542 1907 16760 10350 19145 7698 11542
11542 12658 4302 13432 12042 1748 12396 11542
3021 17949 16760 1907 876 10855 16766 12396 11542
11542 3108 12761 7585 12 16760 533 9002 10804 10414 6574
3497 11677 10151 67 3045 7526 14729 6574 16257 19134 7585 6574 12276 3044 17310
15542 17683 14405 19268
6201 3379 9261 7023 13066 9800 3082 2663 17771 11542
17680 9756 7023 8116 17304 11542 15542
17720 11542 4659 16760 10350 3881 14405 19365 11542 3113 654
605 18605 11409 14319 1211 12 11292 10709 11542 19599
5711 6750 15221 7698 5985 15147 5657 1497
6174 9926 11542 6174 4862 277 10151 553 4022 18585 7927 18593 18605 7053 13066
7698 12396
12968 11010 6771 10703 4159
13954 6077 1678 339 17978 14165 1575 11254 12671 18932 7717 5711 12030 12986 9771
4989 19164 16052 19648
12396 17978 14165 18809 11542 1304 15255 10644 13526 1173 5803
11542 13525 3425 16322 10917 10171 12986 9771
4989 14129 11112 18809 3756 7476 5711
2612 13647 15173 10480 2754 3760
6771 6771 10393 10485 14118 10278 6562 3756 7476 8855 3597 3422 10482 10317 14118 16889
8360 18722 16354 18722 4725 3756 7476 8857 19573 594 8847 6771 18722 10699 11573 8857 10485 6511
934 7953 18932 7734 9828 1377
