570
428 19601 11542 6183 15410 10278
527 13191 429 1583
12865 7442 327
11 14064 12 3719 9173
19131 17816 11416 12480 16907 1583 11542
11542 1758 2612 16907 17474 4618 7654 2749 18173 7233 4151 2740 14021 2612 19809 1877 1459 6198
17679 18213 9802 1474 19145 11542 6478 3244 8321
11542 13240 17679 6183 15410 6026 10278
16148 13125 11606 1982 11542
15542 19131 17816 11416
12212 18043 11542 579 3880 17439 18043 15911 3925 66 11542 14139
16760 14139 1643 947 12396 11670 15170
11542 3880 8597 11542 579 3604
10482 7698 10073 11542 12276 19136 7747 8942 11542 6478 7680 8597 11542 10804 18716 17721 8675 5101 17654 7654 12799 6771 19603 11416
12897 11542 5193 18317 15211 11542 15540 11542 5383 14173 17513 16593
15161 15435 17513 2564 19136 1120 11542
12504 6771 1173 9738
16760 10350 15409 18542 920 5946 8239 19136 1849 5016 10937
9695 19307 18155 11365 3604 8597 19164 9756 19573 947 3601 11409 6771 16701 13941 12 12
8643 16595 9346 17720 13443 16760 18295
947 18295 16261 5016 13861 16595 6771 16470 15496 1141 7680 8102 6501 13443
6771 19278 12452 1843 13443 5910 18295 18605 10644 6771 10480 16907
17041 6771 1173 16371 6478 19087 5910 13916 13341 527 15435 1643 16760 10350 13533 1173 16371
19654 14666 8309 6515 18094 15401 14064 311
344 17686 6771 11670 14234 13887
1909
14738 447
15211 17679 16299 9056 5974 6771 9056 16612 15312 12396
10958 6812 4661 5252 13941 8111 10406 19583 19488 6787 15312 15073
12276 15217 7136 7319 11599 1435 4619 14733 2021 7052 6740 16299
1874 17686 16261 19603 7680 8102 11407 11858 2730
15911 11542 15771 159 14371 163 2754 8863 14371 2799 16976 17709 16592 3244 8321 8910 14370 1537
3508 11573 5065 11599
19307
2698 19560 8481 3379 8912 17479 16878 14428 10442 7530 9922 12276 12276 15408 15259 6730 5769
11542 18156 6494 5578 16978 3589 16153 7239 15312 13794 15337 13283 11792 5910 16083 15868 19203 10706 1209 18742 10350 14738 972 15170 16784 6464
1643 11542 5917 19599 1173 2730
975 11542 14176 6501 4610 14671
11858 15410 11542 10317
1583 19603 11291 19136 13235 10317 19787 16 2754 7585 19005
9756 2166 16760 527 5067 7442 326 11542 7654 7199 18438 10706 13235 8871 19603 14367 19278 18303 7233 11263 17899 17499 1171 3597 15398 11542
15382
11858 7654 3287 11573 5910 11542 11807 7526 804
19145 15375 12707 10317 17967 18716
311 12865 15095 18716 12337
11542 19601 11542 6183
15542
11858 19664 14666 11542 10278 17304 11606 5719 14312 8871 13343 14666 2754 3372 18438 7267 19145 16907 11542
1909 11542 10704 7136 19164 18282 17274 13350 2612 13332 14671 10700 14139 12762 11542 10480 10317 972 12276
10519 11416 19131 18227 17772 5586 2041
1909 11606 7823 7698 479 11416 19164 12804 19136 11542 19136 19164
8929 17108 8803 11542 3677 10700 6174 12762 11573 10317
11858 5098 8597 11542
18731 9926 6852 8064 7530 3158 7739 18105
17720 14671 11542 4144 7233 17501 15398 4610
1989 3378
6201 5349
17726 13191 18299
5917 13529 11606 14554 4935 6223 10632
10396
7803 11797 16569 18210 8597 6771
17168 3974
17113 40 11858 15410 8597 11542 11203 5969
194 17816 18725 11573
12231 7677
2310 12276 11904 7228 17010 11542
8396 14201 19145
17899 16261 5016 14318 8603 11542
11904 19418 11858 7086
1874 12231 18005 5910 1843 12762 19145 9756 15081 17501 12865 19138 11542 1583
17122 5016 7698 5016
19138 11542 14462 19136

16990
18564 12276 5969 19145 17680 19175 6562 10706 15496 19136
5910 9756 16907
15860 8871 9756 15170 11542 16985
7576 11728 9964 14201 11542
19418 11858 17304 14198
11542 8238 13061 2924 5358
13191 18295 1449 19541 2914 2222
15542 10317 12630 15965 15319
4259 7582 10481 1982
19418 15170 2157 11884 17868 17718
7696 18314 2156 9964 14201 16400 2157
17037 19136 8001 8597 11542 934 10383 1171 16405 11727 19698 9213
5910
12231 10961 14666 15911 11807 11274 12 10358
934 17499 10700 12665 9651 7424 15153
2672 7424 13386 13856 11185 1681 7747 12665 15153
6771 3925 13529 11606 6200 6646 13321 4512 3601 19164
13191 277 17479 7654 2749 7078 2698
12276 12276 3677 18722 5777 4735 11443 1824 2698 9856
6771 4239 11443 13319 14118 10481 15217 5777 12396
8643 13529 11606 18317 8597 6771 13443 6478 12865 5005 12396 4241 12865 5006
12504 5969 6771 7136 2317 14196 6771 1171
19601 11542 9505 15410
9926 19089 8597 17750 11699
6494
9756 10879 11542 11499 16713 10803
16601 12231 7773 9756 7529 19599 19599 19474 12276 11542 9857
311 7769 8871 19749 12865 9926 7698 11542 2360 11539 19735
12030 14139 6362 10523 10512 5927 11858 7529 17802 1643
13171 1551 11542 7698
11858 17720 9695 19307 19647 16261 1643
7585 1 16593
6562 15878 6228 6174 18756 15211
1843 14738 214 11292 10067 10517 9276 3719
10482 7698 13151 18213 7242 6771 10480 5805
11011 15141 8597 18508 10746 2007 9663 1643 12276
9815 19046 6365 11011 15211 13235 11858 2730
5910 12276 10171 13913 1125 2638 13907 7526 12290 355 11292 1620 19136 16261 1982 13888
8675 6540 8597 11573 11573 14139 19136 19302 9756 17549
7442 146 1879 933 19809 3630 7817 18423 9871 16596 19597
6174 19612 1982 11542 18268
6852 14139 18438 7680 9914 19474 7136 6209 7671
14139
10234
8784 7747 10804 7698 14671
8543 17683 4953 9181 1982 6174 2310 4578
14063 19136 10317 12 17830 19136
16298 14139 10481 7129 15398 11542 17881 8643 19302 5075 11247 9756 15735 6174 16053 7698 8597 11542
15565 1758 10317 10804 8597 11573 12276 5008 1893 17152 3028 3082
16371 8791 1893 4580 9756 13831 16019 4518
12240 15247 11909 5799 16815 11542 9201
6174 527 7698
12058 11542 7526 252 10706 6174 19599 5910
17978 3060 18792 4245 8629 11877 5910 19583 15215 9756 13120 18530
14796 16744 7671 3630 19365 1300 930 9857 10700 15496 5743
16298 19601 11542 15410 164
10961 6174 568 11606 8643 14139 19086 15398
2754 14060 315
17122 2698 19560 17114 8597 11542 3609 11542
19737 6494 19171
11542 6357 11670 15170 6771 4835 8597 19565 4850 8589
18564 51 19723 2373 10519 17187 19741 13036 10999 1173
16449 12396 5016 13191 8597 11573 9756 7677 1686
9756 1409 17114 3604 19565 8589 5985
19809 18519 3444 19534
3158 3154 6483
7698 17679 11542 15007
19086 15398 11542 19418 17304 146 8627 7252 15319 10700 17683 5135 8791 11542
13831 10005 3158 8503 6011 14748 6464
10804 14671 15410 14668 15175
17329 11542
17686
6852 17679 4536 15073 11542 1171 12799 11542 10644
7698 13907
1023 594 16462 19087 12030 16460
15636 12865 7654 12085 14064
18700 19583 13046 9749 10317 579 7529 14064 15886 11573 10317 17862 4799 10509 14769
14148 7442 11 15217 14132 14139
14139 11807 17679 19520
7680 7698 11542 17922 11904 7526 1643 17380 11534
14666 7680 15755
12276 19601 11573 19138
18079 17750 3124 3604 1115
16595 2169 9864 16993 19145 9668 7319 10123 15221 6174 19136 8524 10644 11573
5917 7442 6800 16833 17718
18438 7680 12240 17750 19560 5640 3597
9756
15161 17816 11416 1120 12276
9756 18438 8382 15284 8871 10523 12865 15173 1965 11573 15410
16298 19138 14139 1643 11542 10644 17683 277 17830 19132 17816
14666 10804 16466 7526 2079 10937 10804 17830 16607
15073 6771 1583
12276 146 11573 19054 7747 11416 1620
16462 852
6771 8597 6771
3604 10883 8597 6771
16462 852
19365 13191 14684 1306 11084 2075 3082 19145 10777 17479 3756 1746 6562 6562 1568
10056 16462 852
11961 7717 11171 15221 18043 15410 6771 10709 920 6520 684
16627 1568
12703 8597 6787 1643 19545 19054 19659 17608
10999
15542
17114 11542
4684 19601 17679 15410 6562
3719 19131 17816 11416
6685 1370 18290 920 17720 5604
2721 9668 14139 9857 17549 527 9756 7526 19365 13235 4202
4885 15368 6320 17608 6804 2730 5910 11407 14133 16907 1843 19145 14738 6771
17032 10317 19104 19746 15398 17679
6183
12593
15299 16258 13171 6361 8382 14064
14139 18438
34 11818 14064 1208 12362
14106 14666 4458 17486 15173 6771 2942 15952 15496 18730 17164 11075 6632 11263
10644 7654 15398 3287 5101
7698 6771 17982 5016 7496 10317 15312 11047 7224 57
11670 639 16596 13670 16278 19809 1211 14133 7680 7654 5402 17122
3375 8791 16261 19656 7587 1568 13477 6771 19365 17679 18375 13115 18376 1643
527 459 7822 16760 5927 13941 14738
16261 19603 19145 2699 19609 3287 17793 13544
2754 7585 11818 14059
13171
8543 9926 7680 12865 7588 344 12 14061 11542 429 1583
16766 14738 3082 3378
7124 12799 15398 11542 12431 6174 3216
8543 18438 17679 14060 920 327
13341
18895 3946 14064 7698 11542 19418 15398 17946 191 8871
17683 7698
6771 4117 1982 19649 6382 3774 8685 15041 16323 14385

14139 8784 12865 10317 9871 1643 3287
8871 10515 4248 3372
2698 19560 13588 19601 11542 6183 15410
7136 5023 16627 1560
19051 17690 17816 14133 11542 7680 7526 1982
17816 19518 19145 3719 5016 11542
8941 18317 19801 8597 6771 1877
15410 11573 10317 11236 17830 12452
6198 5008
16596 19545 11573 9545 17889 15169 3544 9850 5495 2462 16257 13856 1120 14140 7056
3592 10519 14020 11445 9155 12707 11544 17194 17423 7101 5640 7663 4901 19583 7576 5005 10706 12882 15497 11542
19145 6693 16258 13856 876 6174 16667 11542 15169 2123
19601 11542 6183
18303 16593 6826 14316
18448 13235 10528 3368 14303 6771 9871 9342 7499 10903 3292 14435 9230 10804 10247
2698 19560 13831 4015 9749
3597 12276 7698 16233 13191 5495 11542
18734 2947 13200 8031 11499 16727
19599 19737 16945 579 2730 14096 10245 3157 17134 7944 3158 331 8597
1363 16760 15337 7306 7481 2109 11069
16371 5711 10480 7822 6201 5803 6771 7664 11126
6852 15169 13536 17720 7698 8597 11573 6804 10644
16566 4085
11542 8589
19278 15398 2057 8941
16760 13191 16316 7698 14111 15398 11542 13120 16990
19131 11416 17816
6201 3158 2698 9756 11698 18422 9975 3158 19809
11542 10519 1982 9975 5299 10709 15406 14738 15040 4765
12276 7698 12707 19365 11542 5776 10482 252 5016 11443
14588 11909 4245 1679
10786 18518
17683 7526 19599
19164 2159 15217 19046 9967 4245 1460 19365 11542
19568 19131 17816
11606 5985 18296 17314 5155 8597 4882
11258 19109 6812 11978 6010
12799 19136 12276
15398 782 19733 15161 5078 14878 17136 15868 19203
1643 2390 19355 6812 4610 14882 527 17315
14139 7529 7657 11542 4302 17114 5132 7442 11542 8382 10843
16987
8570 11910 4144 16286
12897 4474 11722
17549
7739 2169 7881
3378 6335 15211 12725 7680 8102
13443
12030 7698 11542
8169
6174 15211 9756 5408 5155
17720 17549 19043
3158 10481 6511
8626 8028 10278 19418 11858 7526 1620
10481 6431 6511 1583 10519 17816 9756 10081
10317 14922 10396 6765 6511 2159 11542
12936 17720 7881 3158 1643
19131 11416
6010 19138 14139 17137 6812 8382 14064 8871
15868 19203 3597
9756 5507 3082 10317
10143 309 7769 5954
1643 16760 17501
3443 19353 10882 12865 18518
9871 10005
14139 11606 15170
5016 6010 11247 2180 14679
9756 10706 19545 8382 14064 3597
6511
9756 12276 6787 5743 10537 8167
12936 17683 11573 10317 6209 4557 15540 11606 1982
15401 18043 17683 1575 8597 6939
17683
19278 17608 6272 11542
6174 6852 277 11292 16907 6225 17479 7680 2698
6225 6335 17982 5016
639 11542 7319 12725 15211 7739
15946 15371 13418 11542 5910
920 19054 6759 12804 11203 16629 15398 5917
17720 7526 19599
5098 6771
15543 19601 11573 15410 13171 19131 11416
1909 7642 14671 11670 6540 2380 9695 19308 11542 17608 13803 5520 4010 7822 11542
7387 3050
8597 6820
17136 7931 1209 5910
1990
14021 16907 19545 10644 7144 19725 771 11858 14371
10537 7698 9249 15211 11542 11961 17742 12897 18303 9741 6026 15797 14588 17929 3142 8707 10644 429 15496 5910 7387 1214 5754 7671 11807 15041
15497 18788
19474 16629 8524 19138 11882 13162
8167 8479
19138 6771 19735
6852 15169 6771 8871
13235 311
17720 6771 7698 12058 18438 12865 10539 6771
429 1583
6771 18578 15215 5145
1875 6771 15073 12497 6771 10485 7698 5910 6771 17198 13 17830
17982 19135 17816
700 19086 19136 8597 6771 429 17683 6771
5693 15895
6193 9871 11443 15798 7240 17679 15211 9756 14738
16701 18438 12865 8382 14060 6771
7319
12337 213 13235 5985 6771 8471 10961 213 11606
8675 8597 2575
3349 4656 5084 19583 7068 16179 952 5969 7822 6646 9061 6771 11606 11877 12133 4401 8597 6742
8643 11542 16985
10223 8597 6020 1402 6174 18697 6478 11742 11542 19488 6183 15410 1173 12164
7319 15141
10396 15800 8597 1465 7694 8590 19659
5917 15902 14738 7319 19164 9756 19668 17686 9872 19164
19652 19087 16154 5349 1982 9633
4684 7526 13235 523
11542 14139 13316 4514 3604
15541 1465 16701 6491
12504 15730 11542
6119 17816
7654 19136 15927 9213
7526 8784 12865 10700 11542 19606
16760 15497 6431 10005 15170 10151
13554 13841 15787 7734 7734 5349 11972 11443 19418
10317 18730 11035 7739 8597 11573 2912 6025 19763 7704 568 575
11542 17718 527 6498 5985
11542 19650 19087 10700 11542 3593 17456 12244 1638 19809
17720 2474 8784
18739 19131 14568
10961 19087 15911 11542 7341
6852 3447 11542 8396 14304
10999 16701 19549 7747 8064 13918
639 11542 16596 13529 7698 1474 18542 16774 7680 3719 10517 9276
12030 568 17720 13154 14882 1965 400 12276 1115 18981
1120 17679 11542 7680 12231 16371 5713
13591 11542 5916
15409 3663 12058 4549 6119 8597 7496
5079 7526 7680 7680 17982 19443 4656 5910
7585 11542 252 31
6408 18578 2583 6804 15169 6771
3597 7694 19488 19329 19138 10804 6562 17085 6787 15911
16595
14416 18295 4363 7387
17686 8081 18295
9914 7582 7977
8241 14106 19136 1173 6771
7698 14148
6771 16596 13443 10787 16860 16261 12720 9279 923 19164 467
6827 6771 10517 13191 11999
14416 10517
15886
8675 16760 18730 1144 11 4239 15217
14588 6766 10499 8791 4557 5927
14139 13941 17549 11126 6771 7586 285 12865 10408 2969 7136 18884 18278 3031
15398 15170 15410
9756 1583
11831 7319 15211
17549 5711 13283 527 12504 9756 17549 2317 6771
18721 8871 10519 6787 8597 6787 14139 10241 14178
5356 12865 15398 6771
19136 19418 19135 345 11284 10278
7299 15946 13125 11877 12115 12929 30 6947
11542 10223 9279 19145 12625 5526 10519 10223 12396
15410 17549 5549 18584 6787 17816 9756 2805 10519
7747 7698 15285 11542 14666 15943 1989
10706 15211 11542 7176 972
1551
2346 5591 15196 7734
5098
5591 2902 213 5016 14671 7588 277 16593 7747 8577
947 10519 2159 6675 10317 10519 7734
18508 1758 4312 8718 7393 6800 4894 7224 57
7526 19659 7822 6787 3589
15407 2058 3158 10325 19328 16766 13364 7822 17899 1965 19164
12337 1965 17679 3244 8321
18685 17679 10317 11542 10056 277 11292
7747 7698 17168 533 17759 6141
11542 9756 12865 17312 1981 17156 17602 4022
9213 17772 1047 7663 16889 9756 14984
10317 11442 6464 4619 13028 6852 1751
13706 7698 16766 5910 13941 17169 8382 7977 14139 7319 13529 7582
3862 12276 5917
2346 11542 15911 14370 13124
19136 2730 18278 1758 4101 1173
11542 10519 13364 9756 4735 5917 8578
7927 5910 12932 13460
19131 17816
17009 12865 19375 13131 19136 11542 13171 7654 14064 7747
18099 11542 19418 952 14468
7136 11542 2317 964
10961 16094 9850 19418 7526 7241 15401 1974 7900 19418 6812 11542 10074
19545 3597 12865 10317 9695 19307 5916 13615 18099
19418 7526 15398 10519 19809 4245 8382 1011 7734
13907
16852 16760
3719 8840 13191
18578 16371 5711
12504 3717 10233
19136 14787
11542 14139 7696 17565 12767
2007 17816
12195 11011 13588 19601 11542 18801 6183 15410 10278
10958 6337 11542 7680 8871 14671
12264 11542 18268 12548 11542 8871
16298 7979
4226 16766 2754 17683 19164 11542 16601 11541 7526 8942 19418 18266 9756 1120 7224 57 9872 11542 436 16601 19418 10317 2754 16255 6174 17683 10317
10519 2159 11710 9864 10223 17758
3604 7299
8681
5057 10317 11542 6174 2058
13941 7188 10207 16069 1879 1591 11186 15387 7747 13235 5776 15219 7577 16094 5138 777
19054
17304 10473
13346 14273 1805 146 7233 19647 1620 15170 14106 16623 18681 15152
428 11909 11542
19733 14748 11904 11910 17775 1568 147 2038
19278 311
344 327
146 12276 11904 1989
7442 213 3604 17976
19769
10961 11340 13235 8543 11858 19053 11542 6337
19164 11858 5098 12276 8215
6284 19136
17329 10317 3124 1604 11542 6284 17329 18155 8116 6491 8452 11719 8215 6284
5542 14569 5971 6771 7585 4250 19583 15946 12622 6939
16455 19278
18223 18223 8871 8503 10056 277 19725 13831 7412 18217 18223 428 7412
6174 12804 12940 19647 6511 14671 428 7412 11573 18438 8104 17816 16595 19136 7233 2234 11573 19164 1982 11542 7412 17731 11573 19138 10056 277 19725 18227 6812 9756 2007 11730 9756 6511 15216 19488 8791 9067 7529 11416 13225 15468 18099 1047 7671
12226
7663
6675 10317 14614 11431 2706 19583 7756 7587 1686 7086 16026 19578 215 6163 12873 11449 8503 10700 11247 6356 12058
3482 3514 11184 7679 6644 12058 8503
19668
12226 19733 9926 16596 257 9756 12058 14118 11247 18099 6356 1982 16852 19418 19136 13614 12909 4467 2396
19568 6397 972 11542
12276 1406 18317 8597 3378 579 18123 12276 4239 11573 6183 15410
947 12865 6335 11542 3922 13536 19418 16701 2178 1568 11542
527 5067 1173 10317 13831 12397 11542
10056 8597 11542 14416 15401 12396 9375 14748 1645 15312 6076 15148 4736 7874 7739 7869 17929 3142 1482
1171 7677 15398 11542 19418 17124 7526 11424 19603
2698 19560 14684 1306 18303 16755 10684 3082 7654 2698 19613 7530 1460 11443 7894 11697 2656 11084 15406 3981 19365 17679
12504 11542 15407 10317 9756 7680 7299 2753 8597 11542 6852 524
15571 12882 7747 14139 6272 7680 3597 11443 15787 18797 18457 19601 12707
19601 12707 17690 524 5016 14588 11542 7442 8216
10056 18288 11292 5916 17358 7042 19046 5349 3946 10278
8597 6540 14196 16627 1568 12276
11542 1654 19656
7698 568 19132 17315 1583 11542
1583 5917
17939 16889 9756 6193 8597 16760 19583
11542 15211
9756 16907
2754 1909 12865 10317 11542
16907 13235 10223
12 7526 15196
17114 7319
17114 15211
19130 17816
19130 11416
15398 1583 11542
12276 19601 8597 11573 6183 10644
15398
4202
15003 10358 9926 10223 15170
11542 13279 13279
2698 19560 3375 5985 15140 15211 5985 8597 6771
17683 10700 13696 15141 11542 13502 11997 8597 11542 16735 2373 5127 2734
12321 15217 14719 9586 2754 15170 9275 2698 8656 14432 10402 17526 11542
19164 4407 13502 9926 7680 5910 10151
12058 7526 19659 13529 12396 10999 10903
9663
14719 9586 3462
19608 12707 11542
15401 12865 19379 9633 9856 12429 10700 5589 14426 8718 7393
19418 15170 10151 18155 7319 12725
6631 4578 3244 8321 12157
19722 8676 12548 11542
11542 13588 5554 11542 6183 15410
9742 12154 14139 3352 8597 11542
6201 11542 13443 429 12397
13529 11606 2310 17771 19365 6026 11542
12030 579 10644 15496
3082 5006 12231 9211 5006
9756 15407 10317 18228 10700 7299 1120 11542
934 11728 11542 16261 5803
11542 19131 17816 7592 16407 11416 19136 3287
19138 11542 9756 8382 14064
7747 15170 11542 12276 10007 6183 15410
15195 13235 16257 10746 7585 3201 7694 16907 15259 6730 4202
11606 7734 18932 10706 2317 19136
16760 6494 13732 14118 15496 1457
3082 18156 8491 7888 9756 1173 16760
9756 6494 13732 9759 7496
4062 8597 6540 12030 11542
11203 19083 15983 12276
10317 8718 7393 1643 4547
16907 19136
16595 12155 1171 2754 17499 3653 2698 19560 17479 7654 16889 8106 15409 12865 3981 16299 16889 8106
12707 7703 12396 18295
11606 1557 13474 13286 525 13286 10393 6710 2312 3380
8572 18005 5910 16261 11203 3047 5004 9279 18295 3422 67 15380 1843 2317 13443
19131 17816 12276
15170 2007 6540 9695 19308 19573
17608 19145 17305 5591 6840 1825 4578
12226 10740
1643
6174 17122 7442 146 7484
9926 8597 11573 2754 17515 10005
2754 7698 12687 564 15540 6327 14795
12276 9756 1583
15169 16005 4076 19583 18317 18891 8503
3597 2612 7979 19353 15727 2075 17804 9863 12865
11858 14139 10644 3368 2612 4078 19592 3697 18560 13582
2986 4580 6141 12206 13281 6141
9926
10700 5910 12276
15169 11542 13264 11127 17792
19086 13269 5743 10171 14748 19136 11542
9756 19086 6007
15211 12707 11542 774 1120 14668 4259 7977 7431 16618
12730 12276 7020 6174 1038
16701 1643 10462
11542 8675 5101
13342 14060 311
252
7526 19659 19137 12030 1982
12936 13459 19122 18303 4549 19603 5159 19135 347 17816
6174 14059 294 1367
5719
947 18642 5719
18314 11542 11723 2884 7577 19136 744 6675 17982 5818 13283 3220 11573
6478 6852 19138 6685 1370
10157 7577 1817 8597
1974 10317 16984 17887 14063 19136
1594 7578 17549 14671
19138 7585 6498 3044 2730 12276 3787
3717 11918 16258 12618 19418 14059 311
6693 7946 6174 14064 294
10644 1583 11349 10804 5349
14452 11542 1748 8871 14671
5016 9871 8597 6771 15073
11542 19418 10700 17683 15073

429 11961
15577 8413 15221 11542 15902 1583 10708 3021 18375 11770 13191
17830 10531 14410 12226 3597
6174 11606 2159 8685 2223
9926 10999 19136 6771 14196
16627 1568
285 15902 527 4610 15868 19203
6852 7598 12882 8597 11543 9850 922 2698 19560 15927 17680 16595 12164 12865 16595 5604
12882 14748
11542 15409 19164 14748 579 7526 15211 11542 9308 3158 16944 4901 6201 15211
5917 8824 579 7822 15211 11542 19136 7233 17777 1568 5415 16051 4074 3158 16911 13130 7412 6494 8595 1171
5910 11542 7270 4074 19365 11542 17777 1568 6812 15946 4111 17686 19130 17816
5969 4074 11573 6663 11443 3188 11910 11542
10171 3643 9443 8382 8871 14059 11542 10155 10835
6852 11542 7496 10317 15368 19365 11542
5075 17122 7680 10700 8597 17750 15609 3604 10485 10317 6355 7496 11542 12975 11858 505 12276 19365
8784 8597 3977 6047 9871 5788 8597 1441 13286 6291
934 7136 527 6879 13529 12639
19601 17679 13235 18891 11542 3845 2317 11071 13360 14118 13191 11542 5608 10129 5910 11542 19043 3597
