332
9421 13474 11542 10056 17788 15893 12842 11890 7260 15797 15173 19568 11542
6852 10317 15170 7822 2912 6119 15868 19203 9560 1774 18303 11266 16593 11542 2032 8007 9638 10428 18212 760 8010 12382
11542 15435 7319 15337 19656 16094 868 18981 15559 14872 14118 10644 3019 1343
12157 3163 7260 12842 7822 10317 952 9926 15173 14416 15668 4557 8615 7348 14872 868 12882 2912 16131 19218 18981 7822 10358
17040 10644 7822 2912 7319 15337 5803 11807 7224 11904
15573 16593
11670 639 10077 17771 11542
6193 16673 8858
5524 2016 14228 11806 4238 3249 15258 6721 11840 11084 2084 6721 11542 14274 438
10644 16290 13627
11606 10700 7319 12276 751 18285
12788 17899 15024 6852 10143 4408 11670 18721 16354 14748 17816 12688
13627 18722 11606 11542
12192 2310
11542 17370 12242 1497 13627 18722 16354
15733 17796 6452 2238 13374 8707 14274 7448 12857
8643 1209 18857 568 15868 19203 9548 10621 9581 17336 2204 4499 4730 7319 17136
15559 7879 2474 12788
9560 1774 4013 758 19800
18303 13554 2491 568 11858 15410 12882
11884 17136 11542 8567 739
12788
17199 11977 19220 868
6771 7319 15410 12 17830 11858 7529 12240
15559 14872 12882 2916 12790 9947 19405 6873 7822
15893 12842 11890 7260 10700 3717 10181 18303 7446 15259 11840
14196 10317 2058 10073 5969 15893 12843 7260 6787 15668 4560 7348
17474 10537 9756 11606 664 8714 6454 13191 10350
14196 16830 14387 10958 1208 12196 5542 14387 3648 17199
1879 6335 11606 11542 19164 6775 10958 5197 12865 12936 10317
13322 11542 18560 7233 11263
16258 17899 7299 11542 4619 15398 11542 8524 467
6339 16371 15401 2754 15170 16371 13235 3630 19647 13332 14671
12788 868 7230 7299 6183 15410
11542 15411 13941 6174 6830 16701 17686 15221 16122
7680 1620 15398 17830 17122
16856 14196 19145 11542
10539 11542 17982 8413 15258 6728 11542 6183 15410 11542 7586 5985 11606 14064 17718 16990
10537 10402 2579 6443 4245 11542 15033 10709 10740 12832 7895 758 4106 15752 10402 7977 4025 868 15410 11542 6183
10519 868 17199 11542 10961 10402 9850 4684 11542 19136 9756 10084 7747 7319 868 12725 12030 10317 868 11542 15410
14387 10317 17199 17009 19136 10537 876 11247 10028 4684 19603 14453
14139 14975 5719 17422 10519 6338
9663 868 576 9756 10317 18716
3896 14463 13429 5707 11729 11685 8028 16120 18270 7876 14121 252 19723 12250 9663 2754 797 15398 6771
1965 6771 12842 7260 2348 10358 3163 3719 11340 3021 2142 868 15319 19405 5880 18854
15364 4557 8909 19656 8413 8615 7348 7698 9668 15407 1654 16878 17889 3175 7951 9756 4884
7586 5985 17816 3597 4610 15337 16860 10579 15364
11877 5719 19418 17499
8675 6540 11890 7260 15893 12842
10700 2474 5573 537 9885 6771 13731
2474 3604 7822 18984 15559 14872 17141 7822 533 15530 7822 12396 16760
5067 16384 19654 7822 6201 8073 6554
4684 7696 19136 6771 2104 1758 1171 10550 3604 2754 5969
8712 10480 11695 1893 1273 284
7845 11524 14139 11720 5067 18213 5971 1371
9468 6771 19087 10402 1626 11890 15893 19087 1626 2007 7977 6693 9872 11697 2058 5880 12934
1961 14139 14196 6771 10537 5743 11890 15893 9756 6540 3604 3134
11542 7299 9279
3925 12177 8049 6868 1466 16005 3248 10706 10402 15496
18690 15856 868 3874 3247 19535 424 18273 1434
3247
934 10143 6484 6216 3247 15249 1471
9756 6193 3247 9926 17687 18798 16332 9078 3925 6427 10278
9009 6507
10644 9756 11606 15911 18268 1434 15856 18753 3153
17122 19650 11542 17720 3249 10512 6507 18690 5902 6427 10278
3612 523 7053 8822
12431 6816 6771
6478 10320 6812 7835 13360 16131 868 18981 15559 14872 3247 10514 6507 5542 5128 868 10278
17683 13592 12707 10709 3604 868 1848 3160 3189 11606 8685 12897
2902 12788 15409 10709 5640 3160 1989 11013 9871 11542 1643 7698 5707 17718 13332 19164 501
12788 9756 7319 12396 934 14340 10804 9668 19164 15406 14779 11573
11542 5970 16595 6826 12081 9279 18299 6010 6174 17718 9668 9756 3189 9756 14748 1011 661 8707 19418 9800 360 1497 10081
15410 11542 7526 7233 17889 7526 1862 13108 7299 6175
12788 4740 6193 15217
2007 6540 12842 1013 7260 16334 15668 4557 972 13048 3604
6174 17718 8615 7348 7319 11409 9871 11126
6852 19138 12788 5971 17720 1879 14063 16069 7053
19138 15375 17816 19399 15410 14139 5971 11606 15375 17816
12842 7260 7822 14049 3163 6771 7291 17552 568 9947 19405 2032 8007 9560 1774 6141
6771 13249 10519 7299 6140 15268 868 6787
14139 10318 19405 3068 14504 19535 18095 15030 12699 4229 14387 6608
17381 7201 6852 17816 7979 18156 10700 10056 17816 19019 4411 12727
11884 2733 9582 17336 9548 10621 934 15868 19203
13941 3375 15668 7299 6276
5349 10924
14139 10318 11542 13938 16427 17140 18732 4408 11838 19609 12429 4973 7698 2912 1242 868 1210 568 15408 10519 7299 16760 4974 8689 6174 868 952 19546 12865 19654 11606 14671 12058 9926 19418
15755 14666 19418 7526 13784
16257 11807 6764 12 10358 6174 19087 9800 14139 14139 15755 952 2058 1114 10472 14671 15902 19087 15755 4022 4022 13220
11807 9800 19654 6764 10350 12081 12 5969
12788 13673 1879 7698 10073 4121
6862 19151 15215 868 11809 1399 7526 8524 19582 9139
8643 9756 12735 11201 13235 14387 19782 7576 7529 9400 17680 3047 3375 14255 2304 2317
10999 4411 1072 19164 5349 6771 15409 14998 8791
10056 17690 6771 12030 2895 2821 3109
12504 12788 5970 5985 19136 14462 18898 15406 18568
14139 15636 868 4244 5349 12788 18339 19197 19243
11119
12788 12882 7698 15668 4557 8615 7348
8643 12276 7136 5970 11542 11606 1982 12865 9926 10644
10686 19087 15398 3774 15407 7299 9346 12707
16760 11499 6601 6010 13443 11409 7366 7680 10472
934 10539 9947 19405 2461 6812 3068 1179 11792 19656 5946 17816 14946
8643 12788 10480 7822 1205 16317
18796 10699 19654 7366 7319 17369 5068 1540
15893 12842 11890 7260 19270 12630 10315 3163 9092 15559 14871 565 14139 2832 17141 7698 12788
12504 6562 1982 6338 6174 6927
316 1976 4171
17720 15401 11542 8382 14064 13332 14671 8871
7472 10537 15398 3602
8643 11542 10700 8941
19568 10644 10073 17114 5349 3604
11542 11499 14383 8272 18721 17197 19568 4232 9668 19573
18303 10128 3082 10481 5552
224 11542 19549 5640 11542 7747 11606 13332 14671
12276 2317 3602 6183 15410
14421 15886 11542 2721 8800
10151 4005 7698 17723 11127 6174 17718 2317
7316 15260 11542 15410
579 14416 10056 12276 15169 12205
18303 11840 12725 12886
9266 17939 10402 7530 18722 1879 11542
18247 14772 17813 5910
3247 4237 19535 11884 17985 16760
10482 19687 18314 16760
8360 5539 2821 16299 17679 868 17777 7698 11013
10151 19164 15398
19693 4971 9872 17137 17720 11542 17370 19749 1497
11606
11542 8615 7348 4684 6010
15893 11893 15496 8707 17683 952 16486
10537 9668 16964 5526 11537 6771 19488 15985 1825
7319 4117 1909 19418 17122 15401
12276 13907 8643 19315 14387 12865 15798 11573 952 10644 19164 17946 4229 920 4384 10317
9756 16258 14385 1905 10999 17057 3423 11252 524 17718 9756 7253 10435
1176 16701 7319 11964 10480 7129 15401 15893 11890 14885 11877
10233 1877 15173 12788 11542 11840 11840 11840
5969 11573 7613 13248 7299 6544 11203 7654 19136 9885 16391 16261
12788 11011 8382 2528 3013 6011
11011 7319 6249 9633
17924 7557 6812 8371 12160 8371 14273 1929 15268 6771 11409 19418 1204 18716 10406 16332 876 6053 3621 2272 11573
4408 19568 4276 19609 10028 438 11203 19086 10155 79 4325 8524 11606 19599 1363 3943 14274 2269
5969 533 5969 7299 10155 11463 16945 7068 6787
14139 17720 11542 7680 7698 12276 19659
568 15668 4557 17720 7698 12276 14139 1643
16371 5711 17680 7698 18261
16760 10350 1604 868 11542
12788 868 2818 7756 18156 6107 7526 1620 8524 8699 8312 7526 1568 6209 7756 760
15409 10317 19650 19278 19164 10700 1152 1137 11542 14139 7529 19164 13191
16407 19164 11606 17816 1152 12707 5985 10709 11542 7319
19131 11291 10278 19145 7038 16907 13046 4202
12276 10794 12337
8675 6540 12842 7260 6337 8382
19711
10961 13591
10961 16127 9661 15401 11542
19043 1011 19218 10700 10073 11542
11741
12842 7260 6615 16074 10223 7319 7585 16705 12888 10480 10317 7680 11512
12704 14385 2754 7319 19086 15398 11542 10709 7299 14385 7654 15398 10278 2455
7585 9874 17416 16914 3604 868 2317 868 11728 12788 13154 15559 14871 14113 15337 10317 14111 9221 10799 10101 11589
19131 14568 11542 9004 11416 17816 2396 2992 564 13016 6298
15542 16744 14111 12058 11777 1568 14666
7747 7036 8871 14064 311
252 6562 19278 15398 7319 9279 11542
7747 5098 19086 1171 5803 6348
16760 14118 16760 1893
9756 7291 7135 10028 11203 6174 10700 15496 18721
7927 9056 10714 664 3016 11247 16810
19131 17816
7654 11542 6335 11884 15268 11542
9756 7291 7547 4415 10700 15496
1643 17316 568 575 19132 11542
3447
14064 311
252 2730
8570 10402 2058 10064 14064 7677 10556 5985 12865 7526 3450 3936 18771 16907 11542
6540 12842 11710 7260 15911 6852 12020 3525 4384 3055 252 15540 16334
14316 6771 12788 7698 8864
16760 19179 10804 12725 15406 2100 4741 15221 19571 9986 10410 4241
6174 18303 5954 3600 7491 720 2479 16233 8712 1441 5349 15668 4557 15161 4547
11780 10480 18228 8116 7319
5213 12889 17110 3082 1733 1586
12276 2959 1474 6771 868
6498 12792 3021 11885 10644 16132 9346
12090 16830 5105 15268 6939
10537 568 11542 6193 12276 8382 5910 3628 9856 6193 11542 13152
18303 10684 3082 9926 3621 5573 15893 12842 7774 19434 11890 7260 3410 7689 8413 11573 8615 7348 15668 4557
527 7698 8791 7319 147 11292 11044 868 7529 12240 6592
7526 868 2493 15398 868 6577 17499 5084 9668 7526 13235 7566
13235 12030 19136 6771
527 6249 1879 7319 147 11292 11044 868
12865 11203 322 11542 294
19136 19136 18204 17813 5910 10961 146 11479 19132 13360 1861 16261 19137
18303 2491 15273 11840 15893 12842 11890 7260 15668 4557 8615 7348 7654 14810 18173 523 999 18962 18330 8615 16490 3597 523 14118 868 18983 18327 15559 14872
12732 7319 17718 12276 17164 6174 5007 15268 2578 19418 6812 6787 19070 13288 14275 17858 17294 10121
3787 12788 6010 6771 10684 17679 10706 19609 11387 14198
8643 12788 9984 7458 5769 6236 868 7281 10097 11158 18228 4312 2302 17683 15324 5985 17177 6771
12788 12548 11542 19723 2902 12276 14148 7319
10999 3266 17830 11542 920 3719 4958 8707
12058 4144 12337 7136 6771 8413 6051
15410 15893 12842 11890 7260 11573 11542 14139 10700 19086
14139 2832 10223 12788 10999 2818 5142 13588 9756 15814 15855
934 15867 19203 2732 19164 12154 13861 16462 852 9926 15867 19203 19418 9926 11542 6852 17816 8239 18981
12058 17680 10317 15259 6730 5769 10539 19315 10700 14273 15259 6730 6771 16683 16425 18981 2732 1575
7698 9633 15797 4229 15268 6544 2754
5910 18295 579 13529 7698
15398 7526 146 8627 1620
19601 11542 15410 10472 17816
18731 10317 15893 12842 16269 15073 19647 7680 15742
17122 18210 3604 19179 1465 15140 7006 6140 5628 16332 868 11573
11542 16601 13673 3621 3763 7698 10084 11841 16675
9741 18317 9668 10084 8539 16786 6519 6911
11542 18156 19184 10700 16609 14385 3948 11320 18174
19418 7585 15893 12842 12730 14588 11573 4426 5683 7319
12276 1965 15893 12842 11890 7260 11542 6183 15410
10318 4070 18166 18228 10480 19573
2373 2754 7585 7698 10073
17683 5075 13529 7698 9633
14274 6787 10317 16583 19115 876 7442 3265
15324 2814 18969 7822 3604 6554
7698 9633 19654 16760 11599
12842 11599
7260
9930 6771 14371 4684 19138 17608
13529 7698 11838 6771 2754 15170
18217 2058 11841 10317 7696 10537
6174 11838 11573 4396 17414 11542 7696 5097
12 14064 7299 6011
4022 6771 16407 8626 8028
19138 13941 10472 771 14139 14416 4910
14416 6771 7698 8714 13733 19502 14274 10519 16889
9871 6787 16266 19086 19136 16353 17816
10317 8239 5075 7343 6174 17718 19136 17059 5910 7368 7698 4291
10961 5542 13283 13888 18849 6771
2912 14416 9633 12231
6174 9926 19647 11877 19083 9756 10155 2466 12027 1467 18723 12865
1171 1566 3986 19164 13171 17499
18303 5954 7459 17304 14810 18173 523 999 14998 7135 11535 868
17141 5985 12788 9663 1849 10151 17858 17771 6771
952 18228 12196 579 2481 10402 8243 16306 13046
7136 10519 18578 3247 1756 7680 17771
5349 19488 16053 8428 15140 11542 7663 5205 6314 6735 868 15407 13283 1281
12431 13941 7299
11858 10081 10528 11214 1020
18508 18005 5910 12030 13951 7823 6771
10999 6026 10056 147 11292 15407 3747 13951 4737 15544 2912
19418 790 11884 5489 7387 3299 17857 16193
7233 7442 12788 15771 10056 19224
8573 18043 10700 11542 15406 7822
13504 17137 7319
11606 930 17854 15559 14872 17720 14139 7822 3220 18981 12788
15893 12842 11890 7260 934 7698 3220 11542
17679 14139 18268 11542 756
17771 11542 19650 3944 13316 3249 15494 14738 8805 8271 13675 15259
17113 10961 6335 10519 5016 15268 3604 9443
6675 11542 7319 12061 11792 8087 7319
2942 11573 19418 3944 15798 3604 3005 183 19725 11606 10317 15668 4557 17057 18195
7585 311
12788 11727 5315 12276 1408 868 12398 14528 5202
12167 17686 17680 9756 15406 10911 19136 6771 6852 17816
3768 13588 6993 16784 1498 8224
11858 11247 8233 7319 17304 15268 12865 10537 7496
17310 12081 709 15848 8779 9930 18716
14421 10406 11239 15787 1748 13825 15540 4233 7522 1050 17786
7319 14139 17304 6734 15542 2754
7822 10073 9756 18507 19654 7586 13630 15329 13732 14980 4973 19488 11606 11807 6367
7822 6771 832 19737 8061 12844 11957 6315 17315 3717 9983 1173 1241 10316 8543 1709
13191 6530 5985 868 3612 5640 11047 8700 16907 1115 6602 11840 6183 10320 11044 15837 6562 15190 3989
12276 12023 11573 7136 19046 7319 16889 16595 8104 14981 17137 3432 4252
8863 9494 10700 22 2037 13379 11542 16231 18948 18739 5511 12865 10556 16570 10480 10317 12842 8733 3047 13639 7111
19138 11606 15893 12842 5349 7136 3375 18446 10787 13588 2491
17718 15559 14872 11542 4408 19568 6577 9668 8707
3044 7319 3375 8382 10245 9213 17053 15559 14873 10245
15409 10519 12865 10317 17122 13482 11869 14208 10047 2699 7977 16278 2754 6540
527 6816 13191 12524 12231 12030 13793 17889 12707 6029 18741 19488 8707 356 17816
19043 7526 1620 12950 7135 10028 7319 11807 579 3375 19647 15337
12058 6771 5837 6201 11011 5333 10073 16595 6826
15893 12842 11890 7260 5349 12226 13172 19043 10295 7530 17889 19573 11863 13659 3163 15902 10659 920 2719 10093 8132 179 3009
17772 15559 14871 15868 19203 14114 2433 10499 2007 15319
12788 8464 7320 6852 15217 10056 8714 9093 8240 1497 10073 11606 17614 15911
15911 8615 7348
8570 11600 12842 7260 3946 17422 14318 1762 19583 3287 11606 1982 13110 17598
10317 12842 7260 11573 12276 15409 7586 8503 18126 16258 18438 11573 7319
10084 6771 6494 18156 11606
5075 15406 9926 19324 19089 17466 7881 3604 14810 11542 3194 6533 3604 4304 3248
18155 6491 5769 17816 7526 9926 3082 5985 10700 1907 7298 6374 8784 3604 868
14063 13111 7319 15949 12788 868 15409 6312 13832 10162 18716 18641 19164 8803 3249
799 15140 6816 11542 10838 10303 3604
15911 1848 459 10162 12865 3604 6771
5818 19535 11877 18716 2527 4536
7291 7053 12134 3372 1339 18228 10700 11542 7319
12865 9911 10073 12134 18722
19715 7747 12080 14139 12196 1203 14118 13841 11542 4591 1904 7663 3249 15798 8805
1912 19138 11542 12192
9756 3125 6264 18578 7974 10028 13852 756 7668 7319 11542
19474 7694 14928 9213
9756 13120 12196
12788 162 15893 12842 11890 7260 18981 15559 14872 9947 19405 9560 1774 2032 8007 9638 10428 18212 9582 17336 9648 2882 10621 9548 10621 4540 9934 9605 13180 15868 19203 2732 18981 16683 16425
3422 5903 7458 9871 4117 19578 17865 7315 15268 18759 3604 2487 5573 12842 1013 7260 4097 18303 18337 15268 7459 18130 18717 15398 6193 7496 10019 6812 7281 868 14872 17894 7698 17830
1467 7526 8524 6669 8615 17302
16001 8523 17680 7496 13288 4388 14746 1965 2058 14248 14811 14442 9648 19422 2782 17628 16583 19115 7677 10472 19164 5075 7845 11524 9803 17680 6174 9798
17122 6335 19145 13588 7316 12842 7260 11542 19737
17718 7698 16760 10350 14118 4828
934 17720 12842 7260 7698
17720 15559 14872 12788 6249 3220 6183 868 8863 16312 10317 17720 6874 3068 12886
5917 2058 17433 10402 2058 7734 12276 10350 10706 6201 1982
12504 15170 12788 7822 3604 6771 10317 18317 12842 7260 6787 12276 4684 19603 19136
14059 351 15170 17018 1171 51
15668 4557 6119 8615 7348 18303 7822 11573
8615 7348 7822 16371 5711 16233 527 7698 15337 5065 12788 9986 16371 5711 15559 14872 12788 5985 10700 19603 19145 1274 16760 14118 10073 10529 9988
17125 17059 6335 12030 13529 6010 19298 7698 17816
19043 5591
14063 15410 12081 11573 17610 12058 16407 17816 11416 12276
9926 12865 10537 15170 14998 15398 12058 12265 16131 19086 19612 13588 10644 11542 11606 1982
14139 1162 15398 11542 8240
2007 6540 15893 12842 11890 7260 7979 8413
10539 15668 4557 8615 7348
15169 18303 12631 13 17122 10317 11542
11542 5097
14139 10317
7319 11838 9871 11838 10317 15268 2754 14352
6540 15559 14872 5743 17720 1575 9633 12788
9926 10519 12865 18697 3648 10644 3248 11542 10999 3597
14387 12337 8240 19174 19599 5743 11573 16580
10539 11542 13 17122 19418 2680 594 3539
19278 15398 12788 17881 17050 10811 175 15170 7319 7803 17680 11542 14139 7698 4242 12788 868
6437 4908 972 19164 15979 2223 15642 10481 13529 11606 4557
19138 11542 8543 6335 868 1575 13394 17197 5488 16127
5910 11542 13529 15046 10519 12865 17608 4265 7774 15771
2754 15170 6335 8229 12707 3597 12707 2052 6335 12788 14213
6339 6431 15046 11542 7319 5971 19145
