418
6174 17718 3876 8675 8652 6540 11858 17720 579 7585 11542 15540 16784 12 12
9756 15169 11542 17881 19565 6053 920 18447
11542 14139 10414 13672 10644
12337 10151 11542 16632 10568 2272
11332 15221 2272 19737 12030 14377 10171
19086 7585 16466 2961 19086 14983 14106 2272 19418 5657 7022 17683 16701 10706 15496 17816
8396 14196 19136 19324 6540
24
11542 1982 5916 8150 13372 15540 1693
7698 1667 6852 12707 4579 8044
6852 12707 5445 12707 18303 533 12605 10171 14748
10958 6631 11542 15540 17718 6076 972
14106 2279 4684 10698 3052 11542 6812 6872 12886 16760 6174 12396 13191
6174 14106 2279
6076 5970
11542 923 14588 15540 19418 10539 19725 19725 3597
19278 5450 18969 5711 14063 7022 7698 16766
10523 3052 2279 15221 596 3292 18891
2832 2279 16766 10472 10485 7698 2754 7526 240 15773
934 15398 1133 3395 5910 6771 6183
4593 11573 6804 9856 4512 6209 19506 17816 11938 7587 11432
5349 4540 19713 14985 8150 13372 7176
5065 252 11573 14984 6198
12376 12999 10474 2272 15766 11542
8028 2159 13559 2665 1989 14190
4579 8044 12707 11 5432 10472 2317
8570 7526 3044 14983 1169 11573
2903 18489 3679 11542 2272 646 16456 11542 18303 12725 7526 11606 16760 12306 15319 15398 6287 1643 588
19046 19725 6801 14111 2279 17122 12030 1643 16596 19145
6852 8028 8626 8626 13941 491 934 14139 7698 1788 8488 1881 6201 7654 5402
9756 2199 12865 15003 1306 15314 15782 8975 4410 3068 2832 11126 4557 6174 1788 5916 7526 15398 8103 12865 19595 10151 6693 16298 14111 2272
14139 18217 8871 11542 14064 12276

9756 8935 11606 6543
9756 14106 2272
6201 5016 2272 17549 11542 4684 19603 333 12865 7585
6852 311 11573 14139 4610 10317 316 12882 16701 14139 5970 12276 9756 1643
6675 15012 5917 17549 3048 6201
7526 12865 10537 12276 11606 9756 7698
11606 1982 11542 2730 162 11606 13110 12276
5098 8570 6182 14064 19418 4085
17683 11542 19603 285
17720 6800 6771 8675 10233
14106 2279 9756 15401 6771 12943 3016 15221 6335 15398 6771 10317 4580 3016 10684 3082 14917 2521 10204 15221 15398 14139 15755 5850 5615
7353 4578 16149 1918
6750 4578 18993 11606 10473 3881 19046 327 19725 15398 8102
1788 15221 15755 9739 2724 6753 14139 13918
8125 2583
8150 7677 8267 6183
9756 13120 15878
19601
4494 13973 19556 2317 19136
10317 2058 15169 16150 11080 5349
17683 6771 11416 10703 6771 15864 5910 6086
11542 4152 8928 13200 3082
11542 17502 16760 8150 13372 19318 3068 6562 9279 11542 10156 16760 3719
9756 11542 19365 15540 10644
16410 11606 17816 18228 15787 8151 5856 9213 15797 10657 19583
13553 11542 15771 9850 10946 664 18566 2279
16371 5711 7698 8396 5098 16760
11542 11203 19603 19145 12865 14106 2272 14196 6198 14106 2279 9213 15401 11542
4144 12276 4547 8150 13372 11542 15068 3597 5910 934 10684 12892 1850 12242 16279 10064 405 524 3082 3193 16881 19508
2279 9509
9771
14960 5016 15911 8857
11670 1877 15170 15410 12707 12276 17654 15173 11670 14106 11247
11542 6637 18936 533 10519 4902 4933 13232 10660 15410 9208 7995
12593
13572 1601 11542
8643 11670 14193 16371 18966 5711 18373 17758 6249 13888
16760 14718 12396 17544 17168 2754 13696 6007 19145 675 15221
12276 10056 19565 6800 15221 14265 11097 13232
327
277 11542 15542
3663 7979 6198 19583 8150 6549
11542 1643 11409 9926 5927
8240 6055 7188 6666 11542 19365 15540 10517 16643 10472 17816 771
18324 13954 6430 13372 6540 18324 6174 5468 8150 19418 7698 12030 11606 15398 12276
12030 11863 12276 12725 4154 13538 12725
17499 12276 12929 19583 9926 8150 19418 4665 4512 10509 19164 19713 13316 6771 1982
19699 19138 6771 5927 15540
19418 4794 6478 15169 8150 11573 10318
7022 8871
7025 10056 18303 17742 19725 11542 14060 322 14998 17608 2677 5591 6549 7588 11573 10317 344 12 5103 10519
17009 19136 11542 18324 10537 8150 15540 13459 2806 999 8589 2327 18066 213
11542 146 12725 428 5145
14569 2272 14569 19583 8150 13372
9756 2007 9663 4619 4420 8028 2272 9005 8928 15221 934 4619 3047 8106 8106
596 16889 10644 8935 17680 13341 11542
5910 11542 15797 2754 16371 5714 7003 3239 15221 2279 1748 19324 906 17628 15787 10171 2007 3272 16760
14524 2272 9756 9756 15735 11542 5910
2754 1909 9626 14960 15073 19733
11670 14139 10317 11416
10317 11863 17679 8150 13372 15540
8028 11573 10005 5212 12396 19583 7003 11281 12725 10157 8928 16760 12725 10171 376
2007 8150 13372 6540 15911 6852 11542 7442 17759 6273
15046 5910 11542 15540
4494 10644 9027 9633 13320 8150 13372
15009 7319 10644 14912 19200 7822 10740
5841 8336 1965
972 9633 6193 11542 6119 11542 7442 148 5719
16316 18966 7822
5711 972 6193 15217 19603 19136
2912 7822 10684 3082
6201 11542 10667
5078 13611 6193 16541 10644 19547 9633
19418 19136 3291 2677 5591
19418 11858 7526 12240 6174 19136 278 17830
8150 13372 4579 8044 12707 146 7822 11542
8382 533 7822 527 12889 6194 7585 18227 5111 15173 2847 8150 13372 6540 9850 16889
11332 16261 10005 14152
7585 11542 18227 7698 3044 6518 10537 11542
11203 934 17009 11542 7698 16240 11542
16760 1202 12 11292 11542 11807 2832 10519 12707 146 11542 947 18324 2931 16760 6562 19418 8309 5969 11542
15398 240 7291 6348 11886 5707 15169 201 6852 17816 1306
972 17865 972 2272
6174 17718 6540 10509 14769 11858 579 8150 13372 1911 13389 1520 10903 14111 2272
6422 19573 3068 4944 14358 4241
6422 19573 8714 6557 8860
13389 10783 17544 5016 4245 6334 1833 1346 12137 19486 2272
12226 19647 11542
3808 10317 9756 1965 19164 16468 972 12050
19138 10056 11904 10171 3287 6677 18456
15409 10317 10053 11542 17889 9928 7291 952 7680 15470
2336 10056 11573 6812 19088 9756 7526 5910
8116 13028 11 12716 15217 6974 15337 19474 19119
7585 6237 19086 7585 1173 1568 15410 11542
11858 7136 6677 15046 6800 11542
6491 1654 7526 8023 17840 10597 17762 5707 15069
5100 8360 9756 12337
15398
19043 5591 17706
17683 8150 13372 4579 8044 12707 146 1982 12707 11
19302 13940 5969 11 4973 11542 9756 553 4121 10804 17816 16471 11542 19418 10223 12 11292
146 9926 11542 4512 15169 18290 3287 12813 1721 15398 1173
213 10317 10700 2730 98 19725 17720 9756 14111 15398 10644 10512 16443 18994 4578
252 17683 1643 8784 10644 11542 18303 12725 12276 12707 213 252 8627 10317 10509 14769 11606 1982
12865 10958 1366 7442 351 19418 1123 9756 8150 13372 14106 15573 2279 213 17830 15169 11573 17732 17830 15169 252 3287 8675 6540 568 10056 17598 9509
9771
14960
16298 17549 7781
10402 10062 14666 8675 6540 8150 13372
568 2479 7387 6800 11542
568 7585 7889 12889 10709 6800 11542
11542 4684 6291 10684 13241 11542 10644 6675 14118 17989
8150 13372 6549 11957 8150 13372 19418 4684 10537 11542
7586 669 7654 11197 15797 19365 17608 3717 15869 19365 11542 6174 8239 15398 12865 15682 17435
1575 11542 14139 9759 5910 8150 13372
14106 2279 15410 11573 12276 1965 11542
9914 7696 8102 16701 5683 15371 17009 11542 6198
19418 19131 11416
7822 11542 7822 12865 7822 5917
8150 13372 19418 10406 7082
7822 7822 11542 16269 15175 6631 327 11573 8150 13372 7822 5917 6174 15046 4580 6054 5918 12276 1965 6557 6787 6183 18731 5919 7698 1575
4684 1965 11542 19723 11670 15398 762 1965 13372 6787 7822 11542 5100 12725 7822 11542 12276 4025 11542 1791 6183 12882 5917 19418 5097 1171 7825 11542 1575 19418 10537 10937 19418 10700 15398 6787 19365 11863 19164 11858 7526 1643 14666
11858 17720 15398 4547 11542 10706 10073 4360 15312 17816
8150 13372 15540 12276 17987 8255 11236 12865 5640 12276 11236
6771 8150 13372 4579 8042 12707 146 18213 6053
9638 14960 4233 19583 17987 8255 11236 4540 19713 2527 12306 15319 15398
6174 17718 10804 10266 17305 5075 6174 5707 7769 13888
13191 17673 5711 17953 11657 12490 2912 7822 3163 10706 6515 10537 19573
12504 6800 9203 8150 13372 15540 18213 8215 6337
19138 5736 17830 17610 5591 16317 11877 10381
10482 11542 7290 6337 2754 19136 747 13028 8150 13372 4579 8044 12707 146
10537 11542 19365 15540 4578
972 3422 15540 972
2007 17679 8169 14894
7573 1115 8150 8336 12882 17889
1363 972 11542
8570 15398 85 11542 3539
15410 11542 9756 10402 8150 13372 6540 15398 11542
7526 15398 11542 17813 17881 19475 15398 13475
1965 11542 15540 1965 15540 11573 2279
10472 10406 8150 13372
19418 11332 8150 13372
17593 9509
9771
14960
6053
8654 146 19043 6193 8652 11542 10472 12276 15407 6174 10473 5927
19043 19603
13588 1965 8150 13372 15540
19733 8150 1620 12276 10056 17816 19164 19044 10472
11542 19582 10317 10656 6119 240
6852 240 6348 934 10539 6193 2058
6201 19086 8652 15540 17748 533 10656 7299 16120 12504 10958 15073 11542 7698
5071 16371 5711 2475 6291
527 7698
3193 7900 11606
8569 6193 12276 934 5971 10317
7822 6540 4022 17720 7822 8150 13372 7822 7698 11542 15211 14139 15211 4022 19418 10317 10519 12276 1965 11573 162 10318 10519 19418 10317 9756 7698 11542
7822 4022 7822 7822 10539 10519 8150 13372 4579 8044 12707 146 9756 14139 7698 11542 5969 405 5969 8150 13372 11542 7698 14139 14139 7698 11542 19418 8833 7822 11542 7592 12967 51 11542 533 18932 9756 7698 11542 5969 7698 9756 7822 11542 10472 7822 7822 11542 10318 10519 14139 14139 7822 17720 7698 8150 13372 14860 7319 7698 14860 14139 14139 10472 12967 51 14139 7698 11542
4022 7698 240 11542 15169 580 7822 11542 4022 7319 7698 11542 15398 2104
19278 11197 17057 19603
11600
19285 16371 10350 6753 9756 10317 2272
7654 15398
6053 5917 6053 15540 9926 19418 1173 6053 6183
1877 14111 1620 12058 11573 2279 13220 17462 15725
11858 8864 8558
6540 10482 11542 15398 14196 8150 13372 4579 8044 12707 146
5917 4578 6053 923 15062 10515 17933 12276 19284 18294 10804
15938 1620 14364 5969
19418 10056 7479 3597
14411 6771 4579 8044 146 19126 4684 11125 19474 19090 15531 3719 15146 6771 12197
6771 16852 15390 7086 12889 18858 10317 10655 16124 829 14727 12484 14588 2912
6771 7291 5685 15371 11409 9803 7645 15319 17771 5580 18303 8627
5023 5064 19096 4540 19713 4735 7586 6478 17499 16760 15003 1626 17816
18994 19185 13560 17314 9882 19603 11098 12639 19353 5436 10445 18458
1982 5917 15540
5851 4862 1969 11953 12415
10056 6771 19592 7176
10700 6771 19164 10317 12276 6771 1982 10709 18303 6787
4540 8362 972 13608 4540 19713 3719 7150 5075
14984 6748 15952 15574 6771 5736 6771
4420 6201
1879 7698 1788 13922 11311
17680 15798 18043 8103 1788 11606 8150 6771
14912 8335 6174 1208 11606 16907 4540 19713 4720 10804 17680 11082 16149
4557 15217 7198 934 12269
1283 16760 7694
5543 8335 7573 10600 1918 7694
1788 8150 1013 18993 17718 10644 2058 10473 16701 5100
12276 15398 17789 13687 18995 4557
6771 7698 5970 17683 10519 6338 6771
17771 15540 6193 11542 16261 11340
4144 6193 11542 12725 4420 15895 17816 15787 6201
952 2581
11542 6201 2272
4420 12725 14139 8928 15073 6201 15170
6827 6201 6827
11542 17802 10499 5927 6973
533 972 12596 342 9206 10472 15540 13732 19488 5208 16760
16701 18303 8626 11542 9756 17759 2058 11606 3017 13733 2439
5851 15221 10317 11862 3630 7291 3302 15794 11606 15540 10656 11961 18716 19397 934 3068 1965 18716 1374
2447
18185
6549 2279 8150 13372 6509 8486 9759
19 17833 11542 17114 6225 10317 2272
8988 1748 2273 3048 13200 2277 19418 16701 7654 4230 11542 16985 6225 10317 2272
11542 9255
11662 6201 9756
12882
11582 1965 15540
13560 17314 13319 1836 8116 4360 15218 19083 16460 1173
2912 7442 1966 14726
7654 1693
5852 12606 7319 17830
12882 15486 12215 19474
10472 10406 8150 13372
8876 24 7822 11542
19046
5910 3612 2007 1693
1965 9204 15540 6279 13572 1601
6804 8150 19012 18993
1879 13941 18439 7696 19136 10519 533
5068 7822 15337 19656 13529 9756 10539 15324
16899 18968 5711 3642
12276 17679 19418 6812 8243 12600 17816 12738
4684 17683 7696 5910 12058
19138 240 6812 11606 18721 240 6255 183 7698 15221
11473 9871 19136 201
18226 18498 4740 15732 18716
947 5917 15221 6872 3396 17058 5916 1982
9756 10539 15060 15540 12058
15401 11542 6511 240 10436 994 17608 11932 5971 6876 5910 8388 7883 11542 7176 17816
1881 12707 11 10171 18993 12325 5556 7816 13998 19076 804 10311 2236 804
8150 13372 11342 9856 18993 12116
14004 6743 3068 18993 10277 8150 13372 4557 15800 6248 527 8150 13372 3612 1620 10278 4667 18993
7822 6905 15217 6059 15557 98 19725 6179 11542
19324 15398 240 201 8867 240 8653
146 3721 3302
6562 12276 1965 5919 15540 6925 8592 11606 10317 7659 6836 17939 11606 2272 596 8125 1173
11542 17816 6631 13372 11542 6554 1824 6812 3612 10485 7698 11203 7526 3422 972 11542
10537 2527 16760 17889 11499 16629 18210 2272 9756 972 527
5841 4494 15009 9756 2129 1568 568 6119 829 13954
8570 7526 2183 1568 16438 11097
9509
9771
14960 17593 10709 1575 16760 908 11573 10644
5910
8150 13372 19544 19090 6209 15162 19583
16595 1643 3643
18992 6804 7747 8150 13372 4578 16400 17687 9856 8150 19749 9931 8150 12276 2754 3044 19012 16400 9856 8150 10056 17820 15489 7024 15398 8150 5006
10317 9756 10317 277 11147 1568 8150 15368 10472 5910 2335 5985 15398 5006
15854
1176 10539 920 6201 5803 11542
7698 1982
17982 10318
3717 15540 8150 13372 1575
11808 1575 5917
6800 12707 15540 10317
8655 4861 6800 12707 8652 15540 1575 5068
527 1575
2916 1575
16760 1575
11657 1575
533 1575
5068 1575
6201 9756 1575
17982 10318
3717 15540 8150 13372 1575
11808 1575 5917
6800 12707 15540 10317
8655 4861 6800 12707 8652 15540 1575 5068
527 1575
2916 1575
16760 1575
11657 1575
533 1575
5068 1575
6201 9756 1575
11676 5910 15540 10657 8150 13372 19583
14196 762 7469 6337
7785 6801 16601 12707 11 4579 8044 6827 8150 4323 1961 5290 7816
15797 7698 19179 6209 7530 16853 8150 14912 8335 4924 8722 14403 8582
8257 18173 1699 17745 7654 8486 6800 1788
10804 9161 10414 17305 10684 3082 7530 9857
4494 13973 15009 7863 10700 6249 9633 13320 10287 3082 17718 5842 1965 6771 16701 9988 3208 13235 18891
11542 5927 14139 10318 1693 5910 18894 10171 19549 7680 8102 11877
11542 5910

13171 5064 12725 8150 13372 10317
11294 5555 3612 1620 8150 17415 16932 8484 19117
10317 18314 16760 13171 5064 12725
12725 8150 13372 15410 3756 7822 10537 8150 13372 19086 5064 12725 11542 5064 5075 5006 13223
16298 2342 10358 13343 8871 906 13343 3643 10223 12 10358
16942 14666 778 17544 10000 4059 16609
16938 11670 12396 19573
14666 19418 11999 13346 15942 19486 183 2656 4549
14671 11044 7939 19418 13346
13171 19647 5954
8659 2213 10844 17109 17718 12676 2439 19418 9180 10155 2101 10350 12676
972 6053 3292 3787 8150 13372 15540
4144 2279 6562 17085 6193 19164 10056 4138 11573 14139 972 9633 2820 11005 1893 6193 15217 5626 6787 13941
527 3947 8954 6193 6771 4944 12504 16760 1258 3082
934 6693 10317 1965 11542 17544 11809 14106 2279 12376 7298 5942 16760
12504 7592 405 3717 2272 15540 6787
6026 13601 5970 12276 18338 13235 11040 6011
5969
952 1904 16760 429 2814
19043 11877 17816 2754 10700 18551 16886 3134 8240 972 9633 14220 6047
17593 9509
9771
14960 13736 13478 6011 11247
11542 6053 5985 15073
9926 11606 8150 13372 11010 18716 15648 3188 1963 19506 2373
10804 15221 9005 12276 14921 14520 9763 13343 240 3999
19086 15170 10056 17816 18324 6183 15398 13372 2007 15319 18564 7479 12058 1120 2007 11542 7176 7529 12345 6771 14405
3227 15567 201 18849
9931 16261 6053 13298 6076 10539 3068 19418 6183 7843 2007 15319
7299
19138 11542 240 18849
11542 12035 13941 12221 15398 16299 15238 10317 17608 15565 10115 1212 15319
6852 10112 15658 10115 12221 15658
13011 17544 2719 4828 6740
579 7586 240 10519 17720 15911 2730 1531 15401 4579 8044 14133 19136 240 11542 19086 8382 10245 4827 6740
2902 10115 19418 15658 7588 7698 240 6348 11542 10317 10482 19446
10523 4905 1848 18956
4579 8044 12221 18721 8382 5314 14196 240 18849 6417 6658 11542 6348 12221 14063 1115 19136 18849 3680 201 11542
5007 6540 8150 13310 6174 6540 8150 13310 15540
19138 17742 8150 13310 11573
12231
8941 6852 11556 13372 12993 16730
8240 11872 8150 13372 4579 8044 12707 146 14206 19224 2364 12211 19592 17683 19136 16278 13341
19138 17881 639 4579 8044 12707 146 1970 11498 12276 3680 13538 15540 11573
8643 7698 14065 8876 16258 11203 15170 1995 10480 17946 278 11573 7747 14065 17683 11542 16566 3044 6076 7822 12429
19568 4850 10903
15060 12 972 19725 15170 7699 3082 7900 10537 10317 14363
6852 10317 3837 4540 19713 5067 1965 13341 19164 10709 12276 16384 6802 6183 15410 15319
4496 5841 15712 952 829 14726 4863 12414 12888 3719 16726 15787
15284 7831 15337 7822 7698 18299 14106 2279 533 15221 6554
12504 6771 4233 1708 14097 7822 16914 17683 2789 7530 12414 11939 1965 13036 2789 18502 2145
6826 10317 15170 14913 19418 11334
6771 6053
8675 6540 1319 17608 11991 5479 1141
8643 12030 13485
9027
5969 15168
19418 5098 15922 12888
9850 7900 11606 19725 829 14726 7587 12276 12889 2834
14052 7517 12345 19493 17978 3723 16261 10539 12 19725
6119 15319
10804 17435 5508 6677 3720
19575 13728 8547 19136
14106 2272 13588 10539 11542
1879 7026 2272 6174 12600 9871 18478
8643 1788 1881 16601 16075 16744 18729 930 19656 2272
12707 14139 7747 18697 8150 5006
11
8377 9393 3411 14145 10064
146
5431 16147 9863 17595 11862 16701 9866 5910
213
18993 8150 7526 6053 15793 7822 8040
9213 6750 6204 5754 19076 6365 5432
11542 5100 11606 5910 14477
10317 17939 10698 13191 13241 17746 2272 19446
10539
7822 5917
9871 8572 8150 8335 7752 17889 13171 1279 6174 9626 14960 510 10644 11349
14106 2279
18566 2279 6549 2754 17499 19365 15540 19603 19145 10903
5910 7176
8032 13559 19418 952 6631 8150 13372 6787
16760 3597 5910 7526 15398 10804 3082 7898 16853
11606 5938 6771 1909 10804 568 2833 7680 5910 11606 6549
8150 13372 19418 952 8777 3346 2474 2272 15540 13391 9249 19541 9930 9509
9771
14960
16462 19107 10539 8335 14912 9897 19365 17614 3333 10539 11862 9857 11717
368
6053
10505 19418 952 10537
7822 5917 15540 17720 13941 7698 11334 4333 2065 938 13941 2065 13941 6010 17683 1788 15221 16904 5349 13941
7136 15217 12861 1965 12707
17683 7698 6554 1824 18969 4531 11606 5098 2272 6554 1824 577 13191
8643 17683 12276 1965 8652 15540 8542 17683 1120 5075 5349 7698 9633 4540 19713 14588 6771 4262
