416
9926 14671 13332
1643
1643 11542
8105 15406 3902 16744 17686 6760 11542 524 16911
1643 19654
15220 2754 7698 17816 17816
6179 11542 9756 15406 10317 11961 3082 10700 15922 10453 18723 4623
146 16593 7698 13040
12431 8589 11542 10644 17683
12226 3597
8715 17830
920 15409 10317 16478 7698 19012
1643 13191
19164 2612 1643 9668 11126 11542 6174
5178 13607 6554 10864 6787 17771 17309
9430 11 213 17709 1537 1575
18227 4512 2513 4554 6787 10042 15282 3744 1204
12605 8714 533 14806 18299 19365 2817 3082 16486 8814 5397 9629
8643
6771 15150 1989 8714 9663 9663 9663
17709 10306 17319 10716 4515 677 2513 10724
17789 13191 14281
19737 6771 9815 9671 9671 11606 2832 10716 15406 11086
2666 11236
19737 8714 4931 1989 1904
18295 13191 10459 15165 7765 8376 527 8574 17709 213 2754 14169 17709
15410 17709 11 17720 11884 9354 16261 7698 19418 3597 7343
10317 3068 17709 19164 13319 10064 1537 5098
3612 17709 4512 19583 14111 13529 4849 3648 6204 4619 7585 12276 10056 3044 2373 19659
11542 17713 18741 5098 15922 19618 11407 11542 16371 5711 12030 16371 16760 3728 923 1424 13020 19235 9226
8712 17816 15428 17838 1242
18837 19418 12936 17009 7233 19136 11542 7343 17709 11542
16883 3993 190 11292
11542 7529 8382 14065 14148 8476 12865 10537 15398 7822 5711 11799 14992 16316
12276 15858 4347 9248 4347 16204
7822 11573 16371 5711 19305
3597 11389 4547 8503
15161 17816 13028 12011 1782 8524
4202 5985 10358
6758 19647 10472 14666 16261 18788 11542
10318 1057 4038 7185 5640 19418 10537 12276
17939 16269 190 11292 17899 2677 18012 19071 10155
17978 13544 6175 67 11542 262 10187 15557 295
8643 7747 11863 18012 19136 4202 11542
19058 17709 4512 19583 6693 9756 19138 18073 4512 11456
16448 7111 2145 11573 10317 9426 10740 146
6680 10317 18278 1120 16433 4038 15787
3021 2010 16760 8125 17168 2317
11542 14641 15755 533 17329 18914 4234 13591 17329 3787 13191 10350
11542 16601 16097 6750 9438 5933 9350 17709
9548 11130 13309 1047 18824 1127 10517 10472 771 15800 19164 11198 10864 14219 16583 19115 12970 11085 1788 5938 15706 5334 18303 1293 14998 5927 15769 14589 5917
17709 19186 11812 10459 5240
4853 5917 12276 15505 16316 10317 13477 1537 5917
15161 11416 11877 10864 11542
19664 14666 11479 15950 8627 12735 7098 11542
15428 19053 11542 18716 17816 19603 4101 11573
11537 2100 12276 5046 3068 2832
7576 17113 13314 1399 18741 13240 1115
17946 1400 10740 6174 5553
17683 1848 16483 10700 10714 3082 16434 2396 8503 11573 10706 6698 8111
1620 11542 214 11292 10396 6518 16033 10481 9756 10171
13191 2754 1173 14429 13341 10104 13021 1173 7677
3082 14352 16371 5711 6387
19131 17816
16599 10539 6771
6540 6852 12276 17085 6193 19164
553 15221 1982 13191 1982 7822 1706 17771 6771
5542 6482 6010 5985 9800 9277
527 6554 6118 3244 8321 17909 8374 19573 7822 17889 1208 7822 18442 12429 14882
9756 18438 12865 10317 6771 18564 6540 17072
15401 6771 10056 11904 14106 14671 744 15733 12865 7588 10558 311
12865 3372 2317 8784 6010 6771 5969 19145 6787 9756 4819 8784 6554 17069 6771
14196 19136 8884 5098
6339 8941 11542
9213 923 3612 5921 1788 14963 7677 17241 6755 1788 15221
11096 18317 4549 2886 7530 17976 1306 10317 17196 6946 15221 10644 19545 17114 18073 14405 17906 18849 14009 11542 16261
6339 17069 11542 19090 11542
16595 11542 15409 13673 7677 1849 12623 12154 10402 9378 18005 19654 9279 13191 10350 15337 16711
6209 5808 18851 1600
7585 2433
10961 10700 17690 11542 2754 13088 17709 6209 18914 5640 5643 2754 11281 19446 5481 13191 10350
7585 3621 2279 11542 17816
1583 7412 11542
15169 7412 16604 11904 19475 7526 8627 10278 1620
11542 19164 18415 19816 13191 16269 18438 7680 17830 9800 8491 3082
6257 10459
605 10056 8626 11542 1843 17551 13443 6431 2317
14306
11542 17549 1583
3082 9756 17063 12276 5046 7585 8568 8103
1203 18554 18201 6771 10743 10700 3774 3719 2317 18529
10155 5910 19583 16889 19691 11573
1982
934 13092
1468 8707 17777 11542
6431 9837

3189
6685 6911
6478 18511 10644 4276
19136 19691 11573 14420 10480 3621 2272 6787
19138 12707 12276 19725 771 14416 17679 14421 11542
7097 3082 16760 14416 9871 1788 1047 5934
9756 10317 17709 17412
934 1047 1198 5934 4666 692 771 18155 17304 3975 18554 16261 10317
12058 5934 1620 923 9871 17103
8339 6209 2521 10459 934 13499 3948 15235 18153
8338 9392 5910 2007 1788 5640 13134 19360
13391 14106 2317 7088 5934 4666 5910 11542 8430 17680 3597 13130 15526
12030 11863
11670 3808 17709 10315 8338 10084 9204
15398 11670
11606 6336

11542 2317 18604
16760 6693 10317 18228 8877 14878 13159 7387 17631
11606 14118 16760
15375 13892 6693 9346
13216 15583 4442
16760
15636 13364 7698 7803
16462 852 11877 10358
18228 13325 10459 3048 12929 18295
13443
1115 7530 14729 9211
5027 18295 16760 10233 15928 6990 1568
18227 10700 10556 15468 7387 9213
8570 11352 10147 12762 18295 13492 13341 277 7654 10644 1982
19137 12593
623
17709 4512 19583 15375 9204 17709 15521 19278 7654 15398 8382 6337 11542 11044 6337 12058 2007 533 6540 10317 11542 11606 13191 8495 4121 3082 7698 4944 19107 14108 16466 784
7585 4250 10459 4578 6182 6512 4578 10864 5349 7822 9633 17680 10317 12600 11542 16072 12600 19278 923 533 11542 16466 784 14108 10725 18914 11542 9279 6478 19601 18914 6183 6349 15401 19131 17816 7585 260 10317
19145 11542 14503 914 10556 10278 3912 10888 6011 13623
11542 3372 12276 2007 13443 14998 13638 11542 3677 5075 568 12030 3380 6193 1371 4905 3158 4971 15878 16312 5711 13529 6467 2575 2222 12526 16910 10381 7677
11542 18113 2894 13779 14039 11995 11707 11416
11542 16989 19269 1497 2832 13888 10472 7526 12 11292 16261 4022 17499 7233
11542 11756 13313 1131 8579 14443 15022 16657 15959 18178 6517 1341 7765 5632 19725
15636 15636 15636
14139 6272 19136 6852 2730 12276 6852 3287 6771 5097
6554 3965 15221 5856 6771 9815 6007 8558 5910
10644 10073 10644 15196 10644 4360 6119 15221 17148 10459
9784 4782 16657 15959 10644 8413 9668 10644 6533 10073
3244 8321 11756 13313 4005 14359 6251 3256 5666 2814 17909 8374 10644 16120 4360 2754 15170 972 565 8810
13191 18295 5910 6554 17982 18482 19365 13191 13130 19656
19043 11877 9204 7176
6554 19654 527
8037 4581 16871 9800 1474 19079
12226 19043 19654 1474 18213 8496
17679 7698 17909 8375
15175 10358 17718 11010 18443
6771 18473 6812 568 18402
15169 6852 11542 9756 12231
12276 8643 6812 8812 5752 19132 18375 3068
6174 1131 8579 15407 9756 18268 2905
10432 16371 5711 3021 6119 1353 15221 16760 9403 4121 12030
6694 7228 9548 14416 11727 15409 19078 17466 11542 9445
9756 2832 1171 11542
16258 5803 13236 10485 13856 17889 3661
17709 4512 19583 1575 11542
7822 11657
1965 533 15221
5711 11247 2180
15217 10459 17709 17310 2443 1568
10459 10706 6771
17909 8374 13163 14878 2320
2481 16261 15319 12276 5803 4117
7698 2058 3604 5850 2348 1620 7118 17709 10459
9548 17709 7526 1620 17889 12157 13036 17709 19145
3244 8321 2480 12815 344 14141 7822 1788 11863 19742
12240 13389 17720 6415 17740 9548 19583
19136 15398 18299 18273 12620 7654 9756 15161 19583 19737
17683 6249 5970 11542 6174 3881 12725 15407 18578
15170 4890 405 10155 4292 14666 12337 12337 19324 9114 12276 4121 7698 1643
17683 11542 7747 14082 4568 2007 11573 2730 744 10961 9756 6872 12868 17385 6174 7698 11542
18438 12865 8760 10459 19733 565 13154 12707 6249 9633 565 13152 17709 934 6249 9633 13319 17865 3068
8543 15398 1171 5803 17709
10318 11795 6026 16760 11542 17899 6812 18914 9986 3326 9756 461
18914 10700 5016 12934 5018 4124 12707 10864 3628
11542 12204 7822 6731 14140 1353 14718 18542 8952 2912 11542 12221 14420 18716 6511
17329 3244 8321 17909 8370 7663 7050 1131 8579 7979 2914 9634
16760 17709 1748 15187 11709 16271 11542 17709 10223 576 18908 10485 10317 12276 6201 1353 10644 11241 15185 4388 12879 1353 16324 2606 15398 8290 2912 2075 12030 8812 5752 7822 565 15186 4850 16271 6174 3621 2272 16324 17730 7399 12276 6755 14046 12276 1360 17598 7663 6750 12088 947 10700 15496
14118 4568 3612 5808 15748 1802 7962 2075
10056 15169 735 5779
17709 4512 19583 14586 10700 4610 17709 11542 18508 6491 6174 1982 6852 15521 1620 3244 8321 11756 13313 17909 8373 1131 8579 6141 14894 17709 9548 16701 17127 2100 7698 18914 1654 18722 6800 15217 6771 10402 3833 16261 6362 17709 2730 5640 19488 2462 3849 1353 19589 6361 17709 13984 19418 18133 6101 15337 17709 4512 19583 7698 16371 5711 4022 16317 1879 6771 6852 17709 10706 11791 1909 6771 19418 7822 18508 9756 11542 12231
12023 294
327
19733 18535 7319 16907 12540 10472
17089 14633 10740 16648 11116 16828 17680
19136 18303 8615 7582 13803 3244
19136 12565 3756 7803
3134 2396 5362
6174 5969 7924 18554 11606
7927 15610 12535
17683 11606 1982 6174 17089 8830 11254 6387
17854 19145 6852 8626 11126
6201 10056 8028 17982 13443
12665 17709 7654
1620 16143
17720 19145 9035 4547 146
11670 19136 5652 5726 12 11291 4252
11256 16907 7822 645 2380 10317 10785 19541 19670 16889
14255 6852 17709
18837 17709 146 10644 8215 16293
16701 11499 12669 6852 17709 15521 6680 2013 934 10515 10519 8685 3847 10644 13538 12276 5970
6933 11409 8707 934 10519 7628 5360
17709 4512 19583 17709 15161 18554 1537 1171
10717 699
17122 8031 15262 6365 5910 14601 10402 5100
10717 4026 18914 5946 3091
934 10804 11746 3985 4138 9403 10461 401 8913 12865
11861 6010 9871 3597 6335 10864
527 7698 533 18966 5711
16701 2677 11756 13313 15264 12226
10870 1965 12974 146 7680 13529 7698 6562
10318 10870 13538 6040 10317 12276
10864 10644 17549 10634 5635 11416 16701 17881 13570 11573
15173 14207 1643 6787 9756 1540 6255 9426 10740 1537
14205 11542 7585 17439 1120 14208 1120 7588 17439 17690
3781 6771 16267 8941
7822 2912 1388 11542 9926 19418 16407 17816 2007 15319
6750 15221 3021 17058 6338 16701 19086 16261 10402 11542
10318 10459 3817 3344
5711 6249 947 6693 10402 14819 16583 19115 933
4144 15217 4252 12767 11291 10402 18017 19418 15398 1107 1120 6771 19583 10864
11863 10634 13567 11416
4554 19046
10870 17709 4512 19583 3948 2018 673 17709 11206 1535 1791 15161 5640 11919 14141 15619 5934 13434 18554
738 10870 17709 10870 1537 17709 6755 14592 12376 523 4100
1047 13957 10163 18824 10717 14633 13215 18554 1620 4518
6466 5934 6174 12182 1353 19491 17709 11670 5815 12900 12932 9699 19737 12276 19418 14637 9548 7132 7052 15041 6201 15161 18716
6852 10317 15170 5971 11542 7698 15521 143 12276 1537
17683 934 1982 6852 10317 16760 1982 18299 16760 6852 12276 13529 16784 7129
12290 7747 533 5445 3604 18722 6198 16258 7698 11409
17679 868 19589 16332 1791 10644 17683 16583 19115 1791 14139 10317 16583 19115 14139 19087 15398 11542 10644 5167 10402
4144 18721 6056 1536 11573 9756 10402 11606 458 16701 5971
5910 19418 14196 6198 5974 7698 17069 11542 10320 15398 16278 10317 19145 11573 10317 17830
947 17709 11731 11542 15540 10876 8981 10402 5383 1497 14139 8941 8054 2413 4712 10320 17709 12641 3683 19315 1260 18914 10459 10706 1209
12897 12276 3837 10864 16976 4235 3091 6209 3068 6174 5339 1537 11096 16363 4130 6547 15376 4236
10864 11812 19573 16766 16828 17678 14428 13586 11863 4512 5938 17371 17714 9998 8610 19790 1899 3224 18796 18554 11919 14141
13191 6680 6951 1877 17718 2474 4137 3957 553 2526 11792 5910 6276 577 6800 15217 9077 1142 15409 10317 3195 13152
16225 8428 19737 1120 15521 6631 18914 4144
7698 11564 4022 533 7822 16371 5711
6812 16760 16054 19179 10958 9756
11542 6765 17316 568 4971 15337 6225 1965
6693 2058 3158 17830 6119 3993 11633 9737 9756 12337
17683 6198 9756 19138 11542 10459 15407 10317 2007 13191 8494 5910
17816 9856 11542 19418 1643 17683 7822 5743 14139 19086 15398 7698 11551 1120 10864 11542 10317 1537 11863 19691 19136 19418 11606 1982
14139 5971 11542 947 2058 17946
16227 6771
5711 10308 15557 12882 1620 5507 11453
1965 12725 19575 5711
10317 17709 6995 15217 8492 1289 19046 8054
16332 15221
934 17720 6750 15221 14125 6771 5349
1070 18273 13981 15406 10454 525
4107 6872 3082 5349
10459 17709 14139 16227 533
5501 16332 11375 12865
18129
2586
7822 16889
17122 11542 19145 17720 6276 533 12605 19547 18721 5712
14196 6549 7496 920 1171 5803
10958 17137 8111
7698 533 7007 5971
12949 18082 1531 5166 2075 5808 16391
7927 15173
19549 14450 5166 18729 10999 19164 18122 1497 14453 2680
8578 7343 11573 10326 13191 10961 4659 3068 2587
11542 15407 2058 15012 10317 10519 10171 4426 14921 6968
5078 4420 13588
2075 5808 9279 16951 1643 7977
4107 4022 11858 7747 9279 16963 7060 1497 7927 19568 10644 19599
17709 4512 19583 3612 17709 1695 17784 8054 1754 6209 7058 17816 9548 7132 6417 14878 13191 14063 9756 17714 9997 10537 6750 1353 17185 4512 19583 7773 6407 5640 5927 7841 6939 13735 10804 8413 19618 11409 10317 6092 15474 15003 12075 1306 16734 4505 9173 524 10459 18270 2806 999 8309 8847 6141
17816 6812 10459 7698 7977 8312 2493 10056 17124 3831 9711 579 12504 6816 6939 7698 16766 14685 1306 699 15398 17709 6753 1620 15161 18554 17816 10717 12504 7698 10709
12234 1120 10864 3621 6939
15521 162 17709 11542 1537
15550 13492 11877 1537 11542
17069 11542 4755 2521 10459 6608 12182 1355
19733 1497 7526 15398 9548 13154 13313 5298 15474 7233 10465
11542 3925 10519 16371 5711 7698 6117
6750 15217 3396
10459 1982 1008 10684 3082 11542 12429 1643
18914 9958 4022
3082 11606 18415 17063
15337 4117 19164 1982
17493 15217 5101
6255 3021 5168 6026 11542
16701 19137 9756 5007 10864 3621 6540
5178 11203 17683 6771 10644 11416 17709 11 17267 10864 17069 6787 11203 18210 3016 6412 17683 13588 17709 146 15902 11606 1982 6771 17709 11
3663 1537 5615
7353
6249 1667 8707 533 5711 5445
1319 13235 18860 8125 8954 1169 4512 19583 13794 16748 7526 7737 18965 1791 10040 15178 4902 5711 15922 15771 10485 6511
3244 8321 934 15409 7530 6530 3068 12888 3017 8955
7530 13529 15830 17069 11573 7592 15170 12276 14593 6507 12709
4512 19583 3017 1982 9426 10740 6787
14201
5065 9810 2408 17709 4512 19583 15409 16999
13591 14139 10644 11542 18259 1583 18719 15940 142 8707 18228 13152 19479
14063 10151 5423 9663 10358 6670 18525 10700 19545 19145 17069 11542 17788 11904 10645 18278 12462
18438 9871 15337 7529 7839 4958 9248 5693
9467 5549 19701 3082 6852 214 11245 11542 7526 6781 16744 18228 4850 11542 4971 15787 8104
10482 12748 11542 16601 17304 6804 206 183 15007
7001 16317 19479 5068 13437
7585 294
285 3425 294 10961
4117 11606 1982
11542 12231 19474 12799 55 15398 11808 9856 17816 15911 10318 17709 15911 809 1620 313 245 19223 15247 923 9426 10740 8682 16417 10740
10233 18438 7442 311 294
277 10961 294
311 1965
7927 9756 6335 17069 11542 6119 15401 4512 9917 9426 10740 10740 16648 6141
19043 3597 5591 16407 6417 2905 2191
7526 19659 1643 934 7698 5985 6417 5919 4252 7530 14118 17854 14118 13916
7927 9494 13046 950 12276 9100 7441 17889 13588 11884 15557 1537 146
8578 15375 9204 17709 11203 11077
11545 14588 10864 18045 15169 17003 17069 15151
9756 6464 10804 17830 2754 868 4898 3317 13856 8338 7233 9594 9756 7526 17854
13591 17709 9756 7526 17854 19145
17709 9756 5461 9204 9279 5985
7822 6862 19151 6852 11542 5728 2527 9877 7943
11542 9756 15046 11461
8309 9997 10537 15878 17111
9548 7132 19446 5481 9213 12721
19733 10459 16641 15221 5910 12030 1120 3044
10864 11573 9756 9800 7530 1982
12276 17679 12035 17718 9983 4312 17801 13616 13113 15401 11573 7176
17122 4138 11099 7931 2733 10458 1643 17679 579 2480 17683 7698 6481 10706 1982 11542
7586 11542 9756 19058 18012 580 10317 18073 11573 10056 19531 11585 7698 4313 9756 11606 17683
14139 5971 11542 6174 17718 17742 16748 18234 17305 294 11292 17709 6338 9802 10717 2663
6478 19053 14998 523 13992 2462 17304 19221 17679 10472
8643 11807 14196 11542 19418 15398 19418 7526 7822 14733 2754 4121
19138 13475 1903
15794 240 2754 15170
7654 240 18849
13888 1643
7169 15658
11332 12707 16760
13191 11542 15173 1643
16247 9756 16907
10317 10864 10519 11542 11340 6677 10864 18554
9756 15170 11 17679
1300 16852 10317 1537 17709 6753 922
9426 10740 8312 2806 999 6174 8682
1300 15742 16339
7408 16760 240 18849 16985 10700 6800 12337 11542
17709 4512 19583 6771 19054 3287 8382 6337 6852 12276 7698 5098 18894 5743
6771 7698 1879 19486 17513 11292 6771 16600 3068 17709 13154 3244 8321 9351 1497 9756 16462 3305 16758 12167 13381 9548 7132 11756 13313 8770 2296 9679 8638 4504 10254 9784 4782 7023 11213 18932 533 7529 1982 12308
6431 7867 6592 12597 17771 19365 6771 11858 13941 11407
16462 6174 16094 1209 11606 10539 10864 3068 2806 999 16094 4022 11407 14425 9756 12240 6771 10864 6771
14139 5971 6771 4684 14196 1171
5917 6771 10706 6272 11877 9206 17709 6787
17709 16744 6209 4512 5808 7530 5938 9548 469 8612 2223 12376 13532 18270 19583 4518
15375 17709 11542 10317 6852 12276 6010
18303 17680 2336 19138 1537 19136 11542
7123 16258 19418 1115 2527 7214 12725 16760 3845 1537 11542 10317 10461 8948
6852 12707 11542 10402 15631 13191 18156 7526 13235
9548 10465 19046 17709 3597 17709 18228 6812 19164 7654 1620
19171 11542 13941 6010 5970
6174 16596 10317 10459 5910 9871 16461
15073 13191 10402 3728 7927 1643
7585 17709 294 12
6139 17709 18303 19726 7677 15365 7529 4512 10937 6148 2223
17709 17310 1353 12182 14134 17737 13325 15066 14141 6148 6183 6515 19659 8076
4621 12197 15063 8193 1354 9983 6341 4398 6434 6148
17714 11503 5008 18228 13720 9548 10717 6149 18823 9660 7058 17709
2887 1568 15382 11529 8380 7023 10717 18196
6148 17305 10459 5008 5993 1788
9548 17709 10700 19164 13720 14141 10717 7900 13391 6148
6193 280 11919 14141 877 10717 1375 15424 6739 12182
9548 17709 7266 5914 17823 10717
17709 14300 6610 12197 9886 7677 1620 9548
11296 12182 18273 10460 10519 8860 18894
17709 4512 19583 4512 5808 10123 10717 19086 17304 344 14141 9100 16730 9930 6148
10442 5640 13553 5953 13735 5016 18891 19583 19583 9931 17709 10320 1537
17909 8374 3244 8317 1575 9633 2522
10461 11247 18153 934 15410 10519
8316 9756 972 17312 9394 13125
12182 8311 6363 9100 16737 4512 5808
8491 15375 8103 12182
10461 12058 17777 1353 10579 8316 854 17709 12058 10417 5640 9548
3541 934 10706 13343 4250 1209 582 19097 3483
3541 19089 9100 16737 17600 4898 18554 9279 10278
3831 15169 15375 17816 15169 7822 11542
11450 771
13507 999 9844
12058 10465 4899
19545
8467 2806 999 16803 8526 9316 5940 10457 4800
1909 17709 13722 11919 14141
19474 15033
7995

5615
9965
4442 7921 10151 12276
15169 17709 4512 19583
7698 19573 829 17405
16980 3947 17825 9810 2408 9695 19307
17709 14139 4884 17304 10459
17184 8778 18914 10992 11047 14239
6249 9633 3244 8321 17909 8374
1909 18554 4518 17155
8570 17156 17813 11877 3993
10864 11542 1440 12276 8928 3082 15042 4144
12058 11919 14141 15063 17709 18217
10317 13538 3067 5407
19086 14420 17069 11542 4512 19583 15409 16335 11542
11542 11606 533 17718 16257 10743 7526 2310 5910
6478 9756 7924 7373 10864 16332 15268 12571 5938 6903 1815
5910 7529 9872 1115
16701 17709 4512 19583 5985 8707 16760 7698 13192 12537 16052 13591
19086 12023 18004 1879 15540 6179 14425 4661 12978 4851 12050 14813 13034 16867 2526 12396 16760 9199 17373 6144 15268 3346 16557 17654 14139 1231 10961 18665 14273
15284 5016 6852 12276 10317 11606
12504 10318 11542 11606 10317 16889 4656 15259 6730
