525
19278 665 15322 6339 18730 15827 9836 8382 15247 10145 16692 16299 6676 5445
11542 11606 18213 2183 1568 10946 17631 11588 3082
11093 8838 15594 441 5520 844
17683 19651 15073 1965 13871 15073 6771 10481 5851 1372 13235 10278 19488 15508
14139 2833 17742 17479 3095 15103 12774 16760 11858 6693 3158
9756 14118 11588 17989
7654 15398 11542
15169 13535 6771 17720 9346
19278 15322 10056 19221 17982 2183 1568
6771 6201
7849 6086 9299 8407 9756 6370 6693 6771 6201 7822 1879 7762 1474 460 3724 8103 9756 9926 6771 7680 7654 6771 3433
1965 5448 16760
3630 751 15410
14196 6771 1171
10539
13171 7654 15398 6771
6675 5542 9983 682 19418 12538 2007 2145 6787 17982 14354 6771 10539
6174 8240 6771 9396 15322
15169 18043 14139 19087 15398 18043 9759
10482 16261 19224
7526 8261
13171 15398 6771
11499 18183 3379 8382 15247 13036
10450 10219 11307 11454 8382 15247 7218 10485 10317 10151 79 1872 7894 15492 6451 11231 5841 19159 10650 19357 3184 1009 8309 3597
18375 1849 9026 15878 19357 1849 14901 9400 16730 10219 4355 13588 7387 930 9400
13163 10317 6557 14129
6183 8382 15247 661 10948 5014 7219 15492 7219 16289 8676 13684
6174 1008 940 85 19723 12240 7576 7680 6174 17683 4535 60 19723 12240
13941 7526 8125 6923
6451 11231 4684 16574
8538 3068 2058 3378 8111 579 730 7585 15584 10278 17718 7800 17137 10013 14968
17122
19087 10317 6771 6693 10317 15410 5805 1982
11746 10402 4326 7698 12276 7529 7291 1474 17718 4860
18566 17683 15337 11203 1943 15557 16379 17816 13110 129 13097 11858 16608
10317 11606 11603 2272 11449 15432 18156 18551 9213 16379 6174 3082
9631 4414 2033 14878 1012 18303 15221 5910 6771 947 16583 1487 16407 17816 17686 17720 9631 4414
7927 6771 11011 7478 9926 9631 4414 17586 4252 9926 13097 883 127
11573 10317 5219 14118 10278 9850 577 8382 15247 17881
10770 13106 5468 7576 9007 15841 14139 6312 3017 8382 15247 18645 11838 7680 17221 19342 460 12718 10537 703
11542 16261 12865 6204 17771 17816 6183 6348 10961 6010

9756 9231 15036
11542 2941 6557 3017 14351 9850 17683 14139 15552 7937 11597 19085
8814 18174
17593 7707 15398 579 8382 15247 579 16871 10644 6675 19599
11929 14748
6771 15557 7910 8361 7291 17467 1077 15471 6787 843 10156 5880 16332 10278 11541
17122 9279 3630 751 16760 2310 14253
11606 3048 12058 11606 9953 12901 13046 10804 14671 17010 13115 15798 5014 751 491
934 11606 10537 5841 19159 15407 17837 1000 454 6951
1965 12707 6771 3068 12774 7586
2272 15407 11606 13641 14106 17479 15170 16760 3048 6771 9756 3054 751
12906 19065 11542 590 6064 12050 19656 16665 3121 3095 13154 10450 10219 17471 10414 7218 19723 8382 15247
4041 16870 17016 1965 7228 5014 3680 12429 17474 13593 6533
19723 3095 19418 7526 3425 15103 16661 12774 13154 5841 19159 6451 11231
11542 10142 3097 10278 4041 8382 15247 13593
16760 15800 10804 17474 9468
17683 10804 17474 14352
14139 14196 11542 6174 2272 11588 16760
579 17683 15922 15652 1459
9815 17686 17771 6771 10961 15652 19418 3597 1459
6174 14165 15217 3082 6174 11792 12168
19365 16760 17310 13110 1306 13097 19287 12859
1273 19583 14448 15655
2912 7822 6451 11231 16574 6675 10317 15466 11542 10839 2741 1306 15652 1462 7741 4522 15652 1462
11542 6693 10128 18173 12168 10450 10220 3068 1460 15652
11511 13036 920 2583 12806 12806 15655 15652 1462
9567 7698 11542 13671 15652 1462 17169 15652 1462
10700 13888 3287
6852 14666 2466
18438 11807 10207 14671
19145 7144 17830 15950 4549 6693 3690 7585 17513 12849 19603
11858 15410 6771 10317 10539 3082
2912 2474 16760 11541 923 11884 12596
16317 972
10537 11573 14051 12276 3612 923 10317 19582 10804 10247
18731 12276 16299 7496 2730 3422 17312 1620 579 19145
7592
7680 10472 17816 16261 17955
6675 7698 11542 5252 18452
10537 11573 19086 16261 11541 5854
6193 1587 11542 3612 923 3719 17138
15853 10698 2146 3597 6193 19723 952 11542 10317 12906 19065 19656 5065 13098 16665 3121 17134 6200 6337 5927 12276 1965 6787 19723 4890 9036 6771
12906 10804 17680 14748
3121 1388 2912 9922 17679 12699
16261 2007 2145 12221 10706 3082 7506 2832 10706 6771 13391 19418 15398 19723
8396 14196 12906 14148 6562 12276 8250 12396 6787 19418 15398 19723
1643 527 15337 9988 4248
8382 15247 7218 11367 4704 7894 15492
12495 7446 16881 7530 441 6119 6086 6771 4812
3095 19196 17801 12221
19448 952 1531 9850 12718
3095 12276 5660 8159 2531 17312 8452 506
6750 15217 7654 10472 15247 2704 19488 17417 6183 13499
6174 2590 13981 3095 9181 15311 9836 16744 7399 1828 18455
10804 13913 6771 10704 19664 13332 14671 19179 6771
19737 1120 11542 1658 14064 13332 14584
527 1591 7053
10450 13529 7698 9633
17325 19365 10519
9756 15170 12276 10350 10485 6267 5910 15217
5842 454 8588
17197 11409 579 12795 15869 15221 17742 568 11670 16410 5985 17816 17889 7235 15406 14118
8167 11573 4196 15221 2272 15755 11542 8125 6183 19582 6549
9756 19087
7526 4656 5851 6677 7747 14111 2272
6856 19086 15170 10537 568 11542
9926 5841 19159 8150 13372 11573
8131 13529 7576 8150 13372
12066 14183 7576
931 11231 10450 10219 16978 9633
430 17316 12865
17704 17889 8141
936 13191 433
17683 1965 12276 18314 17467 11573
5450
4265 10402 2058 8111 19136
19145 16760 17471 2373 6814
14425 7136 19759 19418 2931 14118 8109
10962 10706 6675 1982 8404
16330 19136 6771 7654 6812
17683 12276 1971
15169 11542 10317 10450 10219 10519
9926 6787 1643 5910 4360 6193 17816
19086 14196 11542 7576 579 14196
2618 19086 14196 2373 19418 15787 7337
11884 4144
5841 19159 7698 1982 11599
10219 11352
17608 2754 15398 8791 683 15594 13669
7201 6201
18210 5088
10143 10519 10229 11542
8111
15797 6677 19488 6646 1173 5803
17593 14106
5065 16665 3121 1748 1972 12906 19065 17502 16760 7894 19749 19066 17536 12865 6431 9361 15827 1555 12707 14063 6278 3663 16197 3303 17654 6675 8116 17816 10709 7233
6771 12716 12395 5182 12221 15594 11770 947 3005 1371 16760
10350 4557 13233 16204 126 6771 14425 644 18502 7233 12730 10414 10700 18716 6675 9097
920 10317 14434 4021 14058 156 6771 1308 6679 11080 952 13499 4661 14929 4830 16311
10537 16760 16760 6652 9177 15447 17647
11542 492 2754 4850 17479 2754 8111 15046
19418 8309 18438 6679 11094 11606 5646 4120
19418 10473 6675 922
19418 10142 16870 12838
934 19418 17415 9850 7446 5657 13028
19418 8309 18438 10958 1643 14360
458 10537 17683 4860
2754 16595 8111 10142 458 12748
8382 15247 16881 7694 10519 11542 11203
8111 15046 11542 4684
17816 6631 11542
13191 14351 14569
19138 10804 17830 6193 17816 19136 7526 5970 6348 6852 17816 19138 14077 11606 10537 5985
5851 14887 3466 10317 7680 923 3095
952 14196 7233 15410 10700 19136 2754 6348
15886 2272 5969 10519 11573 12748 14984 2279
11542 9815 2812 9277 6026 17816
1965 25 11292 10278 7585 24
7747 11542 14201 7576 11028 3344 15401 7747 13529 7698 14064 4619 7585 3044
11542 17310 13529 2007 9469 15594 441 5517 17992 17471 6675 10317 7526 14096 17127 2468 9351 17680 10706 9872 11055 10537 5624 5604 7576 11542 9756 7526 5856 7822 13364 12276 17816 6632 9872 16061 15577 17830
299 10318 17628 16054 1540
5445 19749 12865 10517 10468 14882 12487 1013 8072 5023 15947
18273 11542 579 16461 9850 2320 19187 6677 429 3813 1013 3616 4486 4022 16889 17816 12727 8116 1013 6174 19442 8255 12290 19086
6338 10402 2058 346 16760 19488 13593 1013 763 3307
16760 3396 1013 18270 13235 10706 429 14255 17501 11562
11203 7526 2310 223 6339 17210 3047 10414 1013 14360 4684 5098 346 12030 8103
1366 5445 1013 9850 13593 16364
1000 5445
1000 9437
9296 10480 10278 17474 8382 15247 331 18548 16612 16371 19583 9332 8703 12620 5520 10537
10546 12888 19749 568 4232 18210 5862 18005 6119 10684 3068 19379 1889 8116 18438
316
14318 17466 11542 7530 7579 15584 5520 5841 10450 10219 5349 2884 11542
6771 7698 11453 14196 19136 11542 922 5969 17628 6771 13241 11542 14318 1115 16490 14519 16825 7698 11542 19136 6852 14666 10233 9926 8648
11542 12906 19065 11542 67 19725 12240 17471 11728 3095
9362 12929 11093 9468
11401 3188 1505
2096 1506 4578
16870 7218 19723 8382 15247 18303 15492 15103 12774 8309
9350 3095 14118 19583
3095 6519 10537 15103 6852 11045
18156 14595 6679 10129 11606 2013 3821
5181 2721 5223 5181
11542 11096
6804 10746 10142 4041 11093 8838
8396 14196 11542 12743 17474
6554 14878 13152 568 11542
1965 17679 11542 16760 10350
16760 15798 3095 15873 12748 6179 952 4821
9658 8382 15247 5023 7216 6852 19723 19488 7233
7747 17108 5954 17416 4549 10064 11133 7233 12774 15103 6685 10537 15103 6397 10537 17720 10550 4191
5910 15103 3095 6685 10537 4549 10064 15103 10171 3544 3095 1843 4821 7694 17016
6533 17939 5298 11450 18126 4619 10406
5910 11542 15103 12774 2730 3097 8629 10171 11904
17816 3095 6680 10317 9097
12906 19065 7822 15319 588 9029 7550 1520 15329 5075 16665 3121
10900 2527 5973 6670 1465 4828 16760 17471 3630 17544
13154 10450 10219 10684 16760 5498 1497 6392 19407 14733 5856 19017 15949
5841 19159 16583 2817 11542 2481 10402 13142 15409 14476
14306 18156 8116 10700 15496 10289 8116 10229 19426 2430 17285 10358
12906 19065 5451 4421 16760
17830 17720 10402 4281 3379
6646 920 6027 18666
10123 568 4737 4013 12888 9279 11619 5046 3082
5943 16760 6174 17718 1000 8382 15247 11573 18731 4396 17414
16371 4250 5841 19159 15630 8320 19418 13588 952 14417 8150 13372
6174 3518 8243 19418 6675 17429 7109 13115 947 19136 19365 6771 18438 10999
7698 19145 16094 12725 11606 6771 13739 16852 5851 14584 1497 15911 6198 2754 8795 16260 6771 16075 11588 11961 10223 3691 13191
1833 11542 2762
11573 10644 1306 8382 15247 17628 7585 6677 9756 1120 7860 17466 6939 7111
16261 10317 3612 2184 11247 8863 3082 6936 12276 1264 3628 3630 17889 331 568 10317 5812 19159 12906 19065 9871
11542 2814 1497 19418 1848 17474 332 10408 10472 1620 19725 11542 14351 13147
2481 1620 8382 15247 14896 1860 7236
6201 11291 7616 16701 9802 18427 16760 5767 17813 5910
11670 19136 6549 7496 9871
3150
429 10539 11542 3082 1372 12177
4557 7228 3095 17122 19653 16266 11542 11099 8382
7526 6906 1505 8296 7526 11670 18040
12276 1965 7233 15751 10171 922 8382 15247 15398 16299 6906 11099 8382 13360 19654
11858 7526 9926 7228
1961 14139 17989 11542 4684 14196 19145 8382 15247
934 15800 10804 18316 12865 19418 11044 8382 15247 923 1205 14894 10549
7698 19136
7747 11542 10472 17816 11858 19138 17816 7526 14729 2961 7233 9815 17501 7822 11542
17720 11573 2317 3189 8382 15247 17630 16299 11542 19603 17816
18303 19226 771 12061 4619 19136
8784 16299 18121 9802 1266
12053 16760 1835 13037 568 9029 17316 2422 565 3220 19365 11542 18376 1833
7663 9931 15368 1965 19568 4850 10903 19136 7696 19566 10317
19138 11542 213 17830 6562 1909 6198 19136 10151 18290
12593
15033 10450 10219 2474 6451 11232 524 11542 10644 12276 6632
3095 16601 8382 15247 7680 11093 8231 9468 5927 19065
14106 2272 12337 1748 19138
10450 10219 6540 19087 15398 13793 3068 3724 13538 12290 10746 7526 3095 19488 12523
14588 2912 6249
16317 14148 10700 16258 19136 6771 16760
13591 16760 10350
14063 3097 3068 18499 5626 6771 9756 5910 6174 6362
6904 1630 17858 13241
311 12
11537 19418 6246 13455 19324 7698 1643
6771 16368 12865 5016 10247 2125 10804 5016 4656 5851 1372 17889 5520 11093 8838 15594 441
12882 6587
527 6026 2912 6925 16595 6826 10317 6787 11770 2717 7506 7898 1456 6675 10684 3082
19138 13036 15577 17830 16701 2183 1568 17086 6201 3296 16317
16856 688 6198 19136 6771 14118 13234 18213 8259
24
7824 11542 6183 15410
14352 3095 10804 10247
934 14196 3122 2272
527 17552
12717 5971 10537 16760 5841 10451 3082
10317 9468 17987
12276 11573 19426 14690
11542 10706 14619 12865 1306
11542 6183 7586 24 8028 17731 6174 6927 2754 18893 13842 11802 19573 19365
11542 19418 13793 5856 6193 19164 12304 6756 4412 5461
11542 1989 972 14355 17474
15398 10471 19065 11542 6362 6201
920 10450 10219 14111 4982 3095
14196 11542 1165 6680 10317 10471 19065 15827
934 14196 17865 17474
11542 968 13321 5016 18316 1965 7233 1757 17467 13593
17865 8250 934 7319
6451 11231 10450 10219 5841 19159 10644 972 12888
11203 6812 11542 5450 10961 3158
6183 15911 19138 11542 1874 18438 12234
19618
11542 7822
17023 1171 568 575 7822
16744 17686 11542 10317 2183 1568 7822 11542
6478 6224 19568 2754 6361 972 11542
9926 930 10062 14201 19136 19138 19737 8784 11340
930 19138 10519 11573 3422 7496 934 7698 12276 5016 19164 6198 2754 14352 19418 9198 10519 12865 10706 6258
579 3679 12429 9756 14139 7822
11542 19603 19145
947 15409 17467 11542 2754 934 19138 18792 12865
16318 14139 13884
934 11542 7587 7822 16755 10414 3082 2612 10804 5016 5856 15062 8109 4228
5856 2754 5649 7023 3082 1891 15174
11542 4001 2272
14106 934 13332 3648 2272
16462 458 10537 17683 4860 2754 10700 9926 4860
2754 18227
16462 16258 5803 17889
19145 11542 19647
14139 16760 10537 460 7235
12516 1643 17680 8102 6814
7822 11127
2754 14352 3097 1465 18228 6872
10519 13234 15221 11542 10519 7319 10402 17680 10317 10709 18716 12242 12865 14416 8928 10700 11365 17352 15787 10537 16258
6451 11231 7822 19749 565 17122 15401 10519 5841 19159 1849 12276 3187 568 16975 661
10482 7129 15401 10450 10219 11934
12906 19065 2730 14201 7228 14651 19145 16384 12058
10335 9929 2272 10163 1909 16568 9361 9836 18268 13298 8382 15247 16199 10317 10804 17865
8643 6771 13502 17968 13718 6815 13110 1009 1120 2612 11317
14359 1687 7233 6359 9324 10684 16766 2818 8860
14360 4139 6249 16317 8310 14096 13641 6232 16204 14120 4890 15448 12707 16204 6198 9468
19164 10278 3054 6771 12276 19418 10155 3930 16197 4624
5520 844 4823 11542 6399 13706 3862 17471 15827 9836 19065
17137 10450 10220 12888 15794 10519 12740 15914 12888
6771 934 15791 5841 19159 10402 16291 8150 13372
6451 11231 6249 565 4684 6770 14878 12774
14106 2272 11542 7698 2272 13529 4488 7698
15800 17474 10804 15385 10804 8129 17889 16692 17889 6812 8382 15247 9699
11542 12276 6632 4862 7586 12
10644 6675 5016 19145 2724 19164
19136 5098
429 10539 6771 16380 527 11657 6174 17830 3296
16683 3121 2818 16443 2272 3082 10668 6451 10450 7585 6258 12889 4860 10698 4250
5841 7587 16852 12888 15103 2754 17499 14139 18443 3068 8643 16868 2058 1000 454
19597 6451 8413 7570 2754 6954 16253 17925 11409 12032 6198 16402
934 7822 12889 10650 19357 11917 5291 9650 15891
19749 2912 18213 8243 6771 14139 7822
10519 8714 5850 8544 6201 11808 934 6249 16317 1620
11542 6852 15407 10317 11203 9756 1120 11542 7894 8382 15247 9850 5445
16278 16596 17720 13918 13730 6520
10142 6677 16238 3095
16596 10402 5237 12804 11606 1474
11542 19278 9276 11542 7898 5456
9255 15217 6750 10603 5591 16596 15983 12794
7136 19729
13918 17939 5110 3363
10578 10473 15984
7698 9633 3068 2585 7136 14139 2857 3095
2082
12865 10999 15170 3095 15410 17680 10063 14139 15911 11133 11863 7233
8396 14196 11542
14106 12050 12906 19065 16665 3121 10539 6193 15505 13941 15227 19145 6771
19595 10406 6337 12050 7592 15170 13170 17137
6771 16973 11044 6241 6337
6852 16317 12886 15430
5193 3097 3831 5856 17771
11657 16881 799 11657 16317 17102 19573 6771 11657 9067 636 3220 16271 6693 18213 14282 3097 3068
15378 5971 15337 525 568
13319 8542 1593 19749 664 12221 19737 14360 7236 14351 14125
17692 6675 12125 11096 14569 10450 10219 565 11670 11096 7827 13154 3095
3076 18202 17471 16486 4862 7822 13407 13320 3095 6556
12906 19065 6249 3630 751 6771 4573 10804 15949 17474 6464 17816 10278 8382 15247
19749 17316 568 10700 6771 14118 18122 19136
6026 2912 6554 9633 10709 3082 14118
5841 19159 18376 7698 13159 14878
6451 11231 15714 12242 2521 5841 19160 3068
10450 10219 13139 14878 19065 18213 2172 565
5988 2912 11952 15319 568 7941 527 1565
11072 15319 568 7941 19006 2912 19442 1965 5988 1563
18731 13459 2279 11542 589 17816 2183 1568 10903
6852 15169 18043 6771 17163 1120 7481 3631 11542 10402 13191 11606 3152
16261 5803 6027 3095 5267 3068 10450 10219 2481 10278 17060
5841 19159 2474 15103 12632 15319 14359 11606 1907 12050
2912 7822 3068 4944 10451 16760 12717 8149
490 19583 8382 15247 13502 16546 17526 6771 7773 9024 14748 8243 13378 3396
17122 1848 4384 3346 18867 16760 7235 8396 14196 1171 14419 18142 3188
12906 19065 12276 17816 6631 11573
14106 2272 19138 11542 429 10539
14106 2272 6693 3847 3095 10684 3068
6852 17816 19138 11542 10317 11045 12240 7228
11606 3082 12933 8310 6675 3845
10537 19164 6771 15771 19164 2272 19656 18729 10239 1118 12929
8240 10804 12865 15170 11542 4573 15541 17952 9178 19164
17683 2902
15398 3095 3082 14100 15949 19164 17683
15073 8396 14196 11542 1171 6198
11542 13529 7698 12936 2272 1982 17939 8928 17680
16465
6236 1909 2272 15935 7526 13468 2377 10156 17502 6520 831 19089 7526 1620 17889
11573 11858 8106 13235 2272 3095 15935 14139 7747 923 8928
6201 6533 11542 9756 10402 17680 9756 10317
14106 2272 7299 13588 9756 10317 14318 2272 11542 588
13831 7491 19164 16760 17899 429 6554
1073 17816 15337 18213 8941
429 8784 15577 6484 10895 8928 8450
5075 3239 17499 16261 3939 14082 15735 16914 10706 16760 972
14139 8111 19138 6174 17720 3158 11542 3774
14139 14139 19659
17593 16665 3121
1120 1833 17136 10644 11542 6174 1982 972 16317
2007 16125 6540
10317 11542 579 17502 10804 16755 11487 18155 17499 18716 19725 1370 12882 3220
429 649 11542
3925 1965 11127 11858 1356
6183 10233 1165 3047
12906 19065 10644 17683 10278 19365 12943
10958 972 10278 10151 12865 1306 10537
2832 3615 2754 1366
17683 12906 19065 6183 6675 10317 12276 18443 19418 6812 8570
12906 8116 10278 18213 934 10278 2754 9027 10405 11407
14416 10402 11409 10278 19418 11606 972
12906 19065 7822 11542 5851 19749 17479 6119 7680 17467 5445
19723 327 6852 19138 6771 14201 17468 7228
7747 8524 15247 18893 15942 14064 19733 4619 19136
6771 10519 3848 3082 6771
15407 10317 7680 17468 5445 6505
5917 934 7822 14421 5917 3346 123 2436 3445 6174 1982 10804 13951 9097 10056 19568 10684 3068 6771
17474 14196 6771 14139 3849 18894
9756 19138 11542 5841 19159 1929 3068 8150 13372
15410 11542 11538 17683 7822 11542
14118 10278 12460 12865 15441 17816 12799 10402 1474 19065 16258 9360
12774 15103 10317
11133 3095 9396 3095 7526 19583
5910 8941 8784 4737 11542 12486 7698 12714 2754 14139 10700 6675 6348 7526 10537 12429 10700 12429 6675 10537
19088 15398 11542 9756 3044 15398 17881
744 6693 3690 19647 14666 6852 17816 6183 17683 1833 13391 11542 7822 527 7822 15337 7822 16760 17501
18716 13997 348 19418 10317 18109 1620 17816 19418 2479 10804 6679 1620
15073 1909 11542 2754 1230 1171
7822 527 10539 10482 7129 15398 19573 7343 5841 19159
8309 14196 11542 6198 6174 2677 3044 17122 19418
7826 16344
19618
9926 15170
10804 6787 2754 11537 12276
7696 10700 15755 9756 18201 4853 17680 5954 6677 9181 9756 16266 17680 11807 3370
9756 7654 15398 6771 6348 16261 9181
6771 2819 19365 16388 5856 568 17552
12276 1965 6787 6183 15410 2730 9756 467 2754 8863 10804 12865 8240
7588 6417 4250 10450 10219 17720 7442 16899 12888 17471 13110 19583
9756 15398 968 13389 12888
13941 10318 6771 9279 8643 7136 7654 2058 10472
14139 10318 18295 5910 17718 10644 19603 19145 19365 19164
19145 18043 6339 10303 8249 6771 2612 17474 16776
8643 579 3922 11093 8838 15594 441 5520 844 17136 10700 6771 10519 9279
9279 12725 6771 13588 19138 5910
6174 17718 5971 6771 12695 6685 1370 19328 19145 10961 9279 12242 18894 1982 19750 12865 2754 14352 17680 7654 10278 12725 6771
10539 11795 6201 11542 5841 13154 1000 11542 2756 8806 5615 7822 9633 10503 18730 454
2916 12882 13191 7822
17718 12936 14106 2272 4150 15073 7023 2272 6562 2754 14165 14106 13941 1620 14118 9467 7529 3425 5910 6906 16299 10706 8116 7022 5910 14139 15406 3422 10317 10223 13191 5910
12485 10539 18162 6804 19138 7822 9633 5075 568 6174 1520 2272
9756 19138 11542 6852 17816
6852 17720 10481 10317 3378 8382 15247 11542
4144 18288 11796 13152 17479 14063 18605
16701 8382 15247 12276 11884 3725
3947 19136 3095 13154 10450 10219 16870 6812 7233
934 17720 15878 7977 8077 4684 7233 6174 18721 10485
6562 15409 10317 8169
5841 19159 5539 1870 3095 16760 2644 12740 3834 15385 10611 19548 2474 11127 11316 17479
4265 10151 213 17830 17771 7799 6301 17882 3922 8542 8707 5851 3848
7586 24 19353 3183 17310 6852 13110
5743 19164 11542 9027 14196 6198
9756 15410 7698 11542 9926 10062
7526 8215
8899 15339 5445 9199 12050
11542 6661 17742 10684 17466 3082 12381 17466 11542
3095 3068 14425 19749 10740 12381 12865 120 934 6661 17742 10684 3082 17479
16271 12425 11542 4022
16371 11096 3597 5739 12264 13159 7698 11657
10417 14921 14952 8339 10700 18895 5969 11542 1982
15046 17679 11542 6515 18690 6448 451
16701 9097
12276 1965 11573 6183 19138 10278
527 11542 16934
12276 6631 12725 11542 11657
11542 6562 12276 1965 16318 11542 6183 10644
952 17720 10450 10219 6405 565 14097 19365 11863 10245 7491 11542
5841 19159 12276 575 18508 18314 2912 13317 8335 7795 527 11863 14291 6771 3719 7086 6174 711 8150 13372 7176
19138 6771 15577 17830 10482 6923 8111 15170 12276 6312
6201 19654 3296 13617 527 11542 12276 9871
8355 19136 6771 6852 17816 19418 7654 8450 12276 6631 6787 17816
9953 6026 4262
11542 6249 13191
19145 14106 2272 14139 6675 3082
10317 16669 1620 5628 348
11542 14139 11812 7526 277
14196 10241 327 19723 12240 9850 19136 2007
14106 2272 3165 11542 10519
19136 19418 2479 17435 18217 19418 10519 11863 6631 16271
14196 19145 11542 6852 2754 3679 11542 2272 14111
3017 11670 19136
9800 11247 16889 11542 147
6852 19087 15398 11542 10450 10219 13154 10684 3068 14133 972 11542
568 7822 9633 13159 11542
17683 10450 10220 1965 11542 6183
5841 19159 14139 7698 3068 6874
9279 11542 17474 4048 8116 10278
10537 15584 3132 920 6201 9282 17467 12059
5910 14139 11588 10644 4360
1965 11542 6183 15410 11542 3391 533 4684 19603 15401
16595 5917 12906 19065 18213 2814 5922 14125
6771 9211 1843 12276 6636 19418 952 14400
934 14106 2272 6771 1748 1306 2754 8543 15170 6026 2912 13152 12725 6984 19164
7822 17679 6771 934 10746 1204 8938 19393 1497 1171 2754 14352 10151 12276 1273 6771
18213 3344 6771 3346 401 15901 14125 13191 19737 4232 5851 11077 14584 18894
12276 18338 6631 6787 10537 10684 3082 4944 11542 19365
11858 7526 5985
947 11542 3719 4152 2272 1311 975 2912 5068 6201
11670 639 6852 17816 19138 17435 17771 6026 6771 17122 14694 15577 17830 18268 7654 6675 7698 11542
3378 6198 7529 19086 5917 6198 11311 5910 17679 5743 5917 12276 6631 12725 11542 14196 11542 1171 9277 19365 12234 17474 2961 17310 10937 16267 14126
7147 16701 8382 15247
14139 19087 15398 11542
6804 7747 1306 15170 12276 11863 6632
16868 7236 6515 4823 10317 3095
9756 6675 11542 9756 14355
4265 14588 11904 9756 8452
16760 7218 13593 7233
6804 6815 1008 18692
6804 6876 6677 883 14139 2481 3095 10278
9756 6693 3847
11203 9756 429 10539 11542
19418 12276 7654 8450 2279 11316 18013 9005
16856 14196 11542
9756
14139 13856 19568 7927
6202 12884
10278
14118 10278 14129
8111 11542 6804 15800
12560 7822 11542
18213 15830 10804 18727 17683 8382 3344 6771 4291
252 12
14139
14051 6771 5897 11606 10317 7899 16197 11463 5038 11795 6193 12276 18716 6464 13235 10414
10396 6675 7698 11542 19418 10155 5851 8382
19547 2912 6174 1982 16317
16665 3121 5075 12976 9633 2480 19547 2272 2007 15319 1013 10480 7129 11573 7343
7654 14449 11542 12058 5098
10714 18731 19136 11573 10317 4512 9917 13072 6397 19138 17881 920 4265 5910 3095 9856 15435 10626 12276 7979 18731
9756 11542 9756 16471 11606 14139 8578 3095 5005 9926 8106 17813 5910 10278
14139 19086 9926 8106 11542 11606 10644 8871 486 9756 14059 11542
9756 19086 12865 9926 17989 11542 5927 4573 19145 16258 10537 10537 16258 5803 15800 12865 7654 6533 7698 3095 15033 1505 11401 1965 7228 3660 17016
6812 16258 12886 6872 6201 7680 7822 7654 1568 17957 1180 19725 5508 6448
10450 10219 14139 15800 15033 7822 565 6198 5803
19136 11542 6119 8382 15247
