401
1877
4144 10204
9756 14740 10472 19488 1173 10700 18894 9277 19488 13565 2961
10684 13718 5552 10402 7576 6174 6612 4009 10233 922 8491
7977 10554 19578 11264 13524 10317 12671 18882 2377 7393 13327 15799 8106
7977 12325 15800 10941 6478 9756 14998 14588 16627 11314 2754 9756 10155
10472 12707 11542 9756 16601 4232 19365 5016 14359 10548 10171 1893 15319
16299 11465 11542 18228 13316
19287 19583 11588 18005
9756 1583
19601 11542 6183 19138 17816 19133 934 11416 19133
11606 17325 10223 533
16278 533 16601 6218 11542 6829
5917 19235
17683 7526 12865 17686 7680 8102 19365 11542 2317 6518 1370 9815 10482 13002
12936 17683 11542 13856 3291 14139 7761 1498 1474
15409 14748 15401 6852 11542 1643 17683 6193 11877 11542 13606 19418 18266 19601
12337
1200 6771 19399 17010 13941 5818 295 11292 13861 16261 9135 17816 7134 11432 13333 1194 6629 19086 3180 6939 19136 2464 9680 16261 19086 7698 6771 16204 7694 10640 17152 7496 19136 1788 14964
3220 19136 8718 7393 2935 6836 40 19723 12240 7576 6629 15557 6836 8064 12620 8229 2639 19418 10151 5236 13046 2571 19656 18258
11 6771 19145 12707 11858 14106 2279 2317 10999 17536 12865 14118 6771 4388 18721 10040 12386
7136 11542 9986 8928 17679 533
10056 264 11292 11542 533
17413 6771 16547 18537 4945 12735
605 4886 12865 6771 7252 13124
4884 6193 6177 14139 18515 14252 4248 6771
18966 5711 10056 15387 533 11884
18438 533 213 9255 6771 15633
14059 6771 1748 2342
12716 17733 8476 4881 16111
12937 17686
15913
16466 19486 12276 13529 11884 3021 12276 3068 11017 9588 1748 15825 2382 17718 18731 15046 3778 3831
10804 19547 568 12982 11756 5368 9726 6852 8200 13050 19562 18236 10418 11961 11606 11035 15337 15406 2832 404 14776
6174 9815 6518 1370 16069 12596 14426 16186 12327 16146 12596
15409 12707 17742 7146 18166 16367 12178 9756 2272 18268 1306 11035 11573
14106 2272 19043 13443 7148 9204 9790 19418 17124 1825 16174 8325 15688 7052 7707 16650 19418
7530 14114 19715 11939 19647
10577 7654 11380 12707 146
8592
277 14064
9627 13730 524
12276 1965 19582 14139 15173 11606 4429 12290 3017 1982 19599
6911 18981 5850
10317 5347 6174 11606 6771
17277 820 10480 1788 14964 146 14653 149 14760 17311 17499
19138 8718 7393 2935 6836 10056 11904 2730 6750 15217 3413 1275 17720 15410 10999 6225 10317 15217
14989 9871 13117
11542 18508 5439 12600 6872 17742 11573 10709 6174 5347 17178 1989 2317 19138 10519 11
277 16395 7822 6658
16760 9279
6852 17720 7698 11858 7529 7680
11542 2754 16069 2317 2902
8116 16627 1560 19138 4547
8503 11858 18227 988 17287 6787 10317 1788 14964 146
1000 11465 6182 7529 19164
1468 4278
2335 19145 8718 7393 146 18564 10317 17317 6437 2770 18314 6787
19136 12396 9213
8503 1176
15639 4055 12392 3288 18227 12730
8309 6675 5098
10889 4385 1788 14964 146
16852 16729 16729 17680 8102 1788 14964
10317 2234 17008 3471 17631 1788 14964 5910
18849 7797 2754 19136 19488 6677 12192
2902 8718 7393 11858 10644

2935 6836 6494 2479 4239 7299 6852 1788 14964 11542
15375 12276 13529 9769 3630 523 10686 18183 14322 12212 2381 15521 2309
9588 10102 2814 6852 8718 7393 6816 574 18123 17726 12154 14774
17113 19418 19136 17690 9204 18303 12725 9756 15398 2382 18268 8574 4243 19418 10700 13617 6245 2691 4055 9633
429 8589 11542
19322 6753 4578
18932 12716 13191 10350 7022
13286 10644 11542
17679 8941 11542 10743 16627 1560 19365 17679
5971 6852 14776 2935 6836 11858
6852 262 11292 11542 2228 67 11292 15542
7849 19199 19046 16261 1173 8102
11807 2381 14264 4684 10256 8321 19132
14588 11542 11606 1982 11877 146 9205 7022 17017 9756 13235 3946 19145 6787
8718 7393 2935 6836 6128 9756 13112 17690 11542 15540 19315 3612
19365 10519 11017 9756 10519 16964 13193 14553 11573 12318 5917
930 9926 15334 11542 17008 3470 10709 12968 13588 17939 15910 3317 6675 2272 17939 2159 7734 17926 10963 1643 11537 7915
12058 9756 8578 15331 17690 11542 17690 2272 9173 6335 11542 19164
8570 17690 11542 19418 9174 7739 9756 10317 2272 14139 8570 19418 7526 13954 14064 12725 11 146 15911 16456 8028 15331 17690 11542 15542 8578 7680 8111 2746
13829 17865 1748 311
344 15284 7586 8871
12897 9983 10612 18481 11542 15410
7136 18729 6592 7129 14428
8751 11542 7680
15169 6852 8718 7393 7585 294
7927 6338
527 7698 11542 15407 5431 10517 9276 13918
16371 5711 7698 15161 13283 16760 10350
17683 4290 10151 7698 11542 17985 14588 19583
10804 4166 15073
2317 5023 7526 9277
11573 10317 13665 19138
17683 16569 17946
5098
11542 10644 11416 13638
6852 12276 10644 12740 1909 10700 7698 11542 14148 12865 579 19278 15398 15375 11542
18508 16760 14063 2317 15886 6852 11542
11606 8106 17683 11542 7680 16595 14139 14644 16760 9756 5910 11186 15217
18210 12620 6437 4506 8542 14100 19164 10317 6198 15175 7698 17683 879
16856 14196 7654 15398 17608 19043 10056 12276 8570 15331
17122 9926 7680 5910 12318 5917 11542 7022 16864 6193 2272 11542 1879 11190 13195 15217
7698 11542 19136 10121 739 2396 2790 8028 16395
11542 7585 8503 1120 15771 11416
5910 5248 11190
11542 5927 10156 19549 11877 11542 19418 18266 13831 13638 11542 10704
11542 9756 12707 146 277 11573 16278 3597 17608 11792
13220 9588 1575
19086 10155 17608 19549 8106 11877
19136 12276
579 6685 1370 1560 19549 11334 8028 11542 969 277 11245
4022 12725 13443
12865 19086 17154 19545 6209
11542 6675 15179
15179 7526 7654 1120 11542 1107 14810
9756 10317 2437 1643
16266 1965 9756 5910 11542 11537
9756 8863 19599 11542 8727 7387 2935 6836 10472 2317 13191 11710 16760
19131 17816 11416
14139 10485 11606 11416 16410 10709 11542 3833 11542 10804 12865 16596 10157 17608 11190 11542
9756 8863 19599 11542 8727 7387 2935 6836 10472 2317 13191 11710 16760
19131 17816 11416
14139 10485 11606 11416 16410 10709 11542 3833 11542 10804 12865 16596 10157 17608 11190 11542
7698 11542
7529 327
146 1540 8871 14064 11858 9926
4973 19656 10961
40 19723 12250 16760 9871 3974 530 10700 6675 10317 19145 12276 18278 15800 16257 10746 8675 2570 934 10556 13617 18773
19131 17816
4144 11542 19418 8184 17924 11416 6198 9400 10709 19418 14173 1474 473 18261 4684 7680 8524 2007 13583 1563 15369 6255 10961 14087
2754 14669 17683 15241 6771 1173 6174 14429 1241 16299 3292 10903
16885 13139 6365 10706 15496 14748
14106 213 2279 6852 11542 7698 17816 14946 10519 2272 11542 11542 1965
8578 10056 11542 19418 10519 1982 11542
19164 17683 14619 11542 9756 11203 7526 14748 10317 15073 17679 2272 13856 11542
17816 15170 2272 19164 1982 11542 19418 6183
16298 12865 16627 8524 14106 2272 15161 11416
213 12 7585 11542
12226 19733 6174 4445 8111 11542
6498 6852 2305 8240 7698 14671
10383
9756 18739 5496
13283 10794 1788 14963
12231 6787 7654
3774 13941 7698 6494 11313 4741 16760
19043 11332 246 9206
1203 11807 1120 294 10358 17584 13235 6927 6771
17113 16595 1368 6836 15950 1327 261
10961 6417 7136 11802 9002 16760
934 10480 13023 2359 15954 14260 2699 16910 9003 6771
6816 6557 10151 18227 12116 1757 10104 13022 6141
6852 16595 15173 17720 6852 11542 17978 14774 9553 11542 2721 1788 14964
13191 9850 3240 9856
5014 18303 8718 7393 17978 8503 7308 11542 1788 14964
15398 1173 5016 206 6771 6852
6675 1643 19399 12618 11542 17795 5969 11542
15398 2007 8751 6273 6787
934 14106 2279 577 6484 9213 6557 14111 2279 15550 13841
17720 6852 11542 11035 19131 11416 15401 206
4101 7680 11542 17608 1982 16630 8524 10961 14453 5405 3612
7588 34 7585 19787 1708 7654 10556
8718 7393 7822
2935 6836 10903
9588 10102 2474 9790 9694 8743 7822 12839
6771 10040 8956 13437 10223 15631 2754 15221 5247 40
934 17926 10537 18143 7822
605 12989 15607 8483 13221 8269 7822 16766 7698
7393 13319 533 13801
8643 2836 11606 10223 17737 6852 6771 9790 8079 3587
1643 16889 2754 17683 15911 6771 7822 15922 5549 11407
11863 18147 9279 6119 6833 9644 1864
6771 7822 11678
17982 18438 12865 7585 11542 8382 14059
2317 11542 6183 19138 19723
9926 11542 18228 6397 10519 9185 3981 10537 7235 19302
12157 10151 7654 17737 10142 10228 7654 17608 7299
6852 8626 17982 10700 6675 1370
7387 16596 11
67 8626 10056 10317 190 11292
10519 16792 12929 19194 16792 3434 6812 1838
19215 5478 13529 17718
7585 11542 146 13241 9213 11 574 13154 7698 14878 10151 6398 5850 13529 17718 13529
17720 12396 8718 7393 16853 2141 206 11542
12396 7822 11542 16760 1982 9234
10473 18165 7698 5985 16567 11573 5075 7179 10099 8718 7393 2935 6836 2902 13235
10317 8476 11573 11573 15406 10317 18278 6063
2935 6836 1583 143 8028 7023 19179 14626 11254 14129 18278 17159 17631
6826 7407 5917
16466 1498 18123
18227 12601 1612 5761 507
1965 16777 2754 3597
11542 15638 11420 13120 15895
12204 10402 7220 3680 12396 299
14201 260
7472 13779 7530 5553
15542 327 12
14139 19087 10537 11542 14139 5971 6852 6771
2935 6836 6836
6693 16069 11542 7747 16267 9279 15012 10317 214 11292
5917 17549 5075 19648 1356
18210 1340 579 2847 19573 13856 11416
14118 16760 11542 10317 18078 6766 11542 6852 17690 11542
9986 16951 10278
17683 11542 10519 13364 7822 11542 14984
8643 17683 527 7698 4107 7822
12504 17683 19131 11416
6771
18347
6540 6852 6771 15034
10317 15983
5432 6771 6533
14133 6771 14894 2598
15542
19733 11863 5075 11010 15631 2727 9871 8955 11542 11606
19601 11542 6183 15410 16701 7412 12619 9850 11542 5283 18386 914 6631 11542 6750 3445
12058 11542 17946 191
19737 181 16701 2935 6836 14139 10911 12276 1965 6787 6183

9588 10102 12157 1965 17679 8718 7393 7176 12819 2935 6836
10804 17110 12490 934 9005 5793 1703 12986 15607 8482 9694 8743 19562 8143 6141
6174 19365 7393 16595 7654 7822 533 15221 19418 10700 9738 15371
7526 7393 12226 2373
19418 10700 15731 9738 15371 1013 6141
10537 11542 10519 13289 6939 14139 6927 11542 6255 10961 7529 7529 351 9588 10102 533 15221 8718 7393 15631 2727 2058
2272 8718 7393 13784 157 6771 14371 163
15800 16286 16204
947 8935 12032 15887 9553 6771 1788 14964 8827 14371 153 6879 19725
6771 16882 9844 6286 18173 19049 8220
15430 10278 4578 7387 12276 17159 11961
12276 14173 1629 7034 5488 10032 12276 19191 17152 4951
15950 8627 9114 4557 4489 19814 1553 12376 6371 11806
901 10644 4578 7026 16096 17173
13538 9088 5982 6368
5939 3004 1081 9181 18716 17673 3322 10112 12933 17152 19428
8718 7393 11606 3724 8643 8935 4794 10804 15887
6852 10233 15170 10317 9588 10102
17683 1833
15409 10317 9828 2671 15557
8643 11858 18448 3240 13152 9836 7849 16602 5247 16603 19583
2754 17165 5108 17680 1366 15398 15319 11573 9465 2320 16603 19583 16602 10278 19737 16257 7849 291 19230 11826 52 13379
10317 8718 7393 18174 12 13379 1568 18314 2912 11877 2007 17466 8464 11406
14139 5098
11542 14139 10472 203 533 16601 63
14139 16041 6804 16595 6804 6685 1370 5910
13492 11877 12276
5917 4424 14139 8152 9756 11190 16760
14139 15410 1120 11542 17608 10519 1982 3220
14139 19549 7529 327
252
6335 10519 13780 11542 7529 14139 8111 11542
6335 6852 12276 9756 2007 14405 1788 14963 7654 7698 15521
16760 13941 4022 9756 10317 3902 6826
17946 252 12 14196 2007 3298
11542 15771 2734 1072 14139 11884 4640 920
5971 11542
14106 2279 10472 17816 771
8167 9790
2279 10318 7375
15375 2272 6693 9756 18228 9800 8751 6852 2272
11807 15375 8718 7393
19278 5016 19164
1176 17720 10102 10317
12030 6545 4107 10443 7698
1540 11542 9815 6007
9255 5851 14733 1982 7526
14148 6631 1909 9790 4940 11606 11542 3068
16462 19107 5927 7654 8718 7393
15800 19418 10233 2796 4665 10937 10804 17830 7529 9922
10537 14359 12839
952 6631 4946 3068
16462 19107 10537 11863 605 3068 6833 6859 15409 10317 5934 18273 7698 7977
533 12605 11542 10519 8243
14139 10537 11542
14106 6852 4138 12617 2272 9756 15398 1520 11203 7654 6852 16760 5916
11858 8558 13918 8116 2935 6836
5916 12616 18269 579 14444 9276 14111
6771 17720 6501 2100 18082
11606 10317 2916 10486 19164 6775 3567 4107 6201
11807 1982 16978 2272 19656 3676 6812 6771 6431 5199
19138 9756 15398 16760 10406 533 14674
15837 12023 920 11858 5969 5613 6733 15258 6727 10317 15073 2272 5482 14748
15375 11542 8718 7393 15540 6815 9790 19737 1788 6740 17816 6753 18879 7393
6771 16596 5985 13497 13389 6646 14678 9351 10684 8784 6174 17718 13718 14548 10472 17310
14549 10129 10804 13687 2801 14942 11812 2527
10537 18143 9790 18303 2380 11007 6174 17718 1849 16853 16853 18005 5910
2754 5649 7927 4144 19418 8102 11877 6174 15382 14878 3082 6771 13941 12154
15375 8718 7387 1788 10317 19088 14462 16261 16978 11203 14673
8643 9926 11606 2094 2754 15557 11542 7025 2279 16760 10350
12889 7698 16371 5711 4107 6249
7585 11542 252 12 6677 4713 19013 19365 17816
9756 10317 12429 19046 11542 920 19723
10171 3287 18513 6677
11542 16069 17939 10472
3082 17065 16760 5916 424
13332 15837 12035 7698 527 10684 3082
1833 15221 17996 17939 1306 5016 5248 16392 7442
11858 6693 9400 16760 6771
15407 17040 6484 14118 3885
1626 12710 321 8718 7393 5749
18438 11542 7747 327
579 7680 19647 14666 14111 1965 11542 6183 3648 6693 14586 19647 16261
19138 11542 8867 6174 19601 11542 10485 12231 12030 18968 16384
3068 4944 12974 1643 3068 10317 9005 9790
579 6119 9790
12030 16371 12888 9588 10102 15170 10151
14139 11812 19573 527 6401
14139 2317
3082 6174 8900
3612 16760 16267 1907
8675 6540 15268 6554 11573 16760 8718 7393 11858 1205
1176 18217 17057 13332 14671
1540 11542 1540 16760 1540 527
2935 6836 206 11542 15540 16592 2912 13538 11542
10700 15521 13856 10084 5445 533 11365 10700 10903
6771 7291 7822 12889 3082 533 934 11657
5075 11606 1982 9633 13538 12276 6852 6771 934 11606 1982 13191 6174 17706 1120 8718 7393 17816 5016 3082 6348 2754 8309 17304 5933 6596
8718 7393 2935 6836 15521 15557 1708 8382 15911 11961 11877 146 10644 1011 11416 7747 4292 14179 12276
2935 6836 15375 9204 8718 7393 18166 6562 1965 11542 15540 15410 6562
6771 7677 4828 16760 3082 6679 6852 12276 6364 10278 5248
15409 10317 2734 19573 10700 10358 19654 4420 11542 2279 5349 2832 17720
2935 6836 16267 10317 2272 9815 5683 15371 5910 11542 15410 294 17830 15496 164
568 14139 13856 8255 12276 7442 1907 12888 6119 9588 10102 18731 8941
10171 19549 7680 8102 11877 1141 11877 6771 17816 8382 12030 17325 10064 17817 14139 7747 16760
2935 6836 4862 8386 14064 14174 12337
12276 12865 14106 2279 19136 11573 12234 11542
6174 17718 246 17816 19145 17720 11203 14666
12276 11606 1982 6852 12276
1982 16371 710 15407 6010 934 11606 1982 2734 19573 6852 11542 15221 2734 19573 10402 15631 1757 8718 7393 12865 9863
5078 7694 2159 7734 5075 7179 10102 6249 9633 5067
11858 10644 7739 7739 5985 16701 9346
5910 11542 10644 10519 8957 19659 6852 11542 8111
15521 6494 4010 18716 18210 7656
2912 16852 19562 8143 5793 1703 10208 9943 6461 19365 13656 6494 15215
15375 12707 2935 6836 12157 18227 10700 10480 10317 18745 18819 14601
15141 7347 18900 11542 3592 11409 11068 12945 18716 18729 3380 15541 9468 4571 19487 9074 19583 12380 14310 7756 3975 6141
9790 6184 9588 10102 12839 11066 9694 8744 3597 1620 1275 18489 4623 7393 3661
6174 12889 7698 15215 13443 6852 11407
13443 8247 5851 3819 9790 6350 16572 10548 12839
6339 11606 15375 12707 1748 2474 8784
8570 17690 12707 19418 1982
12337 6771 7698 6852 12276
568 10868
9588 10103 12888 6249
1907 9255 10115
14106 2279
19656 6852 12929 9791 12943
11542 4939 16760 12868 1073
11606 13364 6381 5016 12944
6494
19418 13856 2094 5075
1275 15221 5100
10223 6273 6852 11542
12504 13941 5098
4973 13551 9790 18043 10318 11606 12709 5692 577 11542
7442 3044
10406

16261
17172 1904 2058 17992 7526 19365 13191 8718 7393
19365 8784 6026 8685 13957 12234 19145 12865 9850 9856 3597 19737 6198 10550 9790 6631 13270
12707 13591 6183 6812 14930 9926 10102 3068 6812 5743 10315 7136 14930 12839 6833
7680 10699 11542 6680 13240 7393 579 16595 16261 930 15410 14660 16015 6255 9926 19456
4250 7526 1982 18005 5910 17720 12276 1982 6852
8643 16582 18236 14738 13839 19402 1611 1459 10208 9944 7620 6446 17683 13191 4278 17679 11542
15375 9204 8718 7393 18166 14139 2058 10234
1140 14139 7698 11542 14111 14077 14671 8871 16294 5098
6852 8028 11542 11541 14139 16069 17816 7526 533 15221 5910 11542 6680 15012
11542 13588 11808 6417 214 11292 12376 7585 1982 6675 11863 3082 9351 11542
4949 2272 15577 15221 12030 8590 5233
527 11542 934 17939 16660 1620
3082 15406 1907 6771 7526 5985 17816 11542 4939 17110 14882
12504 12234 6562 1965 2272 18508 6685 19164 15755 6337
14139 7698 11542 10317 5910 5917 2058 6174 7526 6812 8103 12839 11067 14139 7698 11542 6927 11858 14106 2272 11537 2007 10233 11542 14139 10233 5707 11542 972 10317 7009 10308 2236 5910 4899 1275 5349 17032 15221 11537 15407 7654 7082 19474 533 15046 4822 15221 6236 16174 2058 7375 7529 19462 13746 9790 6184
9790 6184 7576 6845 18878 319 8718 7393
11858 17720 18146 8718 7394 13896 13902 10700
2801 2167
1965 7228 7375 7526 15541 13591 13507 16174
13523 10548 12839 10706 1497 968 13896 13902 9317
16261 8104 9790 12839 9927
14678 16596 19087 11379 9568 884 11379 9568
9790 19089 15161 12840 10278 16257 12839 19089 15161 18147 19089 15161 9790 10278 13907
15287 14752 13859 14106 2272 12376 1230 11542
15073 2832 12276 2058 3068 10408 5005 10686 14106 2272
10684 13591 11542 5075 17304 5985 17816 4232 3082 2832
11542 10406 8751 6852 12276 11542 2145 16623 1204 1498 9756 6549 14106 2279
8570 4623 16456 6800 2272 18303 6787 19418 8309 18716 18438 7298 14678 14878 9790 13163 9022 9276 10684 3082
7526 6771 14176 11606 8167
15521 1982 12396
11863 5075 4684 8315 7176
19365 2912 15714 9588 10102 7822 6683 9790 19513 8143 17058 5523 8205 5793 1703 17058 5665 5717
16371 5711 17058 6119 1347 9871 5707 15398 1275 6852 17816
11818 17679 19616 15170 16054 6592 3390 10317 5917 10706 15312 11877 12276
7822 15521 17134 12396 6852 5615 16054 5100
12459 4106 4866 972 5347 17178 11123 2712 13507 16174
