413
14178 15169 16986 13807 665 15322 17713 5971
8542 17369 4761
7977 18287 13163 18884 7393 5974 6557 11573 533
4610 6771 12504
1207 15500 661 15837 1232 7698 19656 6771 7822 5067 7822 527 12504 7698 3296
934 1207 18289 10714 15837 10550 15601 9993 7962 9859 14849 5437 15109 17243
439 3019 16900 1833 6675 12524 1848 18968 6303 10317 11573
11542 7529
9926 19418 7698 12081 12865 5167 11542 5177 9769 16907
5167 1011 3021 18722 11542
2832
10537 11542 6225
7698 11542 1207 6193 19164
6174 11236 2595 6995 804 5424 17244 17228 1013 8716 13808 8623 17304 12276 7582 6183 7529 15922 15306 1791
6852 2424 13095 7582 3445 16646 7519 1013 6703 15748 13127 12623 12154 11961 7582 19418 14118 4489 2007 2570 16371 5711 9756 6985 1013 12533
13235 2595 1013 1643 7979 3183 9039
15375 1788 9756 9445 19145 6695 13807 9828 15742 9738 1013 16045 19164 4327 1643 7979 9756 19054 1013 7752 8735
16760 3375 19145 3183 6750 1013 1013 13342 4666 12293 9279 19145 12865 2754 579 5005 1788
8240 12030 1643 17680 11542 6804 15169
6685 10537
6201 7822 18966 6256 19779 16180
12865 10512 7805 17683 345 6771 1616 8215
17654 1173 7677
19722 5479 15183 5803 19196 19749 7582 11247
4144 7680 405 6750 11247
19164 6110 1615
11503 15935 9756 9857 11203 10402 15334 8215
17683 12865 15169 13535 9756 1407 8615 3183 16371 5711
18731 11858 17683 1989 15798 15319
10537 17264 19573 15046 6562 10151 1231 6771
17122 14060 10903 1643 7927 9756 5743 10537 8167
11542 6201 6198
9756 10233 7654 5969
8028 11726 1488 7582 9833 1377 4481 16840 6554 11657 6926 5065 6750 15221 5445 15062 18210 11770 10740 9756 6209 12276 7698 7576 7588 1825
6193 18896 7526 16261 11863 2961 8116 18438 7298
1838 16760 1893 1120 16760 5468 19486 5468 19624 2364 10644 6006 17415 16261
11573 10537
19136 6408 18849 19136 17617 18849 14462 6408 18849 14 1982 10706 15496 18303 9930 568 4420 17617 18849
19105 4515 7526 1125
14588 14666 11670 11969
14519 18314 11606 9931
11542 13695 5917 2754 3680 6750 3445 4010 10961 12932 17572 19418 920 11858 19647 14671 19656 12276 14666 12276
19136 6408 4420
1173 19136 15398 8382 14887 13154 9648 8052 18438 5917
19568 15170
10317 13232 1849 11573
7592 11542 294
11 15284 6198 18438 11542 13591 1285 11247
19565 10350 10317
11542 611 12865
3567 13040 15215 19568 527 12882
19145 6771 8855 12240 12929 12816 13110 17329 10278 9158 12934 3982 11247
9756 10317 1063
16266 8116 6464 18223 3612 16306
16266 9926 8116 10480 13856 6750 5727
14129 4672
18210 11005 19565 14129
17419 18716 14118 10073 10277
3029 18716
8493 9819 2754 15557 18716 7199
19418 18594
17295 10350 11542 18594 10317 10396 17939 2444 1568 15221 15221
14139 8382 8577 11542 10408 6337
15911 1107 17899 19136 11542
6852 18288 11292 4971
12276 15073 17679 2754 3372 15398 7680
7026 16992 3047 11542 15565
16596 1428 2634 2520
6193 17816 1613 5324 5839 2532 4484 3057 1120 19583
19583 7233 17212 12814 383 4071 14857 9585 10734 2158 18780 8671 1013 980 9544 3269 9835 1392 15110 19114 3413 19582 5437 7736 14849 19671 5436 10002
12226 533 15528 972 1013 3021 5711 6053
19775 16180 6771 19418 2178 11247 1568 9027 16760 10350
10700 10472 16760 15755 7822 11542
14196 19136
10519 2754 15073 6771 474 3374 6871 10480 1987
19556 527 12279 3082 1583 19654 2317 14474 533 15530 13191 13443 9699 12061 9983 11144 8589 4702 19267 16271 6208 1643 5693 14051 12276
3969 13061 11327 6797 10706 19545 16701 2335 7680 3287
6771 3080 6201 19659 11389 3287 5869 10485 3936 18314 16920 6782 10472 12748 15466 4531 3663 15496
15398 6771 18564 5969 4943 1543 11573
7585 11542 311 12
11542 19749 7576 15504 1428 6209 16660 4445 4234 941 14129 8215 12376 6812 19164 6107
5839 2532 972 9633 13320 1613 5324 14118 11727 6771 18722 7586 16844 11730
9756 11997 1428
6771 5075 19779 16180 18722 10804 5016 5769 9005 11657 2734 1073 7585 15496 17168 15732 15221
17683 10706 7822 6771 15541 7576 18095 11363 8643 941 14128 1613 5324 7529 6750 10804 5946 533 15221 17771 11542 9213 19145 4481 16543
934 8315 10700 11542 3068 8028 11726 7582 4485 16543 6602 12240 11084 16131 3284
19145 5591 579 6693 3690 7654 12300 3134 762 7582
10318 11542 6693 18394 17830
10318 11542 9871 19235 11407 6693 10317 11542 11203 12794 3244 8100 11787 4533 2931 13435 11203 1208 1366 3597 9926 19145
8707 16300
8643 19086 1909 11542 18228 14096 9553 1093 4963 6693 11127 7496 3368 5985
7442 311 3244 8100 6549 11203 16624 2719 10317 277 67
17982 10537
16760 527 3019 1013 11657
11573 10644 6007
11139 7822
6852 17816 15169 13941 18448 11499 10804 12865 18722 17683 18438 11542
19145 4138 17830 1849 3368
1961 10537 11657 11606 5431
19418 15398 11542 9926 5803 15170
18731 7585 14671 11573 9756 17683 12865 10317 10804 5016 17680 6758 19164 14196 972 6771
7585 18227 17122 5098
12276 1965 11573 6183 15410
14118 18604 17816 7867 5854 5946
934 7291 6437 2770 613 6675 12725 18604 934 1833 14129 4341 18506
2912 3240 6251 11657 16316 1989 12882
7927 14139 7698 4291 11542 10706 14312 15942 9756 19600 11542 479 16261 17732 12429
16856 688 1171 7654 19136 11542 10903
12593
15033
7747 15196 1341 4341 11542 1879 7585 18227 14314
15169 15787 6337
6478 6174 9926 13191 14139
15170 1965 15787 15410 19723
13342 6174 10473
7866 16744 17329 6198 9926
10156 11606 9302 8309 17325 12429 15410
8396 14196 15787
16760 4656 4512
17720 527 12882
5468 15530 16077 3021 972
1965 12707 17304 1173 1568 16760
9756 15497 18932
17137 7881 14064
7927 12865 8382 6337 6174 13342 18438
13171 7654 15398
11542 17939 13110 9181 6557 19583 11258 19749 19541 3660 11093 8608
6557 19583 9181 6557 19587 10317 13152 19486 13152
6771 4574 10946 16929 11402 19488 579 15797 5252 15221 7881 18566 18278 15787 4273 11258 6236
19749 19541 7134 4765 18884 7390 6557 19583 9871 2223 6348
9863 5437 11784 6557 16028 12932 11443 11258
13191 12396 18542
575 13154 14882 12884 15294 7609 6249
1909 7923 1069 19575 12770 2223 6350 11542 6872 12932 1904 17274
6010 6276 17140
16274 7747 10318
13588 1965 11542 15410 10056 277 19725
930 10537 19776 17264 19573 215 19148 146 6635 6787 6183
16986 13807 7822 11542 19138 18290 930
11670 15170 6408 18849 11606 1982 14196 1171 15398 6852 18896
9914 12865 16017 11542 18043 10706 6771 16261
11542 11606 12197 9756 11807 19136 12318 11247
7298 18438 11542 17310 10402 19573 18894 19138 18290 16701 3597 5021 17644 8103 10317
16317 934 972
16986 13807 9925
18966 10903 5985 16760 527 10700 6675 16955
3591 8272 11136 17175 18192 9856 2032 2007 18201 10402 3204 923 18966 6898 215 5910
2719 6771 13758 10700 18447 19723
19779 16180 4684 3948 8954 6780 6174 4545 4557 9756 12882
3076 5946 5971 11621 14129 6119 18077 8387 6553
7529 12 8570 18136 18004 9245 16707 16371 5711 6429 3948
14132 5969 6557 8856 11606
12226 16317 9756 12882
12882
2346 17793 6337 8382 1407 19145 16568 533 6771 10546 7582 7698 533 15530 7747 17133
19365 5580 11542 10743 2135 18290 16293 6448 8111 14420 11407
16760 10350 17058 533 15530 9324 10908 16739 11863 568 2730 17889 1982 13864 3592 16899 7800 15220 4735 1965 16760 15410 7496
1909 18900 10937 6448 12276 15636 11332 15881 15319
12398 4619 19136 11542 5839 2532
10539 18539
17720 11542 13529 4022 533 11542 16371 6661 4022 6557 19583 1791
9756 3833 16766
7136 11542 6365 6804 18438
18442 11557 17720 11542 13529 7822 6119 17686 2364 11126 8215 1037 7751 18438 11542
19488 6365 9756 533 11542 8615 7582 9833 2671 19235 6557 19583
18969 10644 10010 4716 14700 506
13191 17674 4067 16584 16810
11503 2721 2976 5036 6771 9762 11310 5987 1207 11887 10837 19328 934 6010 10894 412
11542 19573 1328
19535 14139 19365 15268 17679 11542 6249
10644 2396 19573 16878 11247
12276 18303 12725 17720 2754 9756 7526 16760
9815 1474
12459 19599 15410 7582 11891 19196
12242 15268 17679 11542 13588 19418 17683 16907
797 18005 17467 1497 18005 17698 7127 19723 12250
11542 19086 6107 14129 14900 3604
17114 4229 18593
11093 9219 14148
10482 6107 7101 14129 9756 19136 16261 4229 11542
6771 6338
8544 1879 16267 5098 8037 11542 6771 14139 2481 972 5917
10317 12429 6338 16261 18968 16707 1748 18045 6771 7677 1989 6337
17683 533 15221 10402 10472 11606 7001 18729 16077 17451 19817 4910 6771 19365 10706
16760 972 12276
19474 4940 1626 16760 17830 19478 10644 12154 18079 941 14128 13499 18690 15401 6771 6028 17683 7822 9633 12504
16760 8260 12276 10706 17683 10278
10958 5349 17680 10402 5019 19087 5910 6771 429 10234 10156 14139 19088 7001 9297
16261 19418 4684 604 3539
11542 3719 18434
10157 2466 14666
19779 16184 6771 6198
11542 4512 11657 7698 13191 6249 17742 3024 15572 7393 6557 19671 15268
9871 11365 6201
10698 13191 2474 5917 7822
11807 3770 3021 15221 13888
19779 16180 6076 9179 1093 9756 13040 9213 5707 14139 10937
11573 10759 7582 527 7393
19136 4518 3403 14218 19779 16180 6800 11030 18837 10644 9926 2058 8450 1000 13761 16595 17686 4512 1000 12748 6209 12865 2730
17124 5471 13283 7576
15170 17713 5971 7467 6771
19278 3287 6339 11606 1643 14671 14174 2730 13172 17137 1658 17816 16014 4302
3663 1282 4302 9984 16760 10355 4973 1017 4751 19541
3719 18741 19659
1171 8028 2396 13028 16766 947 9304 5019 4973 1242 6771 7500 6335 16364 84 3009 15626 16915 17720 5877 19541
19733 7582 17806 3373 1725 1481 17816 6771 15504 11127 11858 7585 1013 6750 14753 7201
7299 543 3572 18434 17718 13740
8167 13013 11542 18213 15800 7576 13389
6431 15046 15800 12929 2754 14781 16258 14139 19089 16261 14781 2754
10317 13950 11542 19193 12058 6750
934 13731 12865 19418 15041 16258 2832 2961 2832
10537 15794 17608 1613 5324 6852 7529 5927 527 15216 8215 4850 6677 6680 6750 16261
1965 12707 17683 6478 15170 6198 7923 1063 3597 5016 7110 12240 10740 12276 4547 19749 7576 11877
6750 1791 6750 1791 9756 15787 19164 9800 7680
12504 17683 11676
11542 16601 4022 7529 19235 7529 14139 7698 7677 1620 7148 10519 16300 10517 18005 5910 10706 15496
19656 10519 7822 15221
2912 13111 15341 17982 6816 7698 13617 5067 16889
8570 10700 10317 6771 10519 7299 19418 4675 19136 7343
1643 17679 6852 17982 10517 19086
934 13462 16258 5803 1961 5839 2532 13152 10684 3068
7299 13182 2474 533 15221
16258 12242 11203 10317
16986 13807 12276 9279 11573 6183 8452 15881 15319
11542 14139 2818 4327 1474 18544 16760 18375 5711 7822 5067
17718 11203 2721 12414 11542 18295 18273 4684 10156 17329
1363 12028 13191 11542 934 15800 18773 4143 9035 7235 15463 10804
8862 5075 19779 16181 12865 19575 1893 15221 14139 17939 1497 1120 19583
4144 11542 11542 19488 568 575 10151 7698
16986 13807 9871 11542 19086 19136 7233 15828 14139 6295 19578 17422
12865 15073 18438 11542 17009 19145 17816 7001 11542 1411 19418 15398 10666
14196 11542 6198
6540 19779 16184 11573 19278 15398 16986 13807 4084 10245 6337 2730 8111
11542 15886 16184 11573 6557 1748 8382 16914 16899 16077 533 15221 13798 1626 15284
6335 3346 3292 10903 7585 12276 11332
11542 11812 15410 11710 3650 6008
7582 14988 11542 10481 8619 9544 3269
7822 1328 5068 7698 5693
11542 11203 18716 19418 4684 14002 11455 12391 4131
16184 4239 8860 9931 2349
215 19148 12058 11542
4684 19136 11542
12058 19046 16184 17089 14158
11999 19647 14671 11573 8643 11542 10171 8942 6675 3690
579 8382 6337 16986 13807 11542 6242 6337
9756 2612 8615 7582 15978 12459 9833 18099 12500 1011 3021
16760 6554 5657 7022 5408 12396
2754 7918 12865 10317 11542 16878 8860 13588 9871 12865 19086 8081
12276 12865 13670 19418 10537 16595 6826
2754 19474 11573 2527 6011 12397
6852 10317 17593 4576 7233 10709 19136 1575 11542
19388 4022 10740
10523 11884 7582 6441 972 16760
19136
16986 13807 6053 533 6557 17310 18716 18973 8860 19749 7576 19379 5468 19583 13735 18338 6107 4515 14129
18617 2350 17816 13110 7199 7654 11247 17310 9027 673 2199 10358 14118 8859
10445 1568 19418 1615 5839 2532 10517 19418 17154
19776 16180 12629 1120 10903
18968 16384 13231 5075 6422 7822 16914 15557 1532 16317 13391 7698 2912 5839 2529 7698 9029 12396 13191
6852 10472 15528 10171 12324 11573 10519 14114 15398 11542 2908 7291 14714 19386 16701 9756 16596
15869 9844 9756 15870
12221 7677 11573 9926 10317
8876 6923 11542 10402 15755 8570 5081 4420 2200
10318 215 19148 429 11670 15398
15169 19106 2518
19573
14139 10317 19778 18966 16914 10740 19179 16760
10804 17680 13154
7582 1428 12276 576 4229
6557 19583 11542 6680 10317 15557 13048 18680 18884 7387
17830 7582 15406 2789 1173 17830 8576 9069
12276 10056 17679 7680 18721 14851 11657 15284 18721 12400 10151 9859 18850 11863 1343
7592 15169 14139 7530 17854 2891 11573 2891 3082
19776 16180 11606 13670 9067 14139 13795 17683 8524 14998 6562 215
6540 11599
19779 15911 11542 215
17978 277 19725 10709 19418 12618 19136 12276
10537 7772 3567 16899 3021 18884 7387 1748 8001 16013 16904
13191 15895 6292 17992
19779 5349 1833 9633 13503 11542 7595 16914
5839 9759 3068 3158 10485 4610 527
14588 4262 1249 14882
11657 11884 19418 11365 15221
12504 1540 16760 7822 15324 7737 18969 10706 16692 15371
2418 333 1613 5324
11542 7587 990 6679
6249 17445 1372 12276 6335 19779 16180 14063 5971 10179 7924 12276 947 1084 12276 12583 16760 19609 18966 5711 12276
11349 7352 11542 17057 4023 6441 9833 19164 13191 19603
13191 7805
5075 4684 16973 2202 10358 14129 6557 7526 18438 19164 17680 7654 6174 17718 1213 6557 1761 6771 12873 17295 10350 16766 7576 5471 17680 13191 6107 7647 1428 8643 15946 11795 146 8627 12276 9800 19549
13235 6771
17683 8396 8945 11542 10519 5938 5850 6478 16835 12865 10519 17680 2754 8102 14118 10278
8643 1909 16856 6478 16755 3082 252 7233 10684 3068 4485 17416 7747 11093 13110 934 12586 13110 7747 16599 3017 11812 16760 19573 1893
934 17683 9756 2058 14125
15636 15895 13391 11542
17045 1965 16766 17170 11542 10317 5430 8240 8450 1893 13110
934 17683 2007 15636 11573 5468 5468 9866 6677
11542 9756 6554
10958 15406 10317 7698 1909 4302
13 6554 19164 11553
19086 5851 16760
3134
9756 19086 15398 1643 1377 533 7582 9856 11443
3134
19086 17720 13740 10700 17683 9871 11542
3134
10396 6852 214 15380 11291 930 8452 5854
9926 19383 2754 17304 7927 15557 6852 15217 7747 19164 6771
8295
11542 9756 7698 11542 725 16643 13819 6540 533 11542 6540 4656 5851 16760 10549 11542 11670 15398
18968 16899 9279 1013 533 12605
19733
10402 4971 11035 527 16067 16760 10350 1013 2071
9034
17683 6771 19418 3597 12932 17380
7822 13617 18773 13283 6201 5803 12337
1120 11072 16608 10317 41 11245 11657 18884
10999 1643 9756 17380
6675 3131 19164 19145 9276 15401
10317 19145 15601 19541 533 6771 7654
10317 7698 527 16852 16760 10350 16627 1568
17789 14064 277
17304 10155
8856 15319 6771 429 972
4971 6766 9027 1579 14139 19488 18375
9839
11542 18213 1575 18210 15496 19565
11858 14106 3621 2272 10278 3628 10317 10537 3628
11573 9756 7526 4024
2832 10223 16766
6174 9926 16367 5954
11542 16914 14748 7167 12276
372 15892 15800 2473
372 972
11858 16002 1571 16878 19145 6771 16986 13807
7680 5691 4055 8626 19136 6193 11904
8863 7299 19136 11670 7299 10700
15773 2734 11541 19087 15398 12276 6183 2418 5985
16599 4684 16261 18542 6528 16094 13115 13342 10644 11542 12276 14416
13529 7582 1793 8382 8283 13588 1965 19164 10700 10058 8942 18895 6478 5349 7698 9633 10644 5646 10317 16986 13807
6753 15221 11542 1982 15765 5711 19365 1238 15407 9871 11438
934 17312 8382 14887 15217 14260 13588 2962 10519 4467 11542
5839 2534 1965 14148 6852 19138 11542 13885 14878 1613 5324
16986 13807 11542 6193 15922 17679 6362 10156 1497 6758
10482 533 11542 2396
14748
7680 9800 2466
6771 12605 7291 11141 6026 6750 15221 6236 9248 18438 11141 19418 6812 6771 8396 5970
8643 15170 18314 12929 5649 3831 18037 10312 19418 5969 6771
13191 6771 10706 12882 15496 2754 7022 15051 10804 12865 16018 7698 6771 11095 8980
12337 6771 6562 1982 215 7698 19148 934 19609 8386 471
5349 19776 9800 7698 19573
6852 10233 18716 13916 14666 5075 19779 16180 19779 5075 8464 215 1013 19148 14306 16760 10358 5068 14411 18027 16184 16069 11511 533 1013 2734 1073
8104 16986 13807 11573 3925 1833 7582 2007 7962 1013 521 400 4735 11077 533 12605 15530 12081 6557 19583 4233 10684 3082 1613 5324 8860

16760 5743 12231 10537 17982 8167
15409 16180 934 15319 19648 4233 533 1013 6557 15530 1013 16701 6827 10684 13191 8784 1620 15530
12504 10482 7582 2007 7962 11542
5743 9756 1551 12936 5971 11542 9914 7530
12707 5971 16986 13807
18968 6771 972 16184 6787 952 6675 7530 10402 3616 18729 18027 16078 5711 6201
14139 10317 15398 16261 19488 4239 4356
19575 215 15911 13553 533 6771 19148 10472 5985 5711 11112 12159 1341 6899 10644 15496
16986 13807 11606 16579 13553 5542 1621 11770 6787 11746 16864 9740 14129 6557 19318 5711 1208 6557 15420
12431 10318 16760 13332 11127 17899 1825 16760 6771 934 1945 7698 17773 8382 5938 5690 13288 16317
11743 2058 5910 8643 17294 8273
19722 12276 11573 5743 10317 19668 19145
19618 1643 1377
10069
16760 7576 9219 18728 4481 17152
4481 17310 19235 975 15798 13115 1758 6755 14118 13593 15798 11443 1013 10656
5917 12337 14139 18482 1575
3296 16899 16318
16583 2912 6536 7737 13529 7698 9633 16377 10123
4910 19193 17244 16621 2918 6201 14748 12884
14148 16258 8167 11542 18227 19136 10453
9800 5880 11247 10233 11542 6974
9756 5969 19488 1226 17729
11921 3149 7962 6753 14849 19801 11784 5437
17122 5803 11807 15170 8871 19089 17513 10358
9515 11047 215 15910 3317
17748 14733 13191 18299 9800 7930 6026 17816
16760 10350 4229 15949 13191 6225 16899 18966 5711 10700 13191 8495
13856 16054 784 15910 3317 218 7800 12054 18966 5711 3296
12397 16760 5632 6417 16583
4138 13115 16760 5165 12504 3724
2754 5135 6816 13241 6225 12929 17687 14139 8103 1306 19151 4024
9756 19136 3149
5743 19164 19603 15401 19603 15401 18290 19603 12588
3785 16180 1754 16986 13807 6664 6694 2912 13253 12348 16184 215 10714 2912
6659 5839 2534 8610 1613 5324 18780 8672 2158 381 4073 17212 12814 9544 3270 15011 980 6631 2612 9587 10735 8718 7395 6836 934 7213 16180 3529 2860 7935 3317 10641 7738 10684 18914 12414 9463 8553 2188 7931 1210 9674 8057 11084 8382 14887 15294 7610 19472 14139 10317 11542 15528 18146 7496 11838 4388 9554 6631 15259 6730 934 14139 5971 10228 17394 1643 17830 10056 7082 934 972 5068 19779 16183 16648 1013 4106 4866 11173 19417 16648 15284 18313 1776 1712 934 7529 6272 16184 11877 6771 10740 16648
4442 316
16986 13807 18210 14888 14733 42 10714 19418 16801 15312 19365 19164
3594 8615 19541 533 7962 16647 11783 19809 7347 14849 12373 5437 6444 18969 16069 11511 3021 11542 14139 8452 8524 14998
16964 8371 16773 1893 972 16317 16182 6675 13728
18314 11542 6335 3158 7963 18884 7387 10317 17748 6709 14173 12276 972 17679 3597 6677 8382 10278 1575 9213 1076 146 8627 10278 5440
15173 11606 16460 18217 15170 3732 8371 16760 18210 11005 17865 15927 9666 527 12414 9449 9680
18303 17783 19418 19136
2754 7526 11261 533 8945 16371 5711
5075 19779 16180 8577
19749 7576 11728 1613 5327 2533 13111 102 6086 1428 445 16663 13219 579 12810 15233 10435
1613 5324 11670 6000 11093 6557 19583 4041 11863 15947
941 14129 11047 19467 10795 7611 13735 13124 6107 13016 6557 19589
12376 6107 19418 11807 8309 477 16638 6879 12123 12376 2433 1568 11093 9219 13571
1488 12722 13154 381 4071 18780 8671 9585 10734 9544 3269
12429 6659 2860 7934 9674 8052 12414 9448 14912 15472
19779 16180 16468 18716 7822 18966 11573 12276 6257
16449 1643 14671 16195 16376 4302 11542 13941 9279
7526 18106 9181 11247 7576 2721 1615 18228 7526 7199 11093 1428 16662 10743 7526 5433 17816 7582 1871
2931 6193 16660 18005 7201 1788 6750
7526 15398 575 11999 15398 541 11542 9829
923 7822 18966 7526 7822 15284 7303 12886
18339 11542 7833 8685 6375 10882 14570 17152 7201
