523
19618
1550 2272 14107 952 15967 19145 19568 6631 2279 18071 10920 2007 15319
17588 16629 18210 2272
11542 429 10546 1879 5910
19749 568 7822
3604 8452 14748 12027 14894 10644 8243 16120 18039 13794 8243 16839
14139 19547 588 1909 16629 18210 2272 13341 19488 10804 3052
11291 19087 19136
18690 10157 17608 10481 1306 12276 5526 6437
6174 11084
2007 6540 2272 10317
15967 19324 16632 18210

9953 9648 7835 6852 6771 588
428 16976
7585 12 12
1909 12882
14139 4360 11573 18564 14139 14139 15046
11542 2349 7526 4363 10317 17922
2527 2364 17860 18722 8028
11858 4265 11606 6026 10278
1550 6540 2272 9871 15196 10317 6635 2279 11542 14984
11542 2279 10921 6255 12276 17679
11858 17720 15621 1121 13152 8209 7965 19138 12888 2129 1568
17683 15622 401 4360 7747 4363 14118 6693
972 11542 16298 15170 6174 1982 19053 14416
7654 15398 11542 10961 14106 2272 6852 2754 16267 13485
9099 2013 9099 15175 6631 13950 11542 2272 18210 7680 10537 11542 10474 9100
8675 6540 2272 12276 17679 14139 10706 11542 16566 972 12888 15621 19557
12490 6193 15217 15170 9871 10537 8209
6174 17718 10537 16760 7576 17537 2760 15170 6771 18040 14063 6771 10417 10278 7293 10402 9100 930 14106 2272 6771 18210 2272 7822 527 5067 11657 613 1120 5045 16760
6620 16593 4684 12276 1965 14900 11573 6183
15398 11542 7680 10073 7680 4360 5910 4250 14882 2754 7918 7680 3719 10537 10537 16760
6771 8590 3158
8503 2760 1654
10714 10123 524 17654 4011 17654 4360
4360 6201 18731 6771 4013
4684 10714 10123 16470
9756 18438 11726 12144 6694 10123
11291 15564 6448 19299 10537
7136 16792 10961 9756 19164
9926 10537 6852 15856 8106 15407 19164 17946
19136 10537 16760 297 6661 2760 1518 10537 16760 2583 6771 15406 7505 14139 2832 3082
7184 19365 17679 14259 3152
16627 1568
1171 2832 15398 13152 5850 9749 11542 8784
7291 12154 8258 13795 15221 6872 40 19723 12240 7582
17009 7412 19138 1172 334 19723 12240 7576 6812 1654 19656 15341 7698
7526 3936 10952 1613 4446 6062
6812 12030 1551 11542
6174 10056 14562
10155 5880 9181 8499 527 19164 1643 15337 13191 15221
4536 19476 15398 13532 8104 4105
19418 16972 5050 9242 7588 6520 15496 14129 10278 14360
12231 17679
7680 2335 19654 14666 11542
19733 10539 8643 17680 2272 17683 11542
7585 344 12
12058 14148 19654 14666 11542 15046
13672 15046 9756 4644 18043
10482 4152 17502 7680 14900
10317 18316 11573 8252 2256 10317 7977 7442 8250 11542 11 19476 7586 1 19136 11542
6722 13856 14748 11542 2272 12024 16681
19418 4360
19418 7526 10640 4363 16744
19418 19136 17686 17816 10700 19488 15922 17429
19418 8102 18227 1176
8209 7765 1503 19157 19418 16638 8243 5910 8122 12707
19733 16258 5008 16460
17683 2556
19138 6620 16593 6663 15632 19559 16384 12058 8209 7765 10011 1121 5729 1503 19157 11755 19524 10537 9462 934 16592 10092 4842 12699 7172 10012 18055 2159 11173 10011 10524 18836 2314 10273 18976 11209 2051 12774 19420 4455 7785 2566 8616 12959 18777 8635
6771 7822 934 17989 16760 8570 10537 934 7822 15398 5607 1503 7765 10417 17537 8839 16701 13332 12471 10278
972 15324 11173 7995 19210 4549 17043 1013 15294 11857 16384 12058 3296 1935 14720 16326 19407 4106 4866 10872 3328 8097 5068 9694 2286 10537 8259 14894 1982 17862 24
11542 19418 14420 16371 10278 8315 5830 10278 7698 4653
12276 17816 11670 19136 11542
7654 19136 6812 10579 6198 19583
11542 2754 10700 15046 3082 17683 4661 18324 19418 6812 18210 8109 10278 3082 6675 1018 18173
19324 7747 8109 16094 17816 19365 10278 10937 9756 6675 10317 10278
5910 934 7698 10317 1520 18777 8635 3612 11044 8209 7585 10238 1575
17040 19136 11542 6515 10537 10294 18303 8627 11542 19603 17816
6620 16593 5065 9694 2285 11542 3593 5445 14894 1748 18690 12082 1973 12050 9648 7835 6384 7319 17758 18040 2656 883 10537
13191 9352 18716 8450 8211 19557 17467 7576 17003 2760
12695 4621 7654 11045 2760 17108 7894
18484 11047 12837 1504 5783
6515 10537 16595 4229 672 16593
18508 4138 4571 5141
4547 9368
11657 11209 11396 11757 19052 19650 15294 11856 15324 11173 7995
19209 15324 17610 9744 294 166 19393 15007 146 8657
277 11245
11542
11542 10903 19568 14305 11542 11542 10891 18438 11005 10537
15217 15217 11542 9756 10746 16984 1833 19583 8209 7765 10011 1503 19157
12620 5856 6693 3082 6693 14118 6677 5856
934 12276 1833 18213 15794 6307 3619 6276 10537
13588 4265 17771 8028 11542
13171 10151 15938 12607 17860 19145 11542
8543 1965 11542 15410 19723
19278 11542 6339 16907 17472
14106 2272 14139 10537 16760 18314 7977
947 10804 12865 10958 15398 9756 16907 17467 10537 16760 13333 17137
579 4421 7319 14139 5971
11203 16701 9907 17467 11542 17680 11203 18227 9196 6693 14118 8250
934 13333 17137 12889 11885 10555 5349
15046 17816 7442 19098 3268 6677
10317 7698 10537 16760 10402 8714 10746 4352 10402 8396 14196 11542
18228 6758 11542 8396 14060 17122 1171 15938 11978
1306 8589 527 13443 16766 16595 6826
18149 15401 6562 19601 11542 15410 15911 154
8395 11738 15435 6032 13593 6695 17881 2479 19583
13561 17266 19601
18303 15830 12865 6533 12276 9056 16409 6026 17816 17686 19089 12929 2754 8954 13092 10278 12030 3967 1620
17686 11807 405 4041 17154 19488 3597
9756 17549 1551 11573 10317 16744 10709 18475 11978
16744 17110 7927 12865 14139 3660 6074 3325
6771 10537 16760 18303 17474 2760 8643 6771 10958 2760 11606 9756 2760
18303 17474 11044 17718 17108 7894 6255 4568 8839
6771 6765 16302 5856 8109 10086 1070 15062
972 568 575 6771 6675 10317 579 3844 3082 6675 5856
975 13391 16760 7291 17138
6193 4547 10537 16760 16760 19418 16627 7082 10155 11247 19549 6771 6827
8643 14139 14196 14111 6771 6852 6855 10958 8309 18438 6771 15378 2272 3925 16760 3082
12504 972 6771 2272 4684 19603 19136
1877 19136 11542 17683 7698 11542
15169 6249 11542
14125 11542 2760 12770
15169 11542 19656 2272
19138 6771
14900 6771 17889 5445 6771
707 4549
5910 11542 1643 5910
2754 15170 8111 5910
8209 19418 5005 18945
18438 8873 12 10350 14666 17679
10417 4133 10028 5954
5954 1583
1165 18227 16364 17679 9926 6677
11 10350 1568
2685 2685
19138 11542 2721 6620 16593
8570 19544 12414 1563
611 5831 17537 8838 4578
1838 19565 3612 11247
19418 4360
19418 10073
19418 13981
19418 14118 9926
17538
15576 4040 19733 10317 10215 11916 5005 10396 11407
6771 18210 14498 5604 10317 16297 17558 15877
10537 11542
6193 15922 12929 19583 19136 11542
11542 428 1965 6771 10705 17500 1328
7586 18288 16593 7585 17513 16068
6562 15053 11542 6183 15410 11858 4265 11606 10278
6562 1833 8247 11542 19418 6183 19136
11542 11537 16261 19659
10537 16760 19418 10056 762
19418 9211 6515 10537 8209 7765 1503 19157 2479 19583 17415 10537 4041 10516
12889 10684 3082 16486 3163 9034 17989
4265 1879 5910 18213 15053 5917 6183 15410 11542
2474 16317 594
11542 19418 10700 7654 11512 10081 4363
1965 11542 15410
12234 15169 11542 14106 2272 10539 11542 2058 5016 3082 11542 7698 10999 7822
12276 1965 11573 6174 19138 10644 10073 4360 9756 15902 10644 8111
14139 972
7586 920 8028 11573 19138 24 12276 18213 4862
7585 11542 13 7747 12143
19086 19136 14900 11542 17605 9756 10700 16120 4360 14139 17009
10317 2760 10537 16755 19302
9756 9871 5016 12865 11203 15170 14064 17122
6194 5016 17380 11573
10317 14894 10537 11542 8570
19138 11542 17881
930 9914 16760 2272 19656 9648 7835 6620 16593 930 14106
6338 11542 19603 6337
17718 6484 15984 11542 11542 9029 1575 12707 13154 15621 19557 8209 7765 12882 9005 18981
14425 13951 2272
9034 9648 7840 19654 648 3921 11606 9279 7319 13951
11606 5618 19136 12058 4401 14106 16760 14416 13951
6827 19145 9739 8871 19647 14666
14196 11542
1982 19053 14416 6174 3680
12346 3774 12050 19044 10472 7233 14078 14106

432 12276 11904
15170 432 16760 12276 5879 17310 17435 10156 4958 5850
16760 6770 5880 13115 9926
14117 10278 13427 15771
10537 13831 17824 9931 2350
3729 10700 10414 11802 10480 19583 10317 1503 19157 15954 19086 10537 6201
2317 11542
17549 2916 17549 527 10804 17680 6872 14129 10317 18411 9850 5489 3041 12699 12667 1660 3041 4066 9756 13297 12318 13793
17020 10485 7545 5498 10301 10317 12030
4910 8928 10700 11542 1907
10684 3082 17549 9633 527 6675 3163 9756 14111 10358
3894 16588 4259 5880 19235 14900
2317
1982 16258 5803 10684 3082 1982 9633 5067
18438 7576 15830 10402 10700 9856 7583 3437
16261 10706 19573
16856 5167 11542
10537 16760 13018 10706
14196 1171 18564 4884 15120 17471 1748 6431 18568 14894 18303 19749 17474 12157 10317 3597 15889 14943 1627 4884 14359 16595 15401 6852 12929 2607
6502 6812 527 11588 12717 8209 13941 7698
12620 7965 5008 13941 4013
18508 7698 527 12276 15217 5985 11542 2272 18268 3717 19131 17816
13171 13856 12620 19145
12231
15169 11542
17683
1583
10317 17040 15175 12276 19601 11573 6183 15410
16760 13529 15895
1757 8791
5604
10317 311 19725
4144
12695 11416 10741 7585 11812
13235 18891 11606 5445
4144 16431 17435 9756 5604 11542
2754 4360 10402
2474 17679 16760 19648 15175 17680 14748 6464
6852 17816 11044 15375 17816 7311 9756 1849 12707 5445 18228 8309
7086 7965
2373 4144 2373
2373
17889 4138 11450 9897
9896
9756 7442 2443 1620 3398 16552
3346
17325 4547 11542
8784 10472 16094 8784 18228 15787
11858 15410 19599 11542
527 19601 6183 15410 4973 8589 18605 10999 15542 16583 19115 14125 2015 14894 11542 6540 16701 7698 2754 4568 7698 527 4973 14125 11961 6482
13443 18227 10700 18593 19573 7529 19599 19599 18227 7319 9668 6515 6911
1121 5783 19601 565 9756 19087 6198 5005 11542
6174 19599 17862 146 11542 7698 10151 12865 5005 10317 12276 12157 16990
16599 13124 19145 11542
7577 18155 19136 180 9738 16813 16227 11808 19136
12748 750 67 13171 15161 17816 11416
11416 10402 8313 14900 7582 5969 18040 10537 16760 11542
14149 1818 2961 10151 568 7698 9633 16701 13443 11542 16300 2317
12226 10740 17680 11542 6911 16907 10317 6236 7965 7977 6519 10537 10684 3068 8209
17159 2760 10517 10174 19737 16907 17679 2681 3283 9803 11534 10303
14151 11139 13856 17679 9866 11534 7585 13389 9856 4684 10402 16907 17680 10317 9756 10644 11542 5552
12276 10317 11542
10999 10492 2272 11542 5101 18228 14980 1173 9756 17720 11542 1982 568 7698 16701 8864 5016 17720
8806 17720 9756 17683 11542 5101 14106 2272 4265 18005 5917 781 5604 11542 6174 2336 10317 6448 16709 1173 17683 11542 1982 17989 5917 934 6685 10537 781 10317 2272 8806 9756 15172 11542 12276 6632 8543 17717 9756 17683 2272 7698 10644 11542 2960 10537 2272
18228 15170 8169 11542 9756 10317 11606 17720
4850 10233 6675 11606 1474 11542 7654 19136 10804 12865 17329 685 6204 6272 15398 2961 11542 6119 10537 11542 16986 6174 1982 15046 9756 13441 6201 7680 8102 11877 11542 10317 6193 10402 2058 15410 930 10317 11606 15936 9801 17435 19318 17429 11542 9756 6693 10317 527 7698 5743 10317 15620 8643 18324 16400 429 10539 5266
11542 6675 3068 19086 19136 15398 11340 8382 14064 5098 10171 3291 5856 11542 10999 6174 6675 6448 19151 7092 6102
17982 16402 15401 327
146 14064 11542
8871 14064 12059 1848 19369 18660
19365 17679 15407 10317 16186 12326 15540 4363 17435 15511
11606 12865 7588 14064 1909 16191
14118 10278 14139 8247 11542 15830 12762
8345 4735 1173 8338 15409 19601
19365 11542 6174 14518 14666
10684 1757 14148 6793 6015 4363 10073 8597 5850
11542 8881 12865 10317 4360 15401 14975 15511
6193 7576 9926 12143 2272
11542
6759 7698 8382 15284
10706 15496 14748
10740 17137
11542 1583
10699 568 1907 13154 1115 3158 3380
10804 15221 10644 15496 18605
19365 6348 1643
1497 19278 15398 6771 10644 17467 7582 8824 6621 6771 7442 12
8570 16258 10317 14111 14671
10961 1551 6183 12804 15398 11542
11795 10171 17614 18005 5910 13529 11606 6198 16596 16192 18400
3158 1643 5851
12030 17939 1568 6771
14196 15401
6431 5098
17304 2760 10171 8499 16766
11542 15902 1907
9926 6730 6730 2754 10644 1907 6771 14351 3082 16766
11096 6812 7965 3068 14063 15895 11252
8210 12695 3075 3961
13319 13724 4537 19251 15066 3987 5221 8209 19087 6993 1018 7965
16298 17683 14127 1497 7526 19659 10537 14900 6787 15060 4396 17414
19618 7822 527 7822 15895 4973
3082 7822 3163
10537 16760 7747 15398 3082 7898 7233 10554
3082 14139 2832 12865 13320 18227 14118 1518 13341
17212 7822 10537 16760
16462 19107 5917 11542 14943 8116
9926 7696 5005 8106 8309 6675 5880 8248
5677 15689 16270 11542 922 15046
10537 11542 19086 14106 2272 3679
7822 527 15621 17316 574
18303 17467 2760 12770 1877 10279 9699 18960 14189 1520 1018
6620 16593 19164 12622 19136 146 9850 15830 2760 6685 10537 18227 10406 6193 11407 10056 12061 12276 5008 9756 8452 14748 6680
15621 19557 1121 5783 11542 6554 7677 19420 4452 947 14878 9872 16094 16701 16261 13191 7587 7698 12888 8543 19365 2912 7822 11542 17989 7319 17212 14894 19365 6533 12234
12234
6855 6771 588 9648 7840 2272
19145 6771 14106 2272 13235 18891 2272 1982 6771 2754 12138 10402 4910 13941 2058 1982
6771 2754 934 15398 13389 18399 7235 8927 17108 14139 11807
17474 6515 10537 6771 2721 1503 19157 8209 7765 10011 2754 9926 10537 7680 6188 16449 1879 17683
7577 2377 19418 9279 6771 15398
14139 7592 19136 18045 11542 13588 6174 19138
10480 4473 9900 7594 11542
1965 17679 3082
6675 14118 10317 19145 6195 10278 14118 12865 14118 13593 10406
10686 16100 4973 6765 1833 11141 10278 9027 527 6119 10684 3068 13154 15621 19557
18425 7822 15284 10402 18273 19486 16760
11807 533 10519 17168 5969 11542 2754 4684 14196 15401 12276
15501 12929 3045 8382 5910 4363 947 11542 10278 715 17816
5969
5969 11542 2109 10838 51 19767 12240 7576 429 14196 11542 1721 7526 12321 4252 19488 14421 17369 1497
6661 7299 2558 17586 5711 10523 10523 1220 13623 4144 12695 6562 1982 10482 6312 14118 10278
6201 10644 2272 7822 16843 1568 14601 11542 8243 19636 11409 11112 7319
4828 14129 201 3082 16868 7526 1965 10358
14106 2272 1551 11542 4105 11858 405 14106 2272
16600 17813 5910 11542 6053 10350 15217 11005
11542 14355 10278 7228 10317 8209 17001 2159 2760 17899 2377 10171 1643 17816
17816 19087 5005 6201 7680 19659 17109 11606 17816 6804 7526 14729 2760 17000 19723 17001 17679
11542 14425 18716 579 11858 10499 6507
11858 5507 15922 17429 6448 11542 6852 11542 6448 19291 19145
14139 6053 18040 10537 16760
11542 9756 12882 18891 6201 6873 11885 17889
16760 15324 527
9756 6554
11858 19656 14666 15401 11542 9756 10644
3296 9756 7822 6464 8315 6675 12707 16760
2916 11766 6119 10123 568 5349
16760 6680 11766 2754 14352 9138 17584 6268 1018 18964 1523 3068 6680 14125
10804 10306 11409 10706 11542 5970 7586 16929 14106 2272 17122 7680
8396 14196 12276
11542 15006 18789 12596
16266 16760 15006 6592 405 6675 3082 6677
17830 5075 19089 17772 16233 4974 19089 18895 1230 10706 7654 16069
4424 19164 10804 15221 11712
4974
627 4974 4720 15221 5805
10804 17830 4885 13856 12235 17679 4232 5707 6174 6876 15947
15378 11542 16784 7129
6201 15551 13142 18895 11606 14519 17683 7680 3613 11877
15755 11542 10644 5559
6852 18896 11542 8243 1677
11542 1677 9101 7898 10042 10042 6026 17816 9926 1677 7680 13288
6804 17718 10640
6386 1833 10937
11542 15557 10298 5507 12886
11542 11858 15409 7052 1497 6675 3016 19164 11858 12795 15170 12058 17114 4360
1669 7698 1643 12276 10156 17608 6677 4821
10958 15046 8576 4821
14299 19136 11542 6183 15911 2730
7927 17720 12276 3158 14894 5449 6918 3346 2760 16760
19661
11542 6242 6337 10644 14314 6193 15922 15375 19132 19145 11542
3346 2760 16760
18299 18273
5767 18482
12276 11573 10700 8111 15046 17816
9648 7835 12490 9633 16760 1909 11542 934 4862 4250
17683 19274
568 3240 11542 1982
934 1909 5075 972 9633
7585 252
11858 19664 14666 15401 1540 327
11 7442 6677 11858 19418 405 18217 8871 18726 14001
146 8627 294 11292 3663 13115 14756 4972 1643 527 13442 14946 1219 18181 6160 9128 6771 443 14567 5445 1306 15541 8838 18273 3158 11542 2441
14527 19420 4454 3068 18777 8635
11599 4452 972 565 13163 14946 16233 1907 3068 9279 18488 16760
14106 2272 10961 1818
11542 9756 10556 13807
6620 16593 166 1000 14900 3606 6771 5065 9694 2285
6771 16593 15621 19557 1121 5783 11755 19522 10092 4841 15103 18054 19420 4452 13159 17110 14882
19557 13163 8209 7765 10011 15951 12240 2760 12768 7053 12695 1469 17108 7894 16949 11047 6519 10537 1503 19157 13154 1121 5783
8209 7965 18303 6422 17474 15648 498 19479 5140 3990 10537 17211 18716 18502 9699
14359 11295 7586 11133 6685 10537 2760 17108 7894
6620 16593 1748 18690 12082 1973 12050 9648 7835 6384 7319 17758 18040 2656 883 10537
6620 16583 1748 1973 12050 9648 7835
1965 2272 11542 588 15410 10472 17816
4401 11542 7698 17816 10706 4360
14314 19145
15148 11542 19418 2479 17435
6193 17816 19136 14139 17985 8243
15800 11005 10278
11542 8413 1833 8247 17816
2916 7822 527 7822 6680 14118
527 2474 10644 19365 6771 19573
3068 10315 1268
5711 7822
12276 6631 11573 17816
14106 19138 11542 10804 17830 16701 7526 2310
7585 4250 9648 7835 19654 972 2272
8396 14196 11542 6198 6119 17479
15398
11332
19418 14314 11334 1965 11542 17816
19138 10804 11573 10278
11961 3422 8243
11573 8111 5917 1965 11542 10381
10740 12290 5016
11542 3082 14118
19418 3946 17683 6675
947 9699 15755 4138 17212 17816 18566 18716 6183
18217 9700 10537 8570 2832 1838 12620 10468
10278
17598 10519 6198 12707 11542
19474 8111 10278 6145 7811
8570 10142 5930 14360 1965 13341 19164
10233 18716 7086 14416 11807 11801 12620 14121 18771 10278
11542 7671 11127 18716 3047 7698
10406 10278 1965 13341 19164 2754
6337 18005 6771 1748 14671 17720 9871 11542 930 15410 19488 579 15401
8643 6518 10537 1835 4808 11542 17122 15410 1173 10317 14177 6787
18303 10684 3082 568 429 10536 9756 15878 9668 11006 17729
15221 13391 19086 13110 4890 2761 1626
3017 8900 10151
12946 7822 565 19419 4452 934 11884 15398 10524 18835 12030 12932
1833 11542 6183 15410 12276
8543 12276 1965 19138 15911 19145 12906 19065
3082 4013 3163 12646 6174 17718 9926 3082 146 8627 5917 5985 10700 6174 8124 11084 16119 7698 8243 4360
16760 18501 19488 6923 17310 9699 10537 10516 10709 18438 8152 14128 10278 934 15797 1838 2754 7136 6174 16096 9099
6249 11542 19608 19136 1171 15404 6812 4976 1008 11573 166
12929 7377 7585 11542 11 15170 11670 429 7698 17380 11093 2790 7805 4659 1833 17680 10278
17718 14106 2272 4684 7680
3016 5075 568 2474 9633 2480 2272 10278 18716
8180
14106 2272
19136 6852 11542 18043 9914 11808 15398 11542
6249 1989 1904
7766 10804 10539 12290 7233 8191 2760 12735
15621 19558 12888 11542 16384
821 17909 8094 12888 7115 7952
1121 5784 12888 6076 16384
11755 19523 12888 7822
15622 12888 5463 12865 11542
1849 18339 8209 7765
18210 16593 2754 15398 6401 11499 15398 6448
14959 2098 12889 14762 7576 11047 19583 15886
15621 16583 14097 7291 13364
12888 14139 10537 15398 1120 2272 1053 6771 3948 6053 16760
11542 12234
14129 5856
527 12669 10684 9467 16766 16985 2007 17816
14118 4008 11542 7680 5075 802 13316
7698 14900 11542 10537 3001 6144 17056 16488 11247
10836 5014 18303 11573 10069 3372 12482 2007 17816
568 18227 9759 15341 7586 19164 577 16760 17899 2272
14106 2272 19136 11542 13171 14139 5098 15161 17816 7020
11573 401 11537 923 5851 10350 6926 12276
10537 16760 7965 1013 8209 19749 19509 13234 7319 3348 11389
5075 6249 9633 15217 3965 10644 19086 19136 9756 10402 12739 11291
7965 8572 8572 8209 8572 5469 4265
10804 19171 6380 15473 9177 4578 10396 6757
10644 9029 14351 751 14023 568 16760 13319 12242 2912 8902
7484 7585 11542 24 2961 17982 19603
15911 12024 4265 10519 19145 11542
1833 13951 15217 648 4138 18494 6053 10537 16760 8395 11542
934 17415 1230 10278 12865 1306
10537 3082 11542
8209 15501 16100
7965 17212 7319
12429 10546
947 9871 8572 8111 5917 15046 7965 5006 14983 1173
6478 579 10644 11542 1848 14118 10317 17114
9027
10895 6540 2272 1550 14107 19595 6771 2272 9759
12226 19659
11542 16878 2272 19164 592 568 12882 12725 3240 13152
12276 11573 590 2272 17713 5971 9756 11606 14106 2272 2665 10644 6771 10804 2272 6771 593
16760 15800 8152 14128 10417 2760 10278 10317 10406 6195
8259 5851 5383 10804 12865 19138 11542 10171 5526 6437 5910
6771 16368 18482 10537 18303 17474 17001 2760
11133 2760 17108 7894
14900 5445 9694 2285 15621 19557 1121 5783 10684 568 1120 6771 17889 5266
13588 12276 6635 6787 16760 10485 972 10706 5468 6174 17474 15830
5971 6771 7136 8116 13856 16760 7867
7136 15046 934 1833
6771 9199 2272 6174 2272 7867
14106 16278 13341
4296 7136 15755
11670 15398 11542 10317 9871 6787 5098
15398 11542 7884 14060 10706 14430 13241 577 15284
294
327
146 11542 19164
18438 12886 10804 12865 11538
19086 5135
1474 16462
13719 7654 1018 13110 6812 1123 18338 13907 10414 3068 13154 19415 4452 17502 1758 16371 17537 8838 10317 8685 6466 8064 4574 10278
17162 1520 1965 15468 12050 18722 3068 6391 18223 8116 458
1242 11657 5912 11409 7086 18588 5900 3068 3612 1620 17499 18716 10517 10539 12276 17537 5141
568 15621 19557 9633
16067 527 17150 10402 9445
6201 6939 16316 13007 4972 14103 12865 9400
9208 9871 10537 1238
18424 17816 17329 12716 2272
968 11503 7252 15830 3187 15173 19418 11858 11503
11503 15455 15947 10317
6222 11503 6852 17679 6852 17683 3187
13950 14984 11407 11508 6193 1210
17413 6608 427
12695 16410 17816 15003 16552 15046 6464
19601 12707 11858 6693 5854 3845 3082 1961 5910
11542 17114 7319 17830 9871 7712 3247 9668
7698 16760 1643 15215
5349 10223 12765 10223 3380
10223 11657 14255 5856
13941 5098 11542
17137 351 16583 14671
19086 14462 6201 12865 11 16583 14671 15073 17982 774
1643 527
10999
3163 18303 12865
7822 10537 3597 9800 17329 15797
10537 16760
10245
10804 17830 2754 15170 12264 11542
9871 7947 19583 14205 1465
5238 15634
19138 7698 10274 9756 1795 6448
9756 6693 10317 3130 7822 11542 7822 14118
