460
15170 15410 12276 17069 11542 15410
6027 18210 6193 17069 11542 10317 7835 10032 18210
7835 10032 18317 17069 11542 15410 13941 17069 11573 10317 9926 784
13591 7835 10032 13443 12030 11863 10700 16566 4325
11801 1643 17679 17718 7698 17679 5743
213 7698 17680 11542
12276 12959 15127 8278 8058 4731 8059 7299 19136
18303 15610 4022 7835 10032 14766 934 4022 12680 4866 17023 6210
17690 6750 8025 12679 1965 15217 11542
17680 1540
11858 15410 17069 11542 1053 7835 10032 6540 11542 19603 15401
6198 5803 15398 19691 6852 3344
10383 11818 14414
7822 11542
10472 17816 7835 10032 6540 16760 10350 7822 588 3628
19722 10402 17680 527 19654 12556 6249 16760
11542 19603 17816 11416
12401 1626 16486
7592 11542 2589 1306 7835 10032 4075
8928 9926 12276 7835 10032
14139 7698 9633 15797 8048 12934
19399 6174 10318 11542
5549 11407
11410 16760 9803 2310
2754 15170 6431 8941 6771
1748 18045 6339 6771 11035 19659
12337 17069 6771 19573 11750 16371 5711 527
11542 7822
11542 10958 7698 19691 6852 3344 4512 9917 1540 17069 11542
15031 14703 7698 952 10835 16852 4737 16852 12888
11542 8272 16371 5711 16384
4973 12030 11863 6335 6249 7586 6478 17069 11542
12504 11542 5349 10318 19365 10519 17720
8574 10958 6852 10804 7835 10032 11573 13364 1848 7822 11542 7176
9926 10519 12865 10317 7835 10032 9926
7299 11542 7698 16233 10123 15031 14703
4512 4512 9917 18745 18819 11770 7835 10032
16371 5711 7698 2916 6816
17814 14826 2912 8058 12959 15127 8278 8058
9953 10835 16852 15916
8570 15521 15916 12276 6635 18917
16233 6771 12276 5971 8886
13099 12865 5098 8542 9926 6339 6771 16629 14150 18210 3068 17925 3621 2279
6771 8396 18434 10903 6592 12597 7299 18210 3621
2912 920 14748 17718 18722 16255 15541 10123 15031 14703 15103 19605 12897
2093 10411 10706 15601 8313 8345 12959 15127 6816 9633 4259 1643 7977 838 12276 4154 10708
4862 17089 8827 4512 9917 6852 18303 16421
14139 8570 8823 4302 2364 12206 14656 10700 15375 12276 6675 12276 14152 6971 10804 12865 19138 11858 14106 3621 1869 11005 8121 13028 12725 13191
7835 10032 7822 6771 4860 4292 17734 7747 10539 1965 6771 19723 11957 10223 7822
12889 12231 10835 16852 15916 6554 6183 12888 14421 12888 15700 8512 10509 2085 7822 17679 15031 14455 1982 6338 8025 9687 12959 15127 8278 8058 14748 1583 19315 15319 4931 6348 7585 6771 333 9756 7592 5008 11877 12276
12226 19164 16627 6771 6827 6417 2058 16856 8430 18005 15521 19136
18438 18793 1643 14671 14942 17913
17939 6533 10539 6198 5803 17608 10528 1219 3817 5910 11542
6765 11606 533 7822 19691 6852 3344 6693 7835 10032 4737 7822 19164
11096 12276 6771 579 19582 7822 240
12936 10539 6771 8570 12865 19418 16595 7654 11573 19488 3137 18793 14671 8064
10317 15031 14703 5005 8116 7835 10032 7508 9651 14107 10317 19418 10537 11542
7442 351
6010 17946 5657 7022 7822 16371 5711 18730 12159 8707 15031 14703
4675 7822 17043 6771
4302 19164 8152 6771
18217 7585 3044
484 14942 17913 11599
13294 12853 19603 7680 15398 7835 10032
7585 2433 10462 3597
17304 6533 7822 17043 533 6771
6629 7654 15398 7835 10032
14111 3621 253 19725 2183 1568
18438 10700 11542 6225 10317 3621 6816
19086 15170 6026 2912 17058 6255 12707 8278 8058 7899 7067 9756 2058 11754
10835 16852 15916 12882 3220
15031 14703 934 17060 2912
17683 16371 5711 11542 5349 1216 11542 10704 10709 876 15406 10286
10804 17830 15406 7526 10121 7585 876 13283 10708
7654 3423 11247
7585 3044 1909 19418 14688
10317 3774 11542 17713 1216 5719
11542 7822
15410 920 6193 11542 11727 9495 9756 17057 8338 6942 2754 15170 17122 11542 16701 6680 7299 6765 14733 16261 11863 12197 3021 1371
18438 12865 3711 17069 11542 8268 15081 8338 17114 19442
3378
13171 10383 4302 15687 6675 4295 6201 10706 17085 18981
15636 14148 19609 11542 5112 19488 6174 7586 18227
7654 19136 11542
18324 19086 11332 16261 9756 12429 15073
11884 16792 11863
9427 8855 17057 8339 9279 11138 6209
16046 10537 16760 648 3068
7837 3189 7162 18513 3188 8025 9687 12882 8777 17816
1893 14862 7835 10032 9871 5809 13510 2310 3103 13559
6750 15222 11654 8976 17140 18883 13907 10278 15496
7185 4244
6101
6800 3437 3103 12882 11863 8338 18009
11542 580 18733 4742 10317 6193 2891 17314 18773 6012 10032
7387 14989 14284 12381 4286
11384 12240 4686 14478 10818 3068
2056 5016 8338 6562 17089 1783 14361
9186 6478
4302 2754 7654
19164 6771 4861 16004 7747 4302
7299 6276 4473 13728 15398 8025 15319 15031 14703 7822 9633 13159 7589 10835 16852 6174 1982 15916
8278 8058 17019 4259 12679 19328 3719 5016 3628 11885 18080 15319
3021 12061 11792 1643 12865 10700 17911 14093 9868 13555 6237 947 7924 10480 17294 14935 8643 16094 13591 2754 16249 15521
11670 2136 11334 9648 16689 7420 2733 6417 2058 5910 6852 15557 4252
19549 19324 7654 15398 8823 4302 10700 11247
2474
12058 15521 13171
6663 4079
15031 14703 889 17069 4117 19575 17549 15337 18725 1468 3100 1497 7717 8707 16673 10358
14139 3628 19583 11203 7585 11542 3044
12431 16627 3368
19603 16408 68 11292 17816 18739 4202
527 19601 16766 3378 10706 8116 19136
6812 19046 5910 19088 6515 1370
11203 9756 10700 19601 11542 19723
17978 5101 17075 6119 6174 10537 7496
15169 11542 19735 639 6338 2754 6335 17069 11542
16371 5711 7822 12276 14152 6971
215 11233 2570 9756 11606
934 7576 579 12035 7835 10034 15382 8796 10317 17069 11573
12577 7822 12959 15960 7698 15211 9648 8735 11250 7698 952 15031 14703 10700 1643 7589
16298 15755 14666 6852 16298
15911 8871 14597 12 10358 9756 1115 19418 3946
10861 2743 7698 5349 1982 9633 17123 2908 14963 17683 19418 7526 13235 17683 9756 6816
12226 13191 1982 1540 7589 3621 14106 14139 1583 12290
12 10358 19737
7927
17137 1540 15284 11542 7752 11670 594 10179 8570 7022 12276 4547
19138 6879 17830 12058 17608 8438 5591 17742 17830 2346 5591
3854 15268 3629 4684 1928 3539
7586 17513 11858 7585 17513 1173
2346 12396 3621 6852 2730 12240 959 19474 11503 17772 19365 3539 12396 6852 5695 18303 17021 19603 7127 19725 771
19603 10519 12058
15410 12276 16856 17009
19365 868 15217 6804 7526 8699 15031 14703 12707 15398 14139 9756 14318 7977 3481 13066
5647 12929 1306 7698 18156 1965 5016
7529 14766 6675 10317 16595 18228 6812 579 16261 6174 15398
14139 10317 8784 6646 15794
11010 16261 6515 18173 6646 5969 11606 7680 17304 19418 6182 5005 6646
8493 1620 9926 14748 19418 16985 14748 16982 13389
952 7680 6646 19583 15398 5910 11542 4252 6174 17511 8784 6646 19418 17304 6596 14132
19418 13389 6507 13389 952 7680 19442 6646 4578
972 6771 4684 1965 17069 6771 10056 19725
6249 18721 18966 5711 10684 3068 7822 1482 9756 7698 11542 17782
947 3052 16760 11281 626 8309 3950 15337
9819 10358 10684 3068 10706 18438 12996 8338
4890 10593 14179 4302 3876 6771 6562 17085 4851 6174 6335 19145 18045
15800 6021 7677 1989 6646 10706 17421 10245 19740
15911 1879 11542 15800 767 19502 7588 18716 12345 14193 1626 3068
3855 7835 10032 3621 19418 9700 15398 3822 12104 4814 13389 3100 7835 10034
10539 11542 10317 17069 11573 19761 128
17122 13443 3158 6225 19087
934 16100 19087 10519 8928 11128 18680 7478
2867 7036 6437 10882 6236 14101 4014 15947 8279 3643 18489 7526 9633 868 12865 13884 19044 19365 10414 12345 10317 16261 8103 9756 19725 771
11542 9351 8928 3082 10000 13241 8928 16760
14139 10482 7129 15521
14671 15173 14139 1643 579 13529 7698 11542
6753 19365 17816 10317 10864 11542 6753 16595 10056 8028 8626
17816 3915 7299 19136
7822 11542 12 40 19723 12250 15268 6557
17720 7680 1583 11537 16269 19087 19136 15170 8941
10383 1643 14671
14148 15170 13529 7698 12725 19656 15886 5178 11573 213 252 15221 18438 11818 14671
17718 7473 3876 10861 2743 13363 5075 12276 9988 5068 934 5271 1593 15577 17830
12820 9243 4565 6801 4144 17225 15327 3021
12932 12337 11203 594 17718 13610 7838 6693 10317 11542 6338
7698 6498 934 19601 17069 11542 6183 4233
3967 6478 15031 14703 17141 19179 16486 6939 3881 10402 7586 19573 579 7698 9633 604 5851 5045 11542
10870 10067 3774 19573 934 7811 9871 533 15217 6119 12290 6663 9871 8860 3237
285
13856 15401 11542 13941 17686 17549 9914 12030 7835 10032
14106 19406 7927 10644 19086 15398
12504 11542 1643 17720
11573 6658 876 3158 12725
8643 12524 12337
15031 14703 6816 14878
7319 15398 17680 4233 14766 10317 3030 2007 7962 18004 5910 18270 8298 13957 2821
10480 7129 15521 13182 533 19086 15398 3082
4106 13529 4022 7835 10032
9850 82 98 8108 17137 11606 1982 11542 10163 1909
527 4610 7698
16371 5711 7822 6119 240 16760 10350 405 7023 8784 19381 7589 19125
19164 11542 10644
6198 7589 6540 19578 9929 7589 10510 6484
11807 6764 16760 9110 12865 7589 8450 9802 533 16766 11588
12337 405
777 7590 3612 8570 2912 19418 14400
19418 7654 15398 2479 7233
1965 14671 10482 8103 11542 10233 11818 14671 7654 18387
9756 8524 19145 7835 10032 15170 14139 8941
952 8945 15031 14703 7822 10123 14878 8025 9687 3240 11863 7835 10032
5711 8272 11542 9565 5509 533 15530 17982 972 13200 8116 7022 18438 6771 8271 4299
14748 16595 6771 17312 14118 14888 14733 7586 4828 6365 7835 10032 4079 16566
6554 10835 16852 7587 7822 17108 18730 11884 15398 1064 1766 16094 12707
17982 14201 8570 10056 15398 7835 10032
15031 14703 16985 3621 2272 11573 2087 18171 19691 12401 19529
17816 7835 10032 14139 7698 9633
4302 7588 11542 11818 14671 6174 14942 17914 16596 7588 11542 183
1909 4302 19136 11542 17304 1620 6201 15073 11542 6852 17816
11542 13529 7698 8707 4022 16371 5711 7930 19418 11952 12414 533 13529 4022 3396 13529 7698 6174 17718 6338 15398 16701 4610
17122 3621 2272 6549 5098 15031 14703 13159 7835 10032
14051 11542 17134 6337 12276
12897 12276 10227 10230 17072 7835 10034 12401 596 10519 16760 11936 17628 11342 5913 1497 12897 16835 3232 1788 6646 19418 1336 17771 11542
2093 10411 18109 12663 6529 12490 9633 1838 2402 16701 19017 10676 5244
12932 16870 12057 17069 16833 3232 6193 18894 9800 14930 5910
7803 2058 2893 17830 17069 533 11542 1173 7677
920 18569 13394 13337 7835 10032 9800 7930 9255 3821 1643 7979 14094 1643
5970 183 19767 12240 16269 19138 8941 934 18731 12716 11573 19142
7299 6010
17617 4420 7835 10032 6562 1982 10804 12865 10958 10123 1909
11542 15259 6730 8597 533 14894 672 17552 16371 5711 7822 15284 2294
9176 10894 19664 2494 16850 6650 9871 17737 10864 18554 1425 18894 19418 14193 2473 10657 7496 2123
6771 4740 19479 8382 3774 15259 6730 16975 2820 10657 19237 7835 10032 19488 11606 3749 5719 10700 3774 3910 7785 15178
12707 16583 19115 12707 6327 7835 10032 4509 5016 6276 19164 19418 1231 1171 18359 18227 16261 11863
5549 10032 6852 15169 18045 11542 10481 18528 6276 19044 5591 7592
11542 9756 5549
6852 15031 14703 13154 8338 7442 5068 11858 14139 2833 11542
17017 9756 1583
15542 3021 17017 10481 6431 6511 10481 10317 16258 17353 2612 10312 17017
19601 12707 5711
148 11233 2570 17683 1982 5711
19601 17679 11542 5549 2317
11858 14139 12799 1474 6693 10317 15337 17549 527 17549
13220 16371 5711 1643 10075 1643 17992 7526
4562 14748
10700 17023 3021
12504 260
1643 12622 19136 15221 7299 7473 14588 7835 10034 13529 7299 19136
17069 11542 12419 5445

7680 15398 11542 6338 18317 9359 14952 17069 11573 11670 5930 6549 7835 10032 6498 1011 16766 4144 18578 17901 11866 10032 15217 4910 14520 12717 15526
1989 9349 1626 3733 11542 7822 4610 16766 14149 2916 6249 15610 655 6800 1788
19650 10155 1073 18647 12321 15577 12344 7343 10032 11573 10480 7129
18730 17069 7529 7576 8360

4684 19603 19145
6001 11542 10556 6337 15911 14671 1755 2722 11946 13443 13240
8103 9969 10864 3628
12204 10306 16760 19098 8707 18956 3021 5711
533 15221 5432 7136 11884 1667 3068 4944 16760 16371 5711
9969 4554 3256 11947 15557 8386 16569 12490 1783 6787 4302 13342 6174 8117 6549 17515 12540 4292 13658
11542 7977 1758 14175 10656 14766 7587 13389 6947 401 4232 12119 4874 19432 5969 4610 6010 6939 6874 10864 16886 18554 7835 10032 6182 9659 1537
316
19138 7835 10032 6663 15031 14704 8829 8025 9687 2093 10412 7576 2867 6707 7509 15014 2853 17912 17504 11486 19115 1459 3419 402 17121 11173 3339 5566 9865 17814 14827 7953 15485 8058 934 16592 10835 16858 8512 15916 3331 2535 18195 12679
17069 15268 6771 7822 934 934 4022 934 5971 10034 15886 9577 17718 13720 15389 11228 19164 7373 934 7822 12888 14455 8025 9687 934 5971 16760 12516 934 10539 18969
11657 9541 11875 8640 10056 805 972 3296 5058 1857 4106 4866 11879 4992 10509 14769 5068 10861 2744 2910 14964 1965 7835 10032 6771 12058
333
1965 17057 8338 11542 19583
6010 12160 10644 16120
15031 14703 7835 10032 7698 3220
7698 9633 13159 2058 10121 13066 8025 9687
2093 10411 10485 16899 7745 7576 16583 18270 14118 6772
17683 7696 15398 10519
3017 8570
10708 5349 3021 876 18333 10480 6511 3756 7476
16760 19467 7319 11409 533 15221 3082
12959 15127 7822 9633 17683 16760 1643 7977 1982
5649 4666 14118 17735 12865 19583 5604
9856 6852 13110
11657 15284 7698 10171 17608 7698 6677
7585 11542 306 14118 311
11542 14139 2317 15409 10317 5985 533 7696 17499 6225 8103 11542 19086 16460 19136 2891 11542 10644 2687 17683 19177 19418 579 9926 7696 8102 920 15217 15217 12276 5014 2891 579 15800 4940
2007 3621 2272 6540 11542 9756 10961 240 19486 6852 8626 2310 9756 4129 11292 17813 12276 17679 8309 11542 19107 19136 2891 11542 7680 15398 19086 19136 10406 533 11542 1909 11499 10317 14178 19138 2891 11542
16298 12192 17720 11542 1965 19723
952 6540 10847 3628 17072 6852 11133 7835 10032 19138 9759 10130
947 12276 6631 17072 10317 13394 11606
6338 19087 15398 7835 10303 533 11542 4241 10473 533 15221
934 17683 13856 10402 2058 11606 6507 15031 14337 2480 11542 8524 7588 11606 15319 17816
19087 15398 3821 14360 7233 9756 2093 10411
934 15407 10402 2058 18605 7824 17737 4079 4666 15922 18658 8685
19365 16332 7835 10034 9756 7442 8685 9756 16739 19138 15923 17939 4244 6647
10961 10644 11542 10473 4574 17680 11340 12337
7835 10032 5100 7526 17069 589 11247 1643 15170 1783 14834
9756 9871 2100 1540 11542 5065 7977 5065 7685 2908 14964 17680 18303 1965 9541 2249 11573 10706 12276 5097 17069 11573 6183 15410
15031 14703 10317 508 13245 17069 11573 1176 7977 13246 2087 18171 19691 12401 19529
5439 13673 17069 11542 7974 10999 5098 972 16420 1654 6771
10999 9926 1783 3256 11947 2754 10151 7698 2806 999 17709 9426 10740 9027 8682 7835 10032
11035 6174 7526 6193 11213 10787 17069 11573 10317
6495 19136
12234 6852 11858 6174 8240 7835 10032 11542 10958 7698 3683
19418 7585 12337 11542 8643
1965 11542 19583 19601 5743
17720 15031 14703 2093 10411 4421 17889 10317 17057 8338 6771 7680 13443
8542 10519 533 8103 17758
19087 1982 19418 17057 8338
15073 13191 1643 7698 7803 19136
2093 10411 1982 7745 7576 17683 2754 12730 16258 12540 16100 10317 3068 2867
10317 17683 13856 5719 14878
15031 14703 15407 5969 6771 16299 7526 18865 19573 17683 13730 2791 7835 10032
11542 7530 1643 14457 10804
10804 12865 3709 11606 17816 16410 2585 3082 6852 7835 10032 11542 7478 4420 16000
12276 17679 7751 10537 7291 10537 9276 15895 10402 10882
922 15285 2267 13241
7137 10000 18210 3621 2272 11542 6540 9931 10155 17812 4252 15521 15557 16600 11863 18914 10032 8524 13128 19418 8675
5101 19046 7530 1139 15521
4684 19603 11416 7680 6175 15787 2677 10040 13289 9213 15401 240
19418 15170 6272 11542 3597 6339 11606 9756 10402 2058 10223 6338 16701 10539
8240 12865 15170 15031 14447 13152 8025 9687 5088 17720 7822 10317 565 1176 9756
3047 1173 11542 10700 6800 6750 10402 10473
16701 4022 6800 6750 10539 11542 6119 4022 7359 18722
14196 11542 9756 17057 8338 6549 17683 5098
3597 12865 15169 18043 9914 3158 7680
9756 19136 18043 15398 10999
10999 18914 5298 12559 7067
11858 15410
401 12514 6646
19618
2474 19654
2093 10411 6437 2770 15542 4557 574
2730 17614 9928 11542 11203 16984 6478 6501 15146
3158 9800 15173 17683 11011 19164
2754 15398 11819 10958 3630
3224 1667
12276 5910 10835 16852 14139 7698 15916 5910
16889
16701 19137 13235 17816 6675 10317 10157
9926 7020 5316 6939
7698
7822 4512 9917 19679 9426 10740 8682 6852 12276 5743
4944 14139 16069
15031 11606 4024 19441 17878 10982
19502 7020 524 10317 14118 12865
3597 12309 6812 17057 13394 7680 7623 10151 10402 2058
9482 4944 6052 7924 6141
7654 11573 19136 16583 19115 14344 6750
2730 15398 7589 9828 2299 6006 18716
18716 6629
15398
206 19418 6174 1982 16407 11606 17816 9353 3082
8738 9756 2730 1620 19145 11542 146 4442 9410
2007 3628 6540
8738 17720 19365 6771 13529 7698
17720 16069 11588 6852 8028
13317 8025 1111 6852 9441 16595 15881 751 3628
12504 17631 4940 10318 11542 7023 3628 6501 6510
9756 19474 13611 7586 4250 7835 10032 3628 12396 1340 7558 9780 12396 19648 9648 2517
10317 11542 15557 15521 930
4554 6540 15911 3187 12624 15398 1929 3068 13319 1643 19164
527 7664 16907 3158 10358 15550 429 1942 6771
639 2093 10411 13154 7698 2867 6707 15031 14703 13154 17549 8025 9687 17771 11542 1989 5450 6201
2893
12679 16907 3220 18914 10034 923 7924 10481 10317 15812 18364 876
19365 11542 14139 797 10402 9850
9850 19418 10537 13588 16166
6629 19136 11542
17683 13591 10961 6174 7835 10034 8361 13298 3621 8338
14118 13591 11542 11606 10317 3621 1204 11968 9756 7835 17679
7835 10032 6540 7684 751 8025 9687 15911 313 18891 15031 14703 3612 11903 12882 8025 9687 11606 19659 11542 17683 9756 10519 11931 7835 10032 17709 1537
6540 10864 15911 19164 1620 934 4554 1145 18316 11807 7526 7864
11542 5649 12276 1965 3621 11542 13658 6183 19086 15398 3621 2007 15319 2140 8503 6564
12357 240 18849 18893 11542 19399 16269 1013 4536 10097
1550 11542 7675 639 4291
12799 51 5326 11542 19086 5969 18318 18564 1643 13191 18578 6797
15031 14703 12882 10123 14878
15409 2479 14748 11365
1574
11049 12707
9266 7233 14766 8413
2093 10411 1907 14878 497 13066 4076 6288 10537 9276
14139 9926 8615 17316
12959 15127 7822 4259 1643 7977 11542
8116 14193 18981 10788 3597
8382 5910 568 13152 16095 12725 10700 11670 15398
11858 6174 13029 7835 10032 3621 2272 9836 13029 14748 13191 13241
7835 10032 8827 17975 11863 18777 19408
10233 15170 7835 10032 6852 11542 15540
15073 9351 6198 7747 7698 16760
9351 4062 18917 6533 7233 13220 17683 596 10402 17439 10958 11350
17720 527 5349 18966 710 7299
19474 5349 6750 15221 5349 5970
9353 9868 9648 16688 17912 4144 15916 10700 7343 11573 8382 3044 8104
11858 17720 15031 14703 10644 7698 8025 9687 13796 604 6898 10706 12240 16889 15725 8025 9687 14416 14111 10706 10519 10315
2093 10411 594 1173 934 17304 1173 1568 12888
12058 10835 16857 12888 10480 6448 10706 1909 10958 18266 12276 4547 19043 15398
13856 17946 12 3621 2272 11573 13485 15521
17720 11542 13529 7698
14106 14669 11203 15410 10061 9486 15407 14465
6395 1879 14669 15407 8167 10057 214 15380 15398 2007 4568
10519 533 7803 13941 7698
240 7822 240 17748 15773 9213 240 9756 10644 6201 10480 10402 14118
10318 11542 19750 4537 10318 19399 6685 16033
12897 6198
14059 15375 1965 17069 11542 19723 19691 6852 3344
3964 10804 13630 4302 15170 7835 10032 5970 17069 11542 12276 13941 10406 13364
2015 3777 15031 14703 2916 8025 9687 13170 17137 11542
10402 9670 3017 11606 4930 3068
12725 11542 5640 7822 12321 15217 10034 8524 19583 12104
10835 16852 15916 13941 7698 12959 15127 8278 8058 934 7698
11542 6927 10686 5693 15221 15406 5910 13918 10684 18914 18916
13220 6800 6750 2058 15755
17718 11573 16821 10700 6927
17683 10684 14148 4302 8055 11573 17709 19689 3597 6249 11542 10519 10406
934 4554 6549 19418 10537 5427
960 19062 2732
6771 18651 5475 8593 13046 8841 11978 12030 10706 15496 10485 10317 16261 18228 2456
9926 4202 19418 16692 10523 16371 5711 10480 1583 19442

17549 12865 15406 10317 3621 2272 6549 952 16595 14106 3621 147 19725 771 9437
9756 3621 2272 7835 10032 10700 6771 1982 15161 19164
5105 19813 11792 294 19364 7442 5470 19603 15922 10835
5075 8086 6771
12865 9399 579 15938 13474 15170 19618 19721 7822
7041
9926 12865 6335 7828 3621 2272 11573
11770 3628 7473 7299 6555 19164 10317 11573
7835 10032 14748 923 13125 17683 6554 7144 4512 9917
10539 3082 16966 7505 13498
9267 5349
10402 17816 17499 11606 16760 6693 10402 12072 7442 7698 9183 1620 16760 4940 3068 9756 17816 7526 4661
19365 6771 2643 6557 16332 18106 11248 5938 13390 10772 401 13248 7299 9132 3621 2272 3152
8707 10303 7530 18777 19408 13163 8048 12932 9699 14359 2867
15755 17713 5971 19418 10484 15526
16595
12234 16595 527 15911 12865 17683 565 10706 11542 9213 11542 10709 565
2093 10411 13171 10700 18438 12929 6174 907 6771
2754 524 3017 5985 6437 2770 15104 7151 19110 10709 16999 18303 8627 1643 527 11337 6472 17797
10537 15031 14703 6201 6675 3156 3068
11542 17978 19131 14426 6852 8682
7822 565 13159 8682 11542 9095
17679 7835 10032 3021 6225 12669 18722 15401 17610 17654 14196 7654 16407 18288 16261 17816 11416 16410
10317 11542
17683 8503 3378 12030 1989
10999 15410 17057 8338 15164 19583 17731 17830 12276 5016
17683 8503 8884 11812 11863 8791
947 11730 4107 17077 3047 10684 17628 952 16632
9926 10472 19418 405 10700 9879 11573 8884 14680 8791
1366 15170 19603 17816 17009 7233
19136 15398
4144 1230 5719
5657 10700 11542
7680 10700 11542 10151 10700 11863 12276
17720 7835 10032 12231 11542
6675 7698
17720 15031 14703 13154 4610 8025 9687 10835 16852 7822 15915 9865 7822
15221 12104 17720 11537 14139 19575
17683 7003 11542
15221 5640 10402 5238
17683 14380 11606 3021 1982 18729 14118 4107 3107 15073 16701 14196 6771 12865 10317 3621 2272 11573 533 6787
19467 15170 15983 6771 19573 17816
6852 15169 6771 13940 19749 12882
7680 1620 19145 2754 15398 12865 16003 3597 1643
5005 8116 6540 4554 10864 3628 6771 18210 3628 16701 7698 6771
6771 1982 12897 7835 10032 19278 868 19589 1363 12105 12865 17515 7086 15389 196 9756 5640
934 17683 3220 18917 13283 11606 10537 12679 6852 18914 8278 8058 9663
17683 17018 18914 2075 8064 10765 868 7399 13953 19193 10123 11885 15521 15916 4079
1180 2916 7698 16760 10519 1982 15613
3627 6771 17141 16233
19248 7698 3068 4944
7136 6771 6010 10223 13443 19725 4311 10864 947 5969 2157 7663 17784
19719 4302 11807 7086 16701 1748 3621 10231 19719 4292
19418 9279 15398 13702 15521 19418 10700 13617
1982 6812 16258 2754 4232 16853 15337 10317 12788 8011
10067 2793 4351 6787 17939 3621 1748 6787 11877 10245 3244 3579 4737 344 17875 16583 6787
13283 14102 7472 12659 4302 5628 10056 17043 19278 19145 7835 10032 10556 6337 5591 19136
9815 19046 7526 1583 5871 18222 6597 2675 14428 11858 14139
6501 7698 6010 11542
7698 17709 6174 2806 1000 7799 872 11499 3379 18538 10318 1620 16760 13529 6119 7835 10032 12395 13129 4944
5711 6119 6751 9611 10223 16899 14894 14139 16462 8643 7835 10032 5711 13529 5349 10539 19235 1405 868 7835 10034
11542 19603 19136 15145
