482
8677 9517 17310 18173 9255 5856 6533 13856 4516 8626
10958 1965 14878 4531
18045 9926 3068 19418 2159 4536 9844 17771 6771 6675 12620 1070 11463 16870 4573 15947
5075 6249 9633 9802 9378 6771 5854 6174 9256 18936 15221
5475 15565 13735 3615 7677 8064 8064 11746
6771 10958 6496 8243 11670 15398 18895
13573 6431 17169 6076 5252
2756 5075 4780 18921 19379 10056 6771 6076 16401 5252 8985 2587 17526 6852 7167 10233 7291 70 11292 11542
372 7981 15337 17718 17127 3187 9847 17750 2564 8503 18137 17397 17750 13326 15541 11463 9468
934 8315 6771 6852 14059 2912 12490 19573 8677 9517 9537 7988 12788 4501 17534 8638 11064 10213 10823 1921 18930 4542
13573 6496 8262 10320 6658 16856 11877 19725 12415
1171 11331 11542 19603 213 16593 15902 4610 2912
10700 19407 1391 9926 4610 4269
17758
5445
9756 4267
2013 17759 8492 2443 12730 9983 9248
10317 17742 17549 6063 10098 19488 7698 12725 17954 19179 5917
8570 8677 9517 8173 11542
12611 12611 12611 1468 12611 3643 9749 19568 2754 14601 486 2147 7343 16939
11542 19603 12 10358 17584
7888 14989
10179 6860 15343 12179 12618 11233 5326 13656 15697 6758
2403
9756 10700
921 13756 12159 14535 13256 16760 6174 16266 8597 6771
16760 7587 11863 10278 3378 13191 8495 5495 18208
8677 9517 7587 12888 10278 3068 9986 5862 11203 5985
9537 7988 13163 9428 5985 2884 14878
10823 1921 10517
4783 18921 7822 5075 2754 10700 6174 13991 9279 12276 10317 15398 18227 8064 16261 1982 19656
10317 13002 2272
19601 11542 15410 10472 14416 19599 11542
12897 12276 19599 12748 11542 11863 3042 19601 11573 6183 15410 10278
1909 17164 2754 15742 4417 13256 16620 17971 2754 16627 13571 7136 11542 11203 6119 5969 19145 17967
6174 17772 12831 13550 11643 11640
8503 2754 11858 14548 16005 2952 7586 8508 8382 11463 3685
14052 19647 14671 13046 4336 19131 17816 19654 12865 5969 8677 9525 10317 16889 19086 15398 11542
6174 527 16896 13110 9005 8678 7927 17967 14139 1660
7585 11542 11289 14
14139 17137 7426 11606 13407
10804 3648 17325 7822 527 12889 7214 13235 7233 15782 9258 7822 527
1909 8677 9517 777 17304 14784 14878
952 9926 18201 17252
13257 10459 12003 7663 6198 14387 17718 12030 16748 15056
16961 10366 18716 7058 9417 1643 1643 7979 9756 12916 18932
146 11508 3301 3082 10241 11084 19573
3597 164
7822 4038 16249 6193 2902 19727 14748
11335 6193 3447
146 1013 8028 8627
5910 2832
6127 9128 7698 11542 7698 12888 9517 9537 7988 18930 4542 7698 3296 1583 15337 1643 5067
11542 7291 12605 16907 7407 8495 13191 5029
3068 4916 15634 4890 459 12888 7988
10804 1468 10700 11542 4659 12337 6491 2007 17816
936 6771 19164 10804 19132 11409
12030 11537 16760 923
12504 5100 6693 13572 18303 8028 8626
18731 774 8873 14065 18508 17816 11542 11035 1965 14139 12030 15410 10519 3380 17168 18153 930 15410 11573 18314 14139 14352 3082 6693 4972 4074 930 15410 11573
7586 311 19164 19164 19164 10472 5649 6872 345 11292 9213 70
17499 18223 6592 7130 10151 214 11292 11542 9756 7747 2310
527 13191 1907 6852 8626 7747 11606 6174 2832 14139 10903 6194 17329
11542 12240 9997 9847 16094 9850 7588 5520 11810
19618
12692 10515 17973 7977 4693 6464 376 13697 14460 5542 5672 13593
17683 11542 613 11342 3287 3296 7472
19545 10804 19238 12553
19647 17513 10358 10151 11542 14666 1604 13346
16595 15170 1583 17680 11542
6174 18227 13511 13152 11542 19603
16420 7977 18156 524 4916 19529 7977 18156 524 6533 7977
6852 17791 1909 11542 327
11 1540 8871 10069 13591 844 4013 6174 15375
785 17513 10358 3717
7654 1568 2721 11542
7654 1568
17168
17748
5686
15401 19568 14671 19043 15398 11542
9756 2317 429 17168
19733 527 7698 8169 6610 13258 3068 12030 7698 527
947 16899 10482 15221 19365 11542 4512 4822 17137 15169 14874 4567 5075 13011
9756 10537 19573 7585 12276 4138 12415 12276 8945
5910 7747 16054 1982 13591 5916 14874 4567 1843 294 9213 277
6771 429 14240 18771
6765 7822 568 19737 16760 7291 13191 8495 18375 4971 5212 1498 9248
6183 7526 10644
19136 6771
16147 15217 435
12276 3068 6026 6771 16258 5463 6214 17261 5862
5910 6771 8578 11146 6993 15991 8452 18009 2178 6026 13110
18303 8028 8627 294
360 976
3580 7694 10278
5910 6693 10317 12276 8295 13572 17968
14139 8169
968 11542
3082 13391 5851
6635 7986 11858 15169 19164 11845 2724 4962 9633
4144 15409 12932 10278 17683 10402 11289
10317 1909 8677 9517 3082 553 5910 11542
7585 344 16593
16854 12707 11542 19418 14416 16760
18296 13863 13740 5856 1070 13099 15062
947 11542 6519 15895 2942 5215 3193 11573 12276 1965
16760 1126 527 10706
13171 14111 3876 15401 1583 6287 6011 14998 1568

3890 15169 8213 14063 19132 12 17608
13240 18947 13196 7291 8803 14228 8350 4836 1989 7815 18936 11807 7654
19418 7654 4233 8871 486 9756 19104 12865 1568 1449 11126
9815 11095 3682 11542 324 16449 18932 577 13191 10644 15496 10212 18716 9183 3082 13759 11516
14228 8350 324 19617 11542 9756 17777
5707
5240
15732 18771
17683 5240 5236 18716 6478 13573 9756 2184
6272 15398 11542 10537 17169 17755 10472 15911 7698 12290 3597 1306
13573 4740 11365 13443 17168 5769 17136 10317 5917
11542 5998 5851 14888 16748 13473
10539 11542 10171 6677 18296 1013 14819
2912 17058 16760 18600 11885 3531 8116 5910
17549 6677 5075 13859 8167
19043 5591 8574 19418 6882 5917 16371 6408 5078 4420 5694 19418 5917 11542 4862
9756 3717 16595 16261 7680 3717
10317 9011 15505 7526 10539 12276 4578 1851
10171 11233 5326 2905 1620
2007 6337 11542
18043 10644 10480 9279
10537 17755
10537 8677 9517 10823 1921
6478 568 7698 9633
8643 15407 4273 11258 6062 16825 18303 8627
16766 13110
5910 14601 10644 15496 17939 10472 7526 10157 18046 11858 3719 7023 17775 17680 11858 6362 10317 9519 5489 344 40 19725
5910
18564 15521 5910 9756 10171 17686
13459 19136 11701 14802
14118 13591 11542 9926 19089
18438 5075 799
6771 18156 11701 14802 15573 17816
5445
18228 17169
6494 19164
7291 17750 3380 6675 5450 11467 985 6010 17750
6201 13941 7698 527 7822 1441 18921 7822 5075
9128 9756 2121 17889 6693 10317 19145 18303 5016 11573 17816
16701 18228 18438 5917 17114 10999
19365 4270 11727 10537 16760 1488 5542 10888 5693 13594 15221 15406 10402 16792 19488 10453 15498
5075 18155 8116 15787 16760 18303 12725 9005 5394 4917 934 6491 5027 14118 11005 9476 4268 6508 10537 1904
19365 7167 16760 18752 6201 15409 18606 12889
7187 9517 7586 18716 4013 6608 17000 10520 1890 16701 14400 9012
9537 1575 13256 4917 17122 2754 7526 1120 17110 565 11953
12414 19453 11064 10213 15733 9034
18542 972 1474 19365 19164
12276 1965 11573 15410
2474 527 5067
9255 19547
4684 19418 19442 12086 1565
16856 14196 15401 6771
10903 2814
527 8677 9517 9537 7988 9201 3199
3375 4239
4862 24 12276 7824 11573 6183 15410 6183 10644 9918 13502 8396 14304 1565
16384 7698 7822 9756 1965 6183 19618 7698
16760 7698
17683 5065 19599
6852 11542 6431 16069
12600 17838 1583
10519 18578 15221 15763 18722 11542
2754 15170 10151 11 8626 11542 4420 16760 3047 6478 1982
16069 14714 11542 10644 10317 5445 17750
12725 7747 14139 14139 2317
9537 7990 1643 527 10644 11542 6174 19599
19599 5917 6183
17679 7698 11542 8677 9517
9871 15165 11542 7822 527
2754 15170 7698 16852 16760 18508 18273 14139 1643 11542
17480 7861 9871 11542
5851
14139 7698 527 6200 12707
11126 1306 2583 7582 17305
14748 1879 11542 9844
14748 11863 7680 5851 14733 19365 11542
6675 13256 17816 1315 10740 15030
12058 8677 9517 17683 6608
15435 9003
6608 19547 10402 1613 7576
1173 9800 15063
6675 1070 4922 9517 13911 19749 10740
7822 11542 1306
11670 15398
15902 1575
10958 1965 11542 19723
1965 527 10128 14878 8675 9517 1965
3239 12414 13330
12103 7663 11542
9512 7988 6540 11542
8675 9517
10519 17168
17752
10537 17752 11670 19136
13573 4512 7858 11542
14139 15787 8677 9517 14139 19089 4536 1620 15170 15800 6174 7857 4828 8597 12276
8677 9517 8243 16760
2481 18210 7871 3068 6554
17329
4780 18922 13573 13337 9257 18611 1441 13735 18543 2814 1441
13764 9980 4155 11623 10115 12865 13573 3728 19583
6771 17713 9113 6384 3068 12944 14280 4905 8643 9209 17806 7805 16760 4809 6368 16822 12929 5196 12897 7529 19164 6983 3504 16760 10350
16964 11409 6771 10461 17392 2216 17407 2369 16148 15863 18338 12452 857 9680 7654 18487
11861 12976 10123 12889 2754 8108 8823 11281 13191 6927 14806 11699 4440 6771 8464 1497
16701 6339 7822 17752 19723 17683 13573 12276
11542 10741 9800 7822 17168 19365 17816 5917 13856
934 568 10741 10537 11542 5910
15033 3422 1120 7822 11542 9871 14532 11701 14802
10684 13191 5016 5910 5917 934 15886
18303 8028 8626 11542 14196 18303 11573
14314 19145 13573 10317 17752 9871
1643 15169 6852 3287 1982 6348 19136
9756 8570 17304 10472 19136 1120 7822 17750
13537 6771 11858 14560 13529 4656 15398 10381 12345 1305 17304 15797 14178
6771 16878 12063 13497 4223 18431 15979
4573 661 17631 2754 17830 17992 18891 8928 6771 909 18716 19493 9059 8072 678 7271
10804 4291 14671 509 19573 9517 19573 7988 14139 19620
4038 6582 3068 1213 14943 18679 12512 12058 3225 5600 925 10561 7110 16204
1835 6775 11542 18133 527
12276 17679 16258 15170 6771 19511
202 930
11670 15170 8240 10519 6771 19145 6174 14106 14671
6201 10408 6337
6339 15398 6771 9800 5683 15371 10396 6771 7930 19164 18155 14139 8116 1176 6804 6771 7228 17899 13443 18295 16299
7698 557 9871 6771 14139 10746 2817 1879 9803 5683 15371 17771
15410 16889 10317 9847 11573 17515 18327 16261 12276 16579
9517 7587 12490 12888 5649 15073 14588 2912
8396 14196 6771 6198
16993 16269 5096 19488 10157 18014
6693 16274 10278 4489
13573 15800 18716 19601 6652 2754 16266 17304 3975 11258 3047 19164 527 17686
10517 4536 12276 2789 8312
13573 16760 18303 6532 3827 6224 15947
70 11292 9396 10480 3052 6533 11074 1890 10512 8570
6814 4536 12276 17679 9805 5393 13154 8677 9517 11247 15411 4916 10459 9537 7988 7025 3450 4621 10700 9759 8076
13391 5857 16760 6532 10537 6646 12276 7822 5445 7291 17168 12490 12889 2912 11073
13573 925 7818 12276 12414 13448 11877 19723
16964 11365 17168 17526 13911 6487 18303 8028 8627
13765 8149 920 5252 16760 17310 669 1668 13154 568 12888
16371 11096 16899 17254 6216 10684 568 3082 13154 9517 7988
5075 7587 18716 7199 3220 13028 3068 15837 6219 3727 15949
10129 3894 13911 14748 1643 19164 16248 2902
9756 14314 9343 9988 2058 12596
12504 7822 11542 13831 10350 11701 14802 19796
6771 4862 13407 5635
6855 16233 2912
3068 13152 14882 16233 12889 16233 5985 1848 5854 1456 15651 12707 12620 6677
6787 17507 934 11885 1223 1223 4086 17771 15217 1848 9277 4401 10958 8102
11606 16778 5349 16843 1620 16914 11608 1757 7888 16778 5764 10706 7289 19603 11606
6183 13154 7387 10056 18716 18438 18228 6361
12504 8396 13407 6771 7822 19136 934 6679 7586 19328 19145 11542 17168 9330 17729 15217 16701 14099 3787 6771
6183 7367 12345 19136 6771 8396 14196 7654 15398
9517 7988 7585 2834 1965 12889 17349 17168 17750
16760 13191 15324 527 5068 15557 6201 12882 3678 10180 15869 10004
7473 4506 3679 11542 10064 9756 3690 11096
11542 7698 6201 3597 17889
16760 12601 13807 10937 10804 5326 13608 16409 11542 1848 10180
13573 6249 16760 7298 3715 527 12889 9517 7988 6193 2912 11072
12788 4501 10402 11332 17056 13163 3068 857 19603 16371 11096
13163 5251 9836 11542 6127 10693 17168 15361
18713 19136 11542 17610
10706 15496 5904 1230 2473 17881 14051 11542 2656
19278 11542 2131
5615 14106 14671
6339 11606 13170 17137 11542
5917 10958 2058 13443 7530 7299 972 14733
8677 9517 7587 13391 12888 17147 6249 17110 12889
12788 4501 6554 952
10917 4512 11542 5657 19136 19418 9800 9277 2067 3983 5910
10537 7698 527 13529 4610 16760 11542
934 8941 9537 7990 16608 12888
18731 10317 7977 7822 12276
934 17147 7822 12892 8116 15712
19418 5969 11542 12692 5657 19136
6478 2754 14748 5252 19418 17686 3936 4549
7698 11573
10903 17750 7698 527 8677 9517 9537 7988
7698 9844 16760 8643 11670 15170 13941 4821 19138 11542
12898 5851 7867
1306 147 11292 11542 6828 2754 7927 9845 2754 6335 18295 3375 5917
8941 8678 527 15911 15169 533 8338 10317 19691 19529
8570 15398 5445 11573
19086 15895 17750 11542 2384 2754 5851
934 10537 11064 10218 12788 4503 527
17758 6942 7765 11542 15319 920 19729 14748 15371 10317 11542 13573
527 14118 10823 1921 10129 16583 2912 14118 14810 3193 9844 14748 12014
9537 7988 16384 4916 9381 11699 4267 16094 18009
12788 4501 13163 17162 19164
10706 14118 527 8677 9517 17546 8638 451 1563 19454 11064 10213 11955 18930 4542
11573 146 40 8627 10472 15409 10317 252 8627 9346 16760 10350
8187 17169 10900 525 988 13036 5851 3727 15496 5464 6119 12692 3881 16929 10937 10706 433 5252 18891
6771 15577 16670 14177 4267 17755 14653 16755 4622 18503 9249 9255 16760 2475 7890 14129 2832
13367 14806 18266 1568 6852 5917 4250
13407 6771 5985 6675 4862 8547 5136 13364 1565 3934 16600 8677 9517 9537 7988 7585 12897 1965 12889 2836 3071 14882 18303 10129 14082 14118 10706 16595 13911 6183 13856 6224 13330 5743 3082 15741
14139 7698 6236 7496 14689 19136
12889 14139 10700 6771 6119 10823 1921 17547 8638 17110 14882
18303 8028 8627 10472 6675 10317 5433
6119 16100 5985 17168 7856 11699 9800 1474
17720 13029 11885 18902 15217 9815 1474
10318 7990 13317 10459 17720 6437 17791 11805 17390 18436 5612 11510
3450 923 19164 10700 15496 6771 14098 3787 7927 7299 10317 6762 17680
7698 11542 568 7698 9633 12276 19136 16278
13573
16047 4512 4267 9383 17750 13999 13913 11463 984
17628 1748 9847 18303 16094 3193 16094 18009 13256 6494 10700 11606 13650 12692 17310 10941 8076
10317 1935 717 16110 4592 7694 1613 7694 11573 9699 13861 13048 3450 17889 12681 13911 11606 6209 2754 1848 4124 6209
10123 568 8677 9517 9512 7991 7585 1965 17110 568 13732 11884 17108
11542 17310 3990 14951 4267 5445 18632 9258 1441 7850 1626 3199 12889 9800 13863 7698 19164 16595 6826
10317 3346 4267 17755 1369 13732 7291 1474 10706 5135 10472 11542 5916
17137 3820 15178 14671 6771 6771 19723 7698 12276
2912 6249 11606 19399 12058 7694 10325 8677 9517 15401 16299 10640 14014 2601 12897 18126 12788 4501 16217 16486
9537 7992 6820 6771 11606 13462 5910 19136 16233 12888
12788 4501 6249 13317 13555 17162 1013 6771 2587 18210 15496 11085 1013 17168 10128 3787
11311 15565 19201 613 18467 4882 3082 1013 5068 16233
594 12276 4296 6771 214 11292 10473 11812 10129 6677 5432 15081
6249 17110 2912 19603 19136 7299 11904 5542 16929 10937
9756 19138 11542 17616 7228 19138 19735 17718 11247 15401
8677 9517 9537 7988 13941 3691 7267 12692 11340 3187 13256 4916 18156 6201 14748 6814 3187 14577
7654 5016 17164 13941 9279 14604
13182 13242 11153 17162 7946 414 7747 8558 11746
12276 11203 5098 19164 17680 5910 15911 4973 12204 3450 8102 12276 16701 12709 9114 5985 6180 3787
17040 13573 7698 5985 1171 11253 6201 16403 11797 17800 12602
10706 13573 16371 9756 12276 17525 17755 6183 15410 3351 14031 17757 10317 15573 13998 13913 2587 9981 13864 18299 13191 4130 17830 10156 16332 9301
11670 19136 1476 4401 12376 6812 6201 6174 19136 6771 18290 17830
14947 7493 575 12888 8677 9517 12788 4501 6119 9537 7988 13159 4916 10459
14101 2903 10317
11010
6827 7822 5917 13573 11676 6193 6540 17755 9756 11573 1982 14588
10180 5075 859 8454 5649 4185 2475 19656 9029 14806 9256 17169 17750
9213 18947 18560 2756 5075 4780 18921 14587 19488 5383 1965 11542 164
16546 12889 8677 9517 9537 7989 13191 18299 9800 5683 15371 1442 5769 19418 10700 8243 13957 9283 11997 2445 12784
18896 11542 14201 9800 2530 12667 1660 15837 13532 8755 18826 10700 17122 18169 6822 19418 2064 5910
7698 15398 8677 11542 1961 19529 9914 4683 11542 19136 15398 5016 5856 7680 7680 17771 11542 10644 14139 19086 19136 7592
8116 15398 9805 1828 16258 14376 11542 10402 16069 17720 16701 13529 7698
11542 5657 7022 6758 5910 9926 10402 16069 19601 12707 11542 5917
9839
2832 5916 9535 9756 19087 15398 14528
6852 10472 2317 11542
184 8627 19488 6363 12030
8104 7582
10964
7136 10740 5910
10804 15221 4363 19135 17819 17603 13459 15797 10964 4259 17680 15169 11542 8602
11542 428 19131 17816
934 11542 9983 9195 5075 9756 17683 15221 10155 19488 16387 9928 12030
10317 594 4916 10459 527 19264 15398 5856
19136 11542 14462 19136 11542
13588 12276 19601 11573 6183
13191 16069 6265 8803
5743 10699 8685 1899 14060 11542 311 8868 13941 13341 863 14064 15972
16760 13550 9859 12240 5155 19399 14588 18375
6675 17261 3068
8803 857 14514 7530 1827 19111 1827 6174 17718 18268 9161 18876 5910
5910 13283 1989 1904
7582 7136 6608 5096 12240 19535 9866
12240 6602 7193 5649 9922 6174 8030
13235 19654
5910 2094 19650 568 9930 16907 5098 8871 18727 14060 11542 8382 333
14139 10804 14617 19583
11542 18303 6532 18303 10402 7582 18783 18484 12276 739
16760 19418 10700 6348 12276 6193 10794 19601 6652
10503 3187
19418 6675 3686 12620 13924 5383 3819
527 972 11670 639 10472 17816 5969 11542 13832 527 9213 18966 5711 3724 16760
13191 15895 9279 18299 19418 9800 5683 5910
4890 10204 6771 7526 2310 13235
8677 9517 9537 7988 17552 9633 2754 8863 1171 1982 14882
14588 2912 6176 7698 565 13159 13555 17162 6873 12886 12707
11542 19418 10700 6675 15511 6430 13941 14051 12059
14196 18468
11542 17169 4568 7680 16033 11623 17830 15003
6478 19365 4262 16037 16701
15161 203 10278 19136 16261 1982 9213
19547 2912 19365 13656 1654 6291
1643 1643 1643 11606 17816 16346 4735 18725 18371 16760 10350
8167 7970
16595 7588 17816 13028 7442 3044 1909 19601 11542 6183 15410 10295 8574 19418 6183 15398
11858 19656 14666 12276 14139 4861 12414
18303 7698 568 13222 18025
9537 7987 13163 13257 18741 5497 13906 6812 18303 9844 10402 7582
8677 9517 13163 17153 13419 1965 6340 19601
17599 5055 18303 10402 7582 7654 15023 12240 15030 15769 17649 5092
13555 17162 11095 8071 19749 10740 5498 15030
7582 12061 7136
8295 268 8627 14371
9517 17310 10941 8076
9848 19749 10740 4011 9931 6201 17972 1831 4549
11012 1120 17162 1286 9517 8072 9803 13378 1568
12086 18299 18273 15406 19573
7987 18202 7977 1070 9468 9803 19626
8240 6771 18122 18891
10644 6771
13942 6852 214 11292 14588 11542 17816 7747 17683 10519
13446 3082 11540 17686 7680 4273 7930 5910 11542 10706 6771 14139 19137 12276
10317 17755 7680 10537 6771
19136
11542 12276 7824 11573 6183 15410
12889 6193 15922 2912 11072 17 19418 11858 1982 2912 11542 9537 7991 12788 4501 8677 9517
3296 972 14874 4567 2111 4512 6675 5084 9756 19145 11542
19654 5067 17806 15217 10350 4860 17305
10537 4267 5449 19136 11542
12276 1965 11573 15410 12748 147 19725
10686 19136 17755 17750 5065 525 9803 9277 17771 19365 11542
11542 9537 7353
12058 12276 6631 568
7977 8978 527 9258 14051
19474 15521 11863 2902 9538 4916 3068 4144 16595 1982 3787 12276 9756 8072 5910
8863 5917 6562 3778 13573 11542
10062 943 5917 15542 4916 17720 17779
12783 3068 11340 13846 6814 3187
11858 16746 18564 4557
7822 11542 6119 14878 4916 565 10317
6852 17593 11542 3515
17789 1850 12276 6631 11573
13573 10644 17683 1879 16760 930 9926 13563 579 5910 18273 10700 5700 7927 19659
14139 17758 19136 6771 15375 5910 10056 11542 14139 18770 6348 8396 13728 405 19136 11542
7822 11542 6119 14878 4916 565 10317
6852 17593 4022 11542
17789 1850 12276 6631 11573
13573 10700 18716 17683 1879 16760 568 579 9926 5910 18273 10700 7929 19659
14139 17758 19136 11542 10056 15375 5910 11542 14139 6348 13427 13728 405 19136 11542
19618 972 11542
15173 146 8627 147 11292
12231 16701 774 12240 6412
4442
10056 147 15380
3390 10317
15542
12231 3612 19365 16760 13608 14139 19547 9633 5640 13611 17683 1497 19089 9871 5917
6816 8111 5917 7585 18716 16261 4442 9756 19083 9926 6829 7671 15081
1176 4684 12276 6276 11573 15410 13941 10472 17816 568
14139 3643 8677 9519 9537 7990 527
9756 19474 16746 19145 15380 5917
13573 12276 9255 11554 6348 6183
4780 18921 10900 19204 8187 1441 5683 15371 6026 14998 17816
4234 3724 13862 13191 9756 8945 1894
18602 16075 14644 8371 10115 4828 3727
568 6693 14118 5851 12071 18502 11409 9756 15902 17554 6348
6771 14051 7968 19636 4512 6582 10903 19418 12276 18434 17816
6201 13573 527 12103 7737 3296 6249 12600 9346 19654 6461 5067 10706 13573 12276 17816 6632
14196 12695 19136 9850
9805 5394 4536 7228 7654 11340 17310 10941 8076 13256 13846 11623 10129 13514 11531
9756 6562 19418 4884 6608 7654 13720 6533
17598 146 7822 12889 8677 9517 9537 7988 7822 17168 6174 8597 533 13573 16975 17598 7698 19654 5068
15636 11961 146 19544 12414 12889 6119 15911 9517 13523 579 4265 12276 15221
1643 17679 6771 4684 5917 17982 4899 11542 934 6478 12276 3082 7529 18095 360 5008 17982 14984 10700 7769 11542 16701 7822 5450 17750
12936 17683 1965 4780 18921 11542
4780 18921 2438 11542 12276 1965 5075 161
10644 12276 3724 9255 11573 10056 161
7585 17742 11573 6361 15829 5934 11542 13573
11542 19179 16729 19418 15170 7698
3724 4656 13956 8494 19418 9926 7698 6209
14177 19725 14874 4567 3293 3524 4783 18921 10706 1982 12707
11542 19418 3296 10519 11389 4547 11573 19418 10706 9255
13573 11389 4547 3346 10519 12865 19418 9926 3346
17683 11542 2575 10519 11573 7654 15398 11542 1974 19418 6272 11877 19573 19418 1965 17816 14177 19725 11542
14118 14064 311
333 10537 4577 4895 18877 19628 18210 19737 4438 17720
4612 12597 17750 10204 16870 19235 11469 3082 9983 17656 328 2912 8964 15398 13573 8790 1905 4876 19089
9136 4245 13319 8686 1982 6236 19399 3068 17596 7663 12276 8292 1452 1540 8685 3800
527 17985 17946 15221 16658 3296 6249 5067 17058 19654 579 10233 17718 6680 10317 19418 405 7637 18894 17515 458 19181 19654 10472 5851 16839 13154 5802
19278 3287 429 6337 11542 10578 7136 13941 6010
1757 13191 16468 19597 9402 18303 4140 19379 3193 7526 9844
12889 13941 7698 6174 3082 13941 5859 6119 9517 15911 2754 6675 7271 1070 14786 17771 11542 7988 7698 9633
15170 12414 2763 16701 6010 11542 14449 6174 7654 3287 10317
7472 10358 6010 19271 11542 4610 15337
19145 18043 13573 4011 7696 2007 6602 3378 5538 16766 17168 18722 10961 6174 3379 17141 5971 11542 17598 6249 12889 6119 8677 9517 11064 10213 16047 3296 5693
5075 4783 18921 13856 17889 15554 16760 9118 5856 7822 15566
3427 11542 2754 17683 9878 16443 19459 2255
14397 8271 8613 4512 19561 15566
11699 3612 17889 6498 5985 568 17304 11542 16233 316
14201
