486
11542 429 6554
19046 6680 10317 7082 12058 18213 5097
16766 3375 5607 19159 8512 3103 1833 5711 9027
8543 11606 6540 6852 11542 15521 17133 12504 6336
5711 18578 17830 14139 5969 16914 11573 5692
2754 16054 3833 12903 1120 14148 14690 16701 12799 1474 3424
9709 10097 14828 5397 9705
15033 3163 3691 17110 568 12669
10077 11795 15313 6174 4265
7387 15618 7867 6276 8414 6174 5463 17435
3148 17771 15146 5910
8542 429 12276 1965 11573 19723
17329 15526 12221 5101 3680 12396
17422 5349
2527 1620 15521 13888
5971 6771 11606 6852 12707
533 17748 9248 13111 12886 6771
15324 10709 12783 13529 11606 6852 12707 16760 11588 7698 12596
10684 3082 6554 9633
8512 19159 3163 12882 4737 7822 12888
14139 10317 19164 8338 18914 13152 7393 3375 6074 9279
15902 10318 6852 12707 9756 7654 12276
12882 6011 5102
10937 10480 11542 4522 7698 7299
10539 12321 4252 3422
527 2058 17946 13588 10804 6387 2595 2246
5910 14601 17713 6010 146 8627 11573 13289 12824 4575 660
11477 17006 4259 13154 14595 8512 3719 17946 14828 5397 9705 3713
16760 9803 11588 533 17552
16760 10501 1748 10056 2272 3764 5420 6852 15540 8512 16755 5917 6536 14342 6519 17237
934 7587 7822 8855 5628 175 3009 2482 6852 19583 19090
19086 5969 7698 16760 7822 8856 4106 19418 5969 10482 15700 19548 2721 15724 11692 3764 5418 9252 10958 5098
6174 19603 10358 14666
19132 2570 7412
2754 16460 14718 3539 3082 573 10358 6174 2570
9756 12762 1465
12030
4267 11542 7680 8691 9756 16258 2570 1628 10700 11542 8805 11482
19474 17848 5075 19154 9756 8512 6800 15217 6255 16632 7082
7267 6675 16258 5576 15830 15496 8714
19474 19044 17305 6533 15398 11164 11877 19221
19086 11416 1620
2058 13863
2754 15170
11542 5349
19733
3016 19179 12725 12154 16853 2065
9709 10097 14828 5397 9629 7822 19159 8512 16665 7273 7319 11182
2007 11352 2916
11990 14036 2015 2194
7822 17207 7576
18166
19179 12639 2196 15634 7820
12707 14416
5660 7034 11792 5735 18006
13099 11606 13960 10965 17816 7822 7698 5803 2754 15170
11542 4420 15771 4512 12266 9252 15221 13831 10935
10804 7716 7319 1030 10700 19365 11542 2058 18630
12337
12231 7299
2058 13662 17830
12276 6787 2336 6826 19145
10317 533 11542 11606 11877 7977
11367 3604 17718 11606
16701 4117 12231
8675 5397 9629 6540 17718 1907 540
454 9756 2546 8714 9756 14030
11205 19138 14588 15992 16261 4610

5649 19601 8512 6658 6183 15410 9065
2479 1620 8512 1759 14062
2510 19159 1682
9710 19159
8860 2754 16824 6562
13171 9921 7176 8215 17718 17122 10644 7449 10480 10093 8132 14158 4343 4328
1909 6852 15700 8512 11606 3425 2279 7111 11699 16249 8512 10453
15375 9204 10317 533 6771
533 11542 11542 16701 7677 1620 12396 7111 8512 10447 19497 6209 13633
11542 7698 11365 8707 533 16766 9803 18894 9277
7977 14723 5082 16069 11511 533 6251 14723 6537 9930
11542 19603 15401 17608
7698 11863 19725 6173 4531
7585 15700 8512 7387 15618 15573 17513
14059 11542 11 6338 1982 11542 13492 16233 18896 14148 14666
19087 13235 15541 11349 8512 15486 5427
19159 6812 4648
1379 6800 11409 11542
18228 6812 9859 3728 11153 3876 10641 15905 2521 14443 4144 7210
5647 12929 8877 934 7210
5657 8877 2491 7518 12929 10029 5016
10454 4649 7210 979
13588 16261 8512 5124 12039
10961
1643 5075 18155 10700 11542 9279 9955 15977 16081 11511 9213 3013 13394 19589 7824 4916
19664 18556 17663 15700 8512
4307 14975
8506 6228 18371 18099
15409 6335 18716 1909 8512 10934 11835 17078 10859 1344 400
5397 8125 12501 19488 6771 4654 15688 3604
9034 19515 1643
17172 5108 1171
1599
6174 19603 7199 5403
12276 19551 1171 12730 15337 774 524
11670 9756 4438 8570 11416 2754 10644
6852 6771 10151 16052 11939 2474 14594 6248 18278 565 9597 2450 18741 2491 9427 16964 527 4916 8777
5397 19364 576 8512 201 2832 9466 5224 12664 10528 15610 15012 16676 18099
16067 11389 8503 5227
7585 18303 16593 19153 6801 8512 11399 13234
15060 18466 6473 5917
15700 8512 16164
15073 17683 14828 5417 9705
19601 17679 6183 8102 8512 14748 1759 14062 12276 14118 8512 16760 14588 9926
1965 8512 9597 2450
8512 10317 19541 7025 12276 1306 10317 5315
11858 10233 7698 7228 5427
19159 8136 19399 1176
11692 11858 12672 1306 8524 12075 7252 7931
10381 7677
7526 10155 17608 1643
1002 10700 8512 11542 12030 10317 16760
9756 7022 3764 5420 2279 8452
19418 11858 19136 1120 1000 10644 8512 11542
1583 1583 1583
11542 8078 6775 16302 3375 16371 5711 16760 10350 17982 9008
14092 8512 10485 10317 15670 4549 1780 4549 5743
9709 10104 5427
19159 10485 6076 15346
1171 15669 95
10519 1707 8512 19159 6010 10402 4651 14151 4062 6193 8512 16760
19733 2279 8512 9926 16299 1360 10859 1344 11863 11573 10700 10859 1344 6357 12669 2537 10166
9014 14588 16760 15565 5238
3068 16266 17330 10317 15700 6755 10317 4473 2537 10166 15751 10317 7195 14009 10519 9512 16360 8709 1622
437 12030 10317 2279
15931 1333 3764 5418 11670 19227 7816 12058
3964 18891 7022 5090 6852 14111 12276 2279
5075 15409 3831 1783 17137 579 16299 15701 923 1747 1771
4916 14878 13152 11542 14477 18872 2425 2437 2260 12893 4553 521 11541
7299 5692 15700 8512
6174 458 10583 5917 12198 12136 2582 4383 5214 18881 12214 16701 10804 13191 8495 8823
605 10859 1344 15528 2203 17938 17304 15542
9926 568 13790 6360 15794
5349 5871 10472 1072 15773 4004 15496 10697 1838 10859 1344 4144 568 9756 15974
3021 9756 6511
6119 10465 2796 3317 1047 2490 5611 3413 2042 1935
4139 10207 16766 2317 6771 11670 1552
3876 19105
19051 5628 11479 2931 6852 4547 6852 15787 15700 8512 15541 7977 14792 6540 15410 11573 10539 17634 8791 10961 7698 5985 7927 14748
5098 7977 14792 14828 5397 9705 12865 14305 972 565 10233 9756 17499 7387 15618 3717 5396 5486 15324 13443 13191 934 9769 527 5349 11599 8512
15337 6816 15913 6693 13538 11542 19164 1982 12276
9709 10097 9556 8145 15162 4547 17771 47 11292 2719 11542 579 11131 6201 15931 1333 3764 5418 19575
16266 12276 19142 11542 19228 16760 16852 3691 6214 2949 6348
11573 2961 6445 7898 8272 11247 19077 16082 10013
11542 10069 2942
15700 8512 2891 3068 19737 11542 18076 11599
8512 2891 3068 4312 4451 5535 9541 2249
17141 11542 13739 18533 10961 9252 10086 14738 16760 2481 11863 11005 19565 3974 10402 2754 15161 11542 5591 10013 1928
14828 5397 9709 10097 7585 18227 5721 11771
16265 4406 9756 16852
16760 15902 8916 16371 5711 7814
12234 17385 3047 10961 13611 13159 3016 1497
12276 17679 3047 13888 14569 11542 1982
12058 14106 2279 15700 8512 7680 11542 17686 10644 2272 19659 19418 5098
11542 11606 12396 2272 15700 8512 11477 15700 8512 4916 3558
19733 4918 16248 4267
10804 3082 11542 6312 12396 2272 10519 10684 16760 6771 6312 2272 15700 8512 524 10317 15700 8512 2272 5349
4242 11542 7586 15700 8512 4250 4862
11542 5374 4860 2721 15700 8512
11542 2721 16261 3719 5803 7586 11542 16593 15911 2721 15700 8512 7585 11542 16593
9764 2721 15700 8512
15700 8512 11542
15700 8512 533 8338 11542 6249
15700 533 8338
7550 9027 9242 18947 15398 12030 11542
15398 10519 15003 8465 9833 15748 12865 5005 6174 9916 15577 17830 6518 147 11147 2585
6518 17742 17830
11670 639 14666 1748 6852 295 11292
19086 19042 17816
930 295 10804 11292
19042 17816 10317
8503 11542 5145 9249 19467 9364 4916 15700 8512 3068
9213 7003 4916 15977 7005 16371 5711 18932 11606 3068 15634 13191 11272
17654 5969 8503 11573 16371 5711 18932 13191 14196
8643 19086 15398 15700 8512
8716 11573 5864 6174 1982 16371 5711
5969 7698 15700 8512 4916 6771 5946 17169 13191 19418 18134 5098
6771 11775 11366 11611 11126 1879 5910
9029 7570 15634
11795 18532 4973
7568 13499 14425 12276 19582 1333 3764 5418 18268 4369 1783 9541 2249
15060 14177 19582 19486 15700 7176 6515 13541 6209 17509 5722 1804 14177 15700 15540
15161 2396
15161 11416
9800 10602 16729
1551 6771
9213 15403 19582 9597 2450
13318 14828 5397 9705
6174 1940 4392 16112 8552 4391 14063 821 15634 8134 18891
11499 18401
7053
3974
7570
9597 2451 13321 11792 12882
15365 9213
8675 6540 14828 5397 9705
15033 12888 6852 15700 8512 6272 15398 15700 15319 730 10233 19737 1120 15521
8643 2902
15700 7387 15618 6562 2129 1568 6337 17133 6852 11542 6448
15700 19499 6183 17816 16642 15541 13163 972 13718 1127 13633 9541 11477
19324 533 12605 15217 7319 4973 9756 13120 5973 17713 5971 8558 16595 6826
7592 12276 17687 15375 11542 7698 6852 12276
12888 14828 5397 9705
3068 15700 8512 6174 5427
9648 19160 12888 9709 10097 14139 7747 10519 8956
12888 8309 10519 16760 11542 7747 1498 10402 3833 6174 17718 9926 13941 2474 10700 18295 10317
5101 11990 14037 12888 9756 10317 17213 4578 9420 628 12061 14480 9420 628
12504 15521 10402 5101 11670 1230 7977 14794 19573 15911 1965 14064 1965 2754 7585 11542
15700 8512 7387 15618 7698 6852 6771 15540 1942 9279 18914
18418 8928 9871 11542 8338 16100 12239 8512 1982 16258 2754 10911 19496 19365 17679 19418 16167 19043 10008 7526 18205 19589 7824 4916
1173 5098 676 7526 15648 15319 17816
15375 8028 9279 4185 5985 9800 1497 6007 17718 14235
18507 4916 19573 11699 13152 15375 6736 533 15221 8707 15530 6693 14650 13191 18299 19164 17946 12504 5970
579 6675 10317 19164 8152 9756 8103 14139 8382 8577 3881 7215 9249 6852 9204
17617 18849 2007 15319 9551 163
2007 6540 15700 8512
19138 6787 15700 8512
19138 11542 4607 162
10317 3068 14829 9705 11606
5971 6771 11606 6852 12707
15170 16261 11542 14139 7698 13888
5711 18722 11588
4107 13705 934 9279 16701 2754 7698
12882 6011 5102
10482 7129 15540 213 6771
2754 14196 11542 12865 19088 19136 16261 9279
7472 7136 16978
18438 11606 14828 5398 4971
6511 5954 454 15409 7416 17830
10560 18981 11631 19568 13519 7585 8942 6982
1643 5748 13617 10849 18532 13718
13591 6852 6771 2876 15375
17141 12276 2959
18716 16701 8795 15700 8512 1759 14062 13562 568 15407 2058 15878 7612
7587 8942 10684 3082 15902 7299 11542 9213 17312 527 15542 10709 13617 1907
4805 972 16371 5711 5869 7698 527 6787 3663 17881
5078 5064 568 524
17679 908 17946 568 11606 7201 8960
17113 16312 10317 2504 14205
5971 11542 10317 6852 920 11858 17683 15700 8512 6771
9042 9680 18063 14828 5398 2223 10700 5014
11727 14190 10804 6030 2800 8512 11727
10709 13938 9032 5967 10709 12721 19535 11728 19159 1360 4849
3017 9279 6562 14431 8512 11708 12030
19407 672 10523 18299 18273 10128 14139 5450 11409 934 7291 3973 17165 11606 5108
12865 9756 9926 17680 19488 14066 19365 12396 3068
18721 5372 11863 8512 8982 14139 16956 3068
14139 5971 11542 1879 5910
10519 533 14139 5971 15700 8512 3068 13154 14828 4442 9705
1575 2912 7822 16760
17137 11542 5065 7977 14792 7822 9633 12276 9800 3630
7698 15398 14828 4442 9705 1965
8714 11542 934 7698 10644 934 11542
9709 10097 13154 3068 934 1020 15700 8514 2521
4107 15564 10481 972
10539 15398 11542 3287 19138 18864 11542 4747
4684 14196 11542 7233 6533 13918
10318 6852 15700 8512 10519 12596 7698 527 3163 8512 19159 6249
13941 1257 14339 3068 5970 12276 1231 13768 6468 8512 17305 12675 9143 7299 533
19737 16701 15700 8512 7487 4916 19379 10453 15977 1989 8685
15375 11542 12276 2754 6812 7698 9128 6852 15700 8512 12058 7136 10911 11833 12276 6335 10684 7387 13154 4146 3377 12276 19086 1398 17862 3168 7387 7491 9383 7491 4267 15528 7108 11541 4125 10128 13191 18299 12276
18223 12030 10523 16367 2924 11532 7393 2954 11172 7387
6174 19603 13343 16466
6201 13443
11407 2730 9926 11542 7696 6272 19136
12058 19043 11542 5098 15700 8512 6549
428 4180 11542 10958 6812 6174 1982 6852 12276
4974 6974 11542 429 2474
14828 5397 9705
9709 10097
15398 18303 17889
19545 19324 4138 14118 10278
3163 18303
15787 1982 2252 11542
11812 574
14828 5397 9706 527
2754 15170
11573 18122 19136 9756 4174 527 922
9556 8145
18914
972 15398 18914 7698 8338
18122 19136 6750 15530 4232 11258
19086 14644 11606
9756 7654 19136 11542
14314
14111 14671 18438 12865 7526 15541 16261 3372 6011 6010 3017
5971 19365 11542 17713 19418 4684 19136
7335 12717 10318 6779 7822 2734 19573 7680
6249 8396 5970 11542
10077 19164 14588 1497 7698 15858 17162 5427 19159
607 14139 15170 14828 5397 9705 17058 14878 12504 17683 11670 15398 6939
8570 10156 6007
5969 2693
11606 5016 12707 11 10684 16583 15700 8512 15540 13235 18891 5067 13011
527 11573 16593 1540 16701 10317 6592 5298 17923 525 10317 17982 7097 19399 10317 10634 16278 5075 3383 2675 17982 3048
1176 16760 524 9815 10402 16120 6464 17816 16701 11858 15073 19517 15703 8512 7387 15618 10317 15895 5055 5971 2058 6852 3344 5055 3181 11017
17683 19083 9800 3028 15003 11670 13606 14118 533 16397 2999 16069
934 17122 11877 12707 13396 19418 930 2310 11863 17451 5075 18722 2734
14139 17683 8116 10709 11863 12707
17102 5157 15073 11877 15700 8512 11542 5591 9914 19136
14111 2279 15911 3187 952 19546 9002 8512 972 9243 9185 19488 18729 11748
972 9633
16266 972 10140 11093 768 16608 13122 16608 13120 8512 14063
12161 579 16069 17816 7654 16660 16660 7680 11247 8512 9756 7698 1982 7107
10539 2677 11542 15911 720 14452 2145 8524 16947
15911 19138 17742 17830 17978 12058
11670 15398
6174 720 2677 12481 11807 15398 11537
1965 15221 7822 16760 10350 14828 5417 12890 14878 6251
19043 17690 12276
15398
12276 1965 11573 1306
10383 14668 19131 11416
6249 19573 16395 2734
10539 10402 8209 15217 6249 5917 19474 9420 14633 11877 12276
9756 13861 5376 9756 7286 17513 10352 14989
6852 8512 10644 8558 18716 18113
14132 11542 10704 17683 2944 58 19723 12250
10804 17830 751 11807 6545 16371 5711 10700 11542 5970
6852 8028 11112 18884 7387 4828 18206 13272
15375 579 2730 883 14118 4973 6174 4526 16951 10317 5005 7070 3347 11657 10647 8111 12142 15911 17328 2730
596 5346 7574 1835 16544 11658 3562
1173 19659 8099 19793 15284
8392 11542
18247 568 10097 5397 527 10317 2582 2615 11599 10671 14118 17318 15046
19418 13588 7526 19599
18716 5969 6816 527 4249 13191 19418 15902 16744 7680 10157 1497 6183 1477 644 8111 10523 2283 10402 2474 4973
15046
19138 11542 146 17830 6852 12276 9756 7003 10684 16929 15375 12276 4910 11542
429 6554 8570 246 12276 19418 19164 16278
19164 16929 3220 1982 6852 11542 2754 18213 15170 19418 252 5016 11453 19145
9709 10097 934 16978 13159 14878
19086 7654 7319 6276 9699 15700 14139 19136 11542 1974 19418 18438 11011 8578 15398 11877 3643 19418 933 6335 1171 10317 15702 9279 10278
11863 15700 8512 8675 2297 6764 6852 12276 3372 16878 11247
533 3604 10402 11699 9756 2474
2527 1620 3187
6201 19087 6771 14894 7822 6750 15221 18297 13191 15735 5910 2007 7962 19502 10358 7822 17628 18246 16744 8705 19093 18314 11573 7526 6879 16593
10318 16665 7273 6771 9756 17058 15702 12242 2521 11692
12865 10958 3709 14139 5016 3764 5418 2279 1803 15540 1982 15700 8512 13588 17946 6879 1965 15700 8512 11573 17816 10961 6174 12081 12276
19603 19145
11670 15170 19046 14370 13941 1161 934 6646 19086 5098 15700 8512 7299
8643 6174 1982 6852 12276
14828 4442
9747 6254 15700 8512
934 18914 4013
9926 19418 13729 19609 677 6852 15217
6592 675 7319
7822 16760 11885 13856 2007 15319
7977 14792 5349
1171 15410 11573 2754 15398 17988 12276
934 13038 6249 4512 17312 1620 17816
12504 7822 9633
19418 19136 7343
19145 12276 10700 11349
6939 3925 7822 16760 7822 527 7822 533 6174 418 8079 3587 17598 5398 9056 15977
8239 18213 17058 4974 10706 10383 10706 13046 10317 19603
17598 11863 3774 15700 8512 1848 6010 11365 19479 533 16367 1498
17593 11599 5397
13960 10966 9872 13110 6174 6852 11542 14554 19164 6876 16760
16462
4107 1627 9374 12030 11340 11821
10482 7129 17690 13046
15700 8512 952 9277
15169 6852 15700 8512 11542 14139 5971
14106 11542 3630 14139 13172 10318 6852 12276
17122 930 9926 13191 7680 17037 11542 7822 13191 18295 5910
10056 15380 11542 14139 10644 6272
2754 14139 15398 11542 13364 1120 11542
13241 11542 2754 9871 8116 18438 2754 13856 13048 17889 18438 13191
934 14139 10317 13633 11478 3068 10519
2754 17499 19159 8512 14139 7698 7233 8707 8116 17830 7585
17009 11542 16258 5803
15931 1333 3764 5418 18270 7816 18099
12030 16371 5711 3189 527 16760 10350 19601 8512 19159 6183 2318 9997 6276 8243 1459 7078 15217 19601 6183 11692 9663 12075 15217 13110 6174 7319
7442 11 7654 10558
2719 11542 4849 7352 342 7770 13159 3756
10804 6816 568 13154 8512 19159 18303 7502 10958 7698 568 8643 18896 12762 6287 17122 7694 18270 7816 19108 16395 19302
6812 15700 8513 15618 5615
10626
12593
6053
10898
12888
9756 6675 16257 10171 16261 1893 6852 12276
19107 14588 14666 3925 16466
17122
11542 7822 15338 568 17169 15221 13182 18300 6631
5910 12276 7823 17138 11542
17683 16261 7822 19737 5100 5767 15700 17310 17816 13124 7526 15398 17679 8106 579
7822 12865 11203 10142 7822 15398 9756 9249 15700
18028 12865 2754 7526 2310 16466 6675 17816 18722 16261 5803
9354 11863 3082 8309 12504 13191 12888
10317 15073 16701 6680 10317 16263 11340
17122 9803 7588 12 12 16593
11542 19603 6193 12860 16410
19138 8884 14371 13489 81 4607 162
146 8627 11919 11292 9756 6938
1909
19302
13191 14139 3902 15949 9313 14139 16135 14943 18578 15221 13191 4950
8714 17678 10303 11772
7291 8413 17816 8596 4653 15700
3082 6764 13331 975
579 15375 11542 4954 14344 579 1982 6852 12707
19086 7585 4910 12376 16460
19136 7680 19603 17816 11416
8784 11134 4291 15284 10556
6771 6249
6750 15221 13154 14359 8512 19159 13319 5397 10097 12886
10317 10700 13235 14106 15700 8512 15755 16755 12053 6431 6007
5971 14274 3082 1210 15755 16755 14882 6771
934 16317 6771 18375
11657 9803 8889 6771
8099 19791 14139
1550 14107 8512 12053 15755 16755 19418 5098
7585 11542 213 10317 5397 10097 13191 7414 13264 16197 757 5969 11542
9756 7447 15784 13779
5397 14298 1120 15521 18564 1120 5075 17310
12154 7977 7446 14792 5075 18729 11573 13851 7446 10292 756
1909 15700 8512 7176 10317 11342 8935 7176 9213 18228 13856 17889 7698 11573 18721 7698 11542 13851 16197 1905 14588 18716
15170 2375 14792 13611
19131 7698 527
5397 7822 565 17304 17318 5805
19138 15700 8512 7387 15618 16592 14828 5397 9705
9426 10740 15700 8512 9709 10105 2806 5427
9648 19159 16899 13960 10968 12024 9420 628 5678 10856 11342 8935 8829 9194 10232 11990 14038 7576 5436 17390 10641 15909 8347 9804 14329 1013 13469 10872 19159 16665 7274 18819 11692 8512 9556 8146 11016 13624
9541 11477
14139 5971 6852 15700 8512 9986 18914 16852 7698 565 11010 18338 1649 8148 11477 13730 10911 14092 8512 7387 15618 6771 2474 1371 11541 4124 11541 7545 7545 3168 7387 13154 7624 15178
972 11657 8099 19792 12989 14950 4331 4106 4866 9589 1840 7765 5068 7977 14793 18213 1965 15319 592 15700 8512 351
15700 8512 15375 12462 13154 14828 5397 9705
10317 12240 19448 7530 1982 1982 17816 15837 9828 13154 3103 9709 10097 17304 6744 677 13633 11477 13154 4256 9556 8145
7977 14792 15375 12462 7529 15979 15700 15927 19583 1982 6852 17816 7587 15787 19479 533 9803 1572 19365 14998 17816
533 15221 10317 12276 18047 12276 9746 5349 6259
2510 15700 5427
19159 8493 11542 17889 12557 6694 3082 6183
16760 8493 10804 17138 9803 5943 17813 5910
7680 6554 327 12 15700 8512 7387 15618
10318 6852 12276 12276 2013 18122 6448 5639 11247 8243
14578 15504 7977 14792 2491 17497
12490 11542 9344 17683 19145 7442 9027 18969 4229 13191 18299 6915 3068 4944 7086 14828 5398 9174 3375 12888
11542 16579 10519 87 1748 6787 15398 11542 15787 87 2317 4824 751 15800 3375 11392 16204 7304 12485 18201
13220 19136 11542 2857 19723 216 164
17683 7977 3239 87 9756 12485 751 9066 14678 13735 6047 13339 19486 13191 2754 5349 13972 16364
934 12396 2272 15540 17939 13110 87 1176
1176 12504 7585 11542 351
15170 15700 8512 7387 15618 429 17552
17982 2129 1568 7822
19278 15398 3515 11904 1620 9551 6339 11606 5916 4739
14828 5397 9705
972 9633 15700 8512 19164 9709 10097 19159 12712 13191 10644 15406 10317 15841 6072
9556 8145 2474 13633 11477
4684 6631 11542 1127 6183
6771 7319 13191 5431 10523 533 11699
10537 6852 11542 9756 7698
15521 4684 16999 6606 15526
14051 2474 15521 19418 10155 5683 15371 18303 972 8627
2474 3296 7822 527 9279 13191 7822 1127 19547 11657 6631 11542 17816 923 6852 11542
19418 952 6675 13728 11542 5591 3539
11542 14062 2450 8512 12240
7822 568 12058 1120 16852 7894 4185 6939
6010 17771 10644 10402 7618
14106 5418 3187 6201 10268 10511 1065 7747 305 18278 3057
934 5971 7822 14062 6942 10064 13620 9986 2450 12812
6852 6939 3230 7299 16490
13856 19573 10644 12276 17212 14733
6174 17802 6536 15217 17830 12240 3349
10318 8393 16197 13937 15700 11692 879
11542 14157 8512
7822 9633
1965 8512
11542 972
7586 12 14064 11542 19488 15700 8512 3068 10999 7822 533 11542 9988 4649 12725 15700 8512 10999 4123 11542 19418 10223 252 277 4650
6335 8512 11542
14060 327 14139 7698 7291 3111 553 6755
4144 14196 19145 16701 9189 12337 8512 11542
6852 12707 11542 6562 6276 12276 4650 10804 1023
5719 5349 12276 13529 7698
