414
11542 7529 1497 9400 13332 19164 10157 3148 6249 11542
10317 14863 654 19365 10519 1982 527
8677 9517 6168 10328 4462 7759 7822 12889
4462 13163 16269 14139 10706 11542 568 12889 7822
7977 17720 2317
9983 12740 16306 11670 4557
14118 16648 429 8076 1965 11542 15410 10472 17816
19418 3145 4360 10073 17713 6007
15938 19138 4252 5910 9756 2931 2443
7822 11542
14118 16648 16592 8677 9517 5065 15677 10252 1583 3379 2612 18183
14098 5423 2370 11573 7761 1660 8004 14776 15949 11606 1982 11573
18156 12396 17775 14849 2368 18339 12452 10317 1643 18884 7387 11542
12276 16760 7529 19120 1568 18531 12779 4971
8677 9517 9214 11808 5938 15268 3774 11116 12967 15337 16766 16645 18258
13954 14064 661 15337 17977 19365 6611 11655 19612 15659 11542
11657 7445 2401 11365 14851 14035 3158 5450 9290 16188 14894 12896
12504 1643 14201
19131 233 2756
3691 6174 9279
2330 6755 12157 3021 16760 10350 16990 2007 12276
11537 923 19131 11416
17114 6515 9836 6608 15336 8116 6675 16298 10780 9836 1982 6608
17010 14863 16681 15337 1060 1965
3427 7526 5851 3847 7577 15003 7993
10151 9931 16579
14588 2912 10317 10517 15686
1605
15542 11542 4890 8751 12276 17304 12730
10519 11606 1982 553 11573
14628 18865 13028 9541 2249 2191 17122 1204 11084 19541
9560 2355 8809 17119 18340 18887 6562 1982 13046 18174
11216 10958 18794
19278 17608 6339 10519 11542
5098 5910
8677 9519 527 19599 9836 13159 16269
6168 10328 10402 14878 10698 12707 3148 9519 14845 19442
13191 10523 13913 10171 18363
12587 19789 19086 2677 1444 12240 16359 14845
1444 579 18438 12865
16371 13887
15217 1444 10482 11301
2587 1141 1497 1444 8685 13887 6141 6141
3987 10171 10704 11542
5100
260
9926 8503 13611 17686
10961 2912 9836 10485 10317 9766 2005 7001 19365 11542 3894 19334 15314 19729 7472 527 10317 16461 2417 1203 15471
10358 19418 9800 14768 5639 8627 18896 13491 19335 3189 18981 16261
6753 1620
10317 8050
7086 7053 17989 11409 1242 11657 17435 6448 6533 14639 9756 14849 13810
11542 10644 5178
9926 2832 13171 7585 11416 19136
1433 14588 9756 18604
13701 10958 19573 9850 5206 6478 12030 16233 661 1833 6168 10328 7927 8677 9517 7582
13171 3876 13432 8791 11542 19138 18073 579 17720 13529 7698 6010 12276 6675 19164
6852 15511
14359 6608 16269 8928 16760 4939 9756 13856 15398 3082 15797 7822 6679 2188 6365 19305 14139 14425 1810 331 533 11542
1604 11542 7586 2570 331
11542 16432 3152 19659 4593
11807 13457 14666 12276 16609
15977 11542 10709 6174 7698 18744 2233
14063 10381 16466 19418 15170 5917 18295 17720 8102
12761 7526 18295 12797 7619 7644 13993
1989 8871 18727 7585 11573 10317 2163 146
327 14118 16638 311
11
6174 15410 2163
17720 328 12865 19136 2163 9926 527 5067 13191 7680 447 15170
19618
11542 9756 10317 17720 7680 19418 7585 277
19142 2163 17687 10961 294 311 18284 13997 18726 14064 146
344 311
11
2163 11858 11011 311
11
7927 11807 14416 12865 10958 7586 14118 16648 8386 15285 10482 3021 9213 9346 1620 16760 1907 3082
12226 17113
5088 10740 15073 1540 2370 11542
11542 19547 11542
10077 4265 3146
10171 17608 6677 7822
1497 579 3146 3333 9926 6852 17816 15410 8240 1497 7526 6682 3148 3334 17608
1540 2317 2370 11542
934 15794 12276 5803 1909 17310 12276 12929 15787 19733 2754 1173 934 15794 10937 10804 13808 10278 7587 7526 1620 9800 6753 7585 1620
8396 14196 11542
10317 14849
10317 14849 6750
7752 7291 5372 6753 14849 11205 11886 11542
7526 19087
7747 18159 6771 13525 7585 3847 9836 15830 6852 277 11292
14139 10317 19334 12503 16056 9836
6478 15938 12623 3158 15221 10402 8049 565 8677 9517 10644 19365 17679 1721 19137
19164 8677 9872 454
3169 527 13443 16760 8001 19654 7698 14411 16371 5711 19737 5496 19278 10700 192 11233 9005 10271 1406 19418 7553 14118 16648 146 3612
18697 9756 5098
5969 6753 14849 15410 6852 8626 11542
17830 19087 13940 19145 12707
10804 10556 13888 4973 11978 5409 11606
8677 9517 774 15337
7698 533 11542 19488 15337
14845 6753 2593
19789 19544 5910 14272 4623
11807
7585 11542 146 12
7036 8382 14064
14118 16648 14139 6249 11542 6183 15169
13298 3193 19749 934
16600 5910 6201 6249
2373 3054 10278 6608 7698 6608 934
934 7343 14125 7343 19583 7680 10317
12058 18729 16100 13002 10064 19418 9800 14845 8629
7343 14354 934
14139 6536 11542 952 19136 11542 7526 7199 17816
15837 12748 4233 14845 934 15797 7698 8855 15797 12748 934
12748 13499 7343 14118 10278 934 14129 14118 16648
11792 7343 14845 2370 17946 16483
16871 13676 6680 7136 3042 5112 14845
14118 16648 12276 6631 11573 8677 9517 16591 1961 19691 7176 13573 10221 11312 2612 12429 11573 1758 14863 11047 17540 8543 10537 14849
6771 2527 10278 2370 11573 17122 14466 16889 14863 10317 5917 6236 16701 12276 1575 11542 10537 15398 15521 8677 5349 19529 17683 11203 8102 2961 11542 5065 15677 10252 5075 11904 11654 18166
934 12276 9633 14849 6675 10317 14118 9756 3021 13825 15259 6730 11542 1092 6771 12490 14849 8685 3082
14139 4862 11606 8382 15284 14942 17914 9756 5507 4557 291 1444 19442
6608 16878 16269 1721 9931 14845 7136 10129 1791 577 1275 10233 14845 1788 10700 5383 11542 579 6554 16760 10350 19164 527 13529 4522 7698
16371 5711 5349 13941 8309 10512 11542 5542 19547 16760 10350 7694 19443 7996
18542 6431 19603 19136 6608 7789 16269 7793
10523 533 10317 8677 9517 13163 7822 10999 6608 6174 8122 8243 2754 3048 10537 16269 12740 1788 2339
2730 523 6771 11450 771 2183 1568
15895 13477 10469 2373 4884 6608 6758 6815 16225 7235 6753 14845
19733 3158 13443 19365 6771 10644 16120 17771
8677 9517 13163 19173 6608 10482 5068 16269 10482 6608 11858
14845 13406 2481 17889
6750 15221 7698 9266 3082 3103
10804 6787 6608 16269 3630 17889 14397 10537 9276 17595
15938 5969 6771 19418 10155 6677 19098 9181
14118 16648 8859 7343 16484 14845 2370
15409 10454 19164 17456 7680
2583 8675 11020 16100 6750 14849 11136 15305
6174 13645 3980 18981 3634 15617 7304
12725 14845 6174 10644 4022 6428 6413 4872
14849 7343 8643 13191 16760
4445 3095 16976 5626 10278 2370 12058 14621 4884 11807 11416
5278 19399 14093 10853 12242 19188 7977
10155 18173 1366 3095 6629 19136 9836 15411 19164 7526 5657 11416 11416 14175 7677 2681 6753 14849
298 1982 6339 9005 6533 15268 533 5445 8677 9517 17593 11606 16976
9517 2481 7822 15319 13497 2559 12934 3091 3100 10300 18567 3068 16258 14139 14927
13191 15886 16088 16561 17946 4144 14863 6201 5349 5985 19365 13941 6276 17830 11005 13389 2479 5985 17759 16432 923 5970 5917
10958 12396 2255 2223 6562 10644 6533 7231 11573 7654 12695 19418 5969 11606 9850 10480
6771 579 6010 12725
577 6755 14849 13529 4022
6771 16069 7526 16596 10804 10595
9517 4462 7585 4610 12889
8643 7136 16766 19164 3082 9263 14125 13861 7545 14849 15837
7526 9836 16878 1306 17680 3880
9836 19535 4363 6800 1788
14118 6365 8677 9519 3068 376 9836 11503
6771 1982 12738 17816
11542 13941 10472 17816 12058 17720 7680 3158 6771 11858 19138
17136
947 6680 10317 6347 9850 11542 639 5971 798 664 11542 11606 13941 10472 17816
11542 12452 6193 15922 10911 13443 9850 11542
19737 16257 10743 7526 6272
14748 12058 17686 15410 14118 533 11542 2730 3422 4739 10245 9700 6274 10961
3021 18722 1965 15410
17499 14849 14118 3758
568 14139 7822 9633 15797 19393 14023 5856 947 5917 6491 10700 5851 5542 3189 11770 11542
6755 14139 6276 6174 17718 5910 14601 3368 16595 11573 7824 481
16856 14196 11542 1171 6680 8354 2754 16701 3666 3187 19486
11542 13522 1989 18358 533
6771 3889 7822 2007 18007 11136 14849 10402 821 18073 1366 6753 947 14845 6753 15409 10706 17294 10223 7814 11606
14118 16648 19718 13443 19164 10472 18303 8627 14848 534 11096 13443
6852 277 11292 9926 6225 7680 8102 18564 10317 2007 11136 17680 13378 12429 8224 146 8627 10958 18266 13235
6670 1465 13191 8677 9517 14149 9633 527 3881 11606 19573 9836 4462 7759 4278 6168 10327 13159 1662 17320 12231 4019 4425 9871 19164
10287 14719 10928 6540 9914 9210 15169 18043 14118 16648 14776 15755 16760 16648 12276 7824 15609 15755 16755 6183 19656
3594 8784 14851 5811 16210 5811 14849 10929 12041 19583 2370 8685 1899 12465 13611 8238 11526 11255 793 392 3158 3021 17691 10245 19654 17720 2905

9279 1239 10928 14753 16760 16727
14177 6852 6062 17496 14845 3587 10130 9756 7677 15787 2754 8102 12865 14139 3447 666 14846 17456 14851 5811 16210 5811 15540
7654 1620 12396 1424 2373 18278 15540 15398
11858 3646 11542 6183 10278 8643 11542 16284 4202 6693 10317 12579 9299
11542 16990
8503 7694 4229
12030 10706 15496
19131 11416 10700 13046 4202
10528 11657 2007 11727 568 10700 11542 4363 10528
10318 11542 11480
4684 6675 5553 19138
8677 9517 19086 10056 146 8627 10278 1620
19787 3950 19787 5851 1457 1165 17731 15478 1039 15946 1306 12240 19815 19046 14845 14851
3975 14845 18981 3979
19136 19418 1848 2067 18296 3933 999 947 10406 19583 13588 930
14118 16648 14139 7299 2145 19365 6533 17318 19648 4480 7562 8677 9517 10123 3737 4500 5781 16371 5711 19508 5200
18508 6771 18156 4022 13529 1583 4973 5242 18894 19145 14849 6750
17122 16760 1758 14863 14849 12929 14748 11247 19086 15398 6771 10644
16371 5711 12865 9633 14748 19145 1091 14849 12886 11241 568 6193 11537 14118 17816 14139 8945
1879 11499 5910 11542 16964 19164 7530 13807 4740 17816 17816 6750 15221
14118 16648 4740 19165 14863 11542 18416 11542 6276 19136
10156 16122 14927 6608 16269 18417
5917 3612 19565 4547 1849 2693 3152
14118 16648 4735 7709 5917
1849 7054 3158 8277
11542 344 5917
8643 12504 13529 7698 11542 19603 19136
934 2754 11858 7654 19659 19145 1833 16899 6168 10328 5743
16760 1120 6609 17679 3663 17628 6533 12394 11573
16760 7529 3663 14177 6533 11542 6608 6758 17899 14395 4776 6852 4446
4940 16760 7677 3663 6609 11573 6608 9836 6815 12276 17679 10317 3663 2583 14359 2249 4890 10472 15771 6182 19456 10472 15771
7698 12276 18566 6609 11573 6608 7529 16868 9836 15783 1893 10298 16443 11542 13505 579 9836 2754 16261
9517 952 13154 12276 11885
7698 15398 4462 7759 2754 1667 1509 8677 9517
934 11884 6168 10330 5626 19582
19145 11542 17686 1120 14843 11542 18722 15398 4549 9756 15902 9237 5850
19702 18210
15794 13588 17215 11407 6608 8677 9517 16269 10953 9813 11558 6540 18073 6339 14849 19418 524 10317 8685 10740 11542 6339 4178 18314 533 19418 11858 7526 11007 533 16992
19365 17816 18894 19418 15398 18640 7052 15512 6608 16269 9752 14845 1843 6533 8570 10415 1522 17816 14302 8549 5938 6141 6141
9503 7291 12602 6036 2832 6174 3084 5349 6608 8677 9517 16269 10953 9813 19418 10700 4360 8111 19418 6687 19418 6826 11542
14856 14849 11047 14863 7526 6533 1620 17889 17628
7747 15398 11542 665 15322 17931
19365 17608 17830 1218 19373
8383 9243 5301 17114 14118
11542 7299
11011 7299
9836 16641 15787
11005 2527 8524 11542 8243
8243 12030 19583 2754 16744 5468
9756 10317 10402 5947
14139 19086 7585 1568 16466 9756 686
19086 6675 7698 10278 6753 7698 6750 7654 15398 11542
19418 7592
11542 4291 19418 6183 12276
9926 10706 7698 11542 12276 17934 8243
2754 15170
14139 5388 3648
7927 11542 13611 11670 19365 17422 12865 10157 7698 3648 7128 10839 13841
11542 2754 7526 8382 14028 11699
2754 3372 15398 11542 799 3372 11334
9836 9871 14421 2924 15802 6255 7319 15802
6339 12414 3934 16701
12596 3719 19659
3082 11542 13845
16255 5803 11097 1120 3643 19815 15217 14503 11542 19365
10804 3648 11096 14863 19733 10056 172 14405 14863 14845 18849
6174 1466 14262 658
658
15217
8570 10644 7319 13845
1643 1643
1643
15169 14260 16648 5971 4610 13289 6961
8677 9517 952 7299 19136 4462 7759 3057 14725 15250 3040 10317 12888
9517 7759 9264 17889 14359 1046 6771
6168 10328 8491 4672 7586 11606 6255 18496 17462 15727 3709 10519 3095 12240 4549
19474 7586 15794 17445 6358 8312 10953 1444
639 2370 6540 17720 6750 15221 7822
3056 7593 3286 10740 10223
12231 9756 7020 8503 18228 8116 10700 11573 1115 4549
11542 3372 3589 14863 17946 16978 6675 7698 11573
8643 13856 1115 9836 13128 13152 1115 14035 11657 17816 18721 10519 7135 10028 7900 12865 524 10317 8803 3193 17122 7696 6515
2961 803 7020
15410 11606 16889 3630 8503 10063
18228 10700 18716 7585 19145 11573
19145 14118 16648 14114 7585
19365 9219
12276 19601 11573 6183 15410 11801 1654 10644 8643 6201 13154 1115 10787 14139 19549 579 19087 1111 1497 9213 13175
12725 11542 5851 7698 19164 8643 1115 12725 1643 14139 6693 12573
14202 15161 17816 11416
13856 15401 11542 4138 19725 15410 18043 920 15410 6771
16760 12276 2007 6602 10597 13442
9756 7677 16784 5910 19488 18295 18266 18482 6177
9517 13163 16676 14885 18966 5711 14148 15398 6771 5349 6251
3019 14849 920 9055 1090 12290
1961 9756 14323 12276 2190 15341 18800 596 12030 7496 3287 1328 6782 7472
11542 11203 18771 6532 9850 9850 7927 17369 1497 930 9530 12476 3418 6483 11728 8503
7698 11542 17499 1965 1965
17939 10472 17816 18438 11542 8309
2754 10142 10519 19136 11542 10317 14118 16648
10804 10278 10229
9926 19426 17304 2610 10598 9800 7680
11542 17499 16760 18338 18416
12276 1909 2754 10700
8338 7526 3044 13729 19583 19659
10740 16269 11858 11133 14845 11727 582
6812 12240 14845 10402 9926 3047 7343 10278 7082
17304 18050 2330
9800 17310 1965 19020 9800 7530 1982
7526 14139 7698 3044 19442
11542 14139 7698
17720 7680 10005
15787 10317 19136 6183 17816 3597 18278
7698 10317 14849 19136 11542
11542 19418 16364 12865 10480 5320
19418 16648
15911 6007
11542 2478 7291 3068 7319 8685 17985 3612 6174 10303 5445
10358 523 6771 16486
17122 15376 13191 10314 2847
18314 11542 19089
1444
8464 16486 6193 17816
17720 527 596 18771 19365 6611 838 18864 14845 7387 6218 11542
19278 5226 19098 15508 15221
7698 527
4973 16227 13 11217 9896 19603 9756 12870 10309 10278 1019
2474
14139 10317 11542
10537 8677 9517 6787
12276 12276 1965
10537 16766 6608 16269 10144 7899 17889
14139 10318 12707 1505 4589 3612 7526 10953 3095 17502 10953 10953 7097 3095
14129 3095 7849 1848 920 19365 12929
17718 15170 5917 6631 12707 3095 18156 17499 10953 6680 10953 15175 15382 15063
5971 533 14845 2370 10318 8685 15837 1982
11606 2370 6540
15771 5692 5065 568 7822
15410 6771 19737 17009 7654 14449
17982 19603 19145
14148 19086 14666 6771 16261 10317 5349 14845 5724 9828 2370 2370 6771 14845 7530 18048 12865 14849 11807 3977 3979 1444 19789 12290 11807 3977 1173 14148 10317 6771 18005 5910 1444 19012 19789 19789 18374 1444 12276 12886 10912 19789 6592 11539 14845 2367
14196 6771 1171 5974 14863 17540 1748 17680 10686 14863 2370 17540 14845 2058
639 17683 11542 7696 7698 6852 17816 15169 18043
14452 14229 2730 5591 17982 19659
2730 19145 14863
7698 14863 2754 7585 13705 10519 10317
13191 16466 3095 9813 14621 2370 3042 12058 12707 14845 2370
6815 6223 4557 11670 7654 7526 16269
16274 786 6608 3095 6815 16269 10550 14845 2370
6812 14845 11728 1444 18047 6750
17680 10537 11542 12276 11657 4500 5781 4684 12276 1965 16312 9634
6812 10386 18022 6193 12221
16760 14139 7698 16990 2135 6437
6675 13529 11606 6193 3068
14139 6675 7698 11542 14139 10156 7822 8942
7585 327 12 16593
16462 852 11542 9756 14748 11542 3595 12882 14836 6750 15221 4610 3076
3096 9517 2007 9926 10402 9836 1982 2656 10740 6174 17718 3038 19789 12276 13584 6750 10402 6430
16760 10402 13443 12725 9756 10402 5552 10317 3346 16566 3389 5400 16261 18770 15217
934 11203 12032 4183 1446 6464 10485 18756 10317 11534 12011 11203 5130 1465 604 8243 11542
12504 11542 13529 4610 19136 972 3021 14027 316 16593
15169 13536 11542 17720 9756 12234
19399 17326 19145 17137 5969 11606
17683 4940 16760 3097 16269 10402 18438 13131 15521 10961 19418 2583
17683 5916 11542 4622 16627 17889 16261 923 10358 9213 16747 424 6800 6750
16701 7585 11542 16233 327 12
10482 7129 15521 17683 2754 11606 8784 1893 6771 8570 4939 11877 12276
11542 3719 2317
16760 2317
4462 7759 524 14139 1115
14359 8677 9519 3068 3095 9813 6168 10329 3068 1662 17333 2317 15170 10231
19418 9926 11542 5927 19486 6852 6879 11292 16760 13443 14139 15800 10121 11542 9067 1848
7698 3068 11542 1444 10358 11542
17011 9213 19145 10121 8503 11573 1643 19654 12397 19136 18213 12396 3936 10317 4160 1842 7535 16566 922 3724
14139 5971 19145 972 11542 17718 2754 6812 15888 14863 1671 6193 3042 10056 6750 6750
14139 5971 18303 8627 6021 17758 10303 7001 4910 10706 11573 2317
11573 15528 6179 6592 12388 10454 5851 12725 8272 10706 8243 13804 10472 13341
14139 5971 3369 14359 6608 16269 11133 6852 17816 11542 12932 15888 10706 18333 10958 10485 11997 6611 14359
6417 13235 7698 13888 11542 15398 15594 15773 10706 17018 11542 762 6119 18936 15773 18564 4144 8243 13593 311 19725 12240
19138 11542 19737 14196
5969 19145
15169 11542 6339 13391 527 8677 9517 565 15409 3815 10233 3187 565 5590 527
11542 10317 7343 18849 14863 6255 14844 19418 6750 14063 12396 13584 2368
17683 3193 17479 19418 10317 11542 14063 664
5075 18156 15787 6608 16269 14359 5445 19179 7529 2317
3187 565 12231
9997 13154 7576 7228 9517 13529 4466 7698
7822 6401
7588 294 12
7654 11542 1173 16371 4547
12058 11542 16632 10472
14748 2121 5856 533 17124 19418 7585 11424 19603
8677 9517 17552 952
6174 5112 4485 14845 1444 648 6675 3845 2912 920 9211
14118 6812 11542 9840 4462
16266 19545 751 9836 7586 6401 5856 3630 4421 6464
16766 15324 9800 5956 17771 13484 6800 15793
3396 8192 6675 1982 6751
11573 19095 952 9926 7696 19442
14118 17315 10277 19164 19442
10746 19442 8255 8929
14196 11542 751 7897 17126 6008
19145 18043 6693 7822 9276 15398 11542 7030 15268 18043 1211 13941 10317 12276 6632 18073
2007 14849 4229 6750 10740 5618 7526 5591
17143 7228 8524 2346 19224
14366 4111 5490 16145 16596 13159 13748
11877 8627 16364 19565 19145 11542 5972 6193 2058 6755 3082
12337 9756 533 11542
1961 2333 17527 3612 17526 6611 14359
17683 13235 11542 1849 11117 12276
9756 10539 3076 13500 16760 17718 16760 6053 12276 18303 10684 3082 527 17058 6119 9836 527 11768 6976 16477 14139 2183 11247
9519 17315 6488 10402 2380 12888 3679 3881 751 6348 527
7822 11542
14849 533 11542 11062 17889 11885
17312 13110 12045 7343 169 18072 14849 16352 2364 6750 13110 8699 6179 19629 19583 14845 2370
14849 6750 11542 11189 18293 3313 11946 2373 19585 19789
14849 18544 10519 3562 19268 533 15773 10709 11542 6010 10804 762
13182 533 14845 920 17310 8697 934 8250 17989 11409 10700 11542 19608
15409 14669 17312 6771 10402 15542
15239 10381 14060 485 15073
17713 6010 6771
19138 7228 11186 19164 13235 15782 3597 14863 7526 14934
3597 8452
277
252
213
146

7747 7822 6677 19138 14863 6753 1193 4254 1575 6675 7698 7299
13443
429
2847
5971 6193 11291
17797 2369 14946 533 12605 6533 6771
7822 2912 7822 5711 12240 17816 6201 19418 12231 5910 16766
19568 9620 9941 19006 15296 12929 153 6453
19136 5969
19418 10700 6675 7698
