424
10546 12889 10706 6562 3360 11797 16760 11112 12637 5970
9926 12058 13184 3563 16325 3360 4420 7501 19164 15642
2754 15938 19136 5126 4828 12374 19547 6464 18930 4542
14404 11213 10820 14118 16760
6010 19733 7086 5302 12901 10472 19053 8524 19372 7683 15934 16336
15934 16336 8309 7319
934 15800 2553 4465 8638 11863 10303
2062 920 6209 10303
1982 6183
5841 16730 10546 19547 904 9549 5253 14191 3068 13998 6771 18482 10247
6693 6771 10472 2837 12191 1165 19186 10110
14196
11542 1654 10644 9756 1643 10644
6193 3068 3378 2891 17108 6731 14937 3571 7602 18849 297 999 920 6193 19353 12929 18914 6193 2075 12929 10550 7226 3181
999 10145 8450 9714 14671 10804 18893 6771 13332 491 11127 8570 16868
19545 19287 19583 18201
19599 16760 16868 2075 12865 12514 12352 13965 297 999 3002 13580 19353 19535 14810 11863 19742 16976
10819 19737 15409
11542 16596 12731 6011 17816 4314 6827 10350 16668 7291 7052 11319 12196
15736 10804 12865 15406 9926 5014
14111 2272 1162 15398 575 10912 3082
429 10539 5841 18930
10644 11542 14125 7023 3082 2272 6225
17683 10804 575 13794
934 14381 15398 8418 10519 10223 9329 11542 2272
10317 8309 8675 4568 14106 2272 11542 17004 4235 5856 6771 2272
18303 15837 12027 11 6174 15401 11542 14106 5910 2272 14305 1520
146 5841 1582 10537 19573
10317 12276 739 10644 18278 10278 715 5449
7291 17008 19331 19367 17982 9986 18223 2063
18331
12889 920 18520 18303 5046 6174 904 9549 12357 2891 10317 3072
12901 4905 16266 491 12160 7599 8966
6236 7576 5628 297 19594 8018 5841 16737 8576 1031 16914
2094 17388 17405 4251 15324 5068
1203 17405 2320 9525 3422 7228 9787 16722
2754 14139 11601 16722 19475 12050 2527 15319
14106 12050
7291 19771 1220 13044 12996
19547 11542
5971 6201
649 3082 16760 10350
6249 11542
17683 17899 11588 16760
16069 12597 11542 7136 9344 11407
17679 7136 19088 5910 11542 16760 10350
17989 5912 11542 4265 10077
15410 7698 11542 10317 1587
17718 19418 3876 3180 6939 17683 11084 5969 9756 11606
11670 15398
3679 11542 10278 8629 6175 16583
16760 9756 2819 8243 19086 5910
12882
11542 3322 14753 11539 106 14583 10303 8249 1238 3060 19328 3842 612 8128 8309
19328 9220 1520 14522 8309 8309 14748 8309 10958 15406 5184 17388 17405 5075 19164 5075 15409 405 4086
7822 2734 19573 10439 214 11292 2734 16442 18708 7025 5841 16730 16440 16551 15771 14417 16261 10480 19486 11573 17881
8643 15771 15771 5910 4252 13110 3617 2279 15771 12669 6800 15771 12736
5910 4252 12716 906 568 14748 14190 4860
9802 18427 11127 14748 13235
6771 18409 14051 17816 12882 12 12 277 277 10903
9756 19138 6785 5841 16730 7136 11542
17683 13964 6174 6697
12059 18303 17952 8615 5137 4133
13964 16701 14402 10414 6697 784 13650
19535 5841 16730 13154 14139 13654 12929
6174 7442 10537 6886 19659 4388
9926 12975 17830 10408
17720 13964 14431 19589 16204 17129 9299 6812 10804 6237 16701 14402 13957 5133
934 11542 10644 16595 9282 6697 14753 19541 17982 8919
11573 16760 7291 17987 15398 16670 10804 12865 6349 17830 14753
429 19366 10539 6771
16595 6771 16592 5841 16730 6631
1909 5078 4233 6771 11606 14569 13959
10937 13957 11606 2754 10143 16760 10350 6771
947 6771 1748 17830 10473 10406 6249 9633 13320 19164 18895 14352 18438 6007
6771 9756 2479 1567 12748 8450 934 6771 3925 5016 15221 19418 10700 10073 8116 15221 19418 10700 6515 10537 15221 19418 10700 4360 16297 9700
18375 7822 1242 6533 7231 11542 2754 3921 6482 18716 18895 5969 15938 1620 19136
4684 14196 6771 6198
6771 19418 12318 6448 934 2479 18550 19486 5016 13959 1234 2231 12865 12276 4547 17939 16566 7201 6074
19568 6397 6272 1162 19145 6771
11695 10608 6183 4068 1497 9756 9926 6335 6255 18482
5841 16737 14878 13154 6431 19648 18228 14530 9320 2075 15549 999 313
12174 16406 13154 14878 11279 9525 16110 9633 15556 13142 19247 14139 15170
1176 1127 9606 3114 13154 2991 7045 4684 1368
6478 6198 7025 12761 1182
11670 15170 11999 14106 2279 6787 8309 15407 7319 9714 18043 13355 19145
6554 6765 7299 5968 5903 4683 11670 19136
6198 19418 4684 5969 19488 5383
19136 6771 10700 11247
15169 8309 11573 7894 6694 7233
3068 4944 6771 14139 7822 10911 16760 10350
10381 6631 3082 10320 774 6004 2612
16766 14411 15565 2527 10278 17816 13964
10537 11542 13505 12943 12081 3082 9213 9756 12943 9756 12276 3068
4684 8413 11409 6174 17434 11409
4684 9756 6771 19541 19541 12716 13957
6771 2754 5969
13029 1982 2912 13152 3082
14139 16227 16760 10350 18895 10157 18716 19088 9926 15551
6540 6631 11542 2754 4684 19136
8309
1376 1520 13154 13529 5841 16730 3322 14753 11539 106 4621 19647 2272 4909 733 10677 13235 18891 19353 6532 19573 8129 7654 4458 1761
16929 15501 18126
6478 17816 1668 3622 17304 13964 10706 5657 19136 14063 15735 19136
17325 12889 12174 16406 18127 2007 17816 4730 13317 11279 9525 1564 12414
18930 4542 934 16579 17331 15912 13317 789 3338
19365 11542 4185 10317 7582 11542 10223 10714 568 15799
11542 10706 13235 11858 8464 8116 10958 17683 11606 6349 5910 4252 7694
11861 11885 4185 5657 19136
19735 213 8626 2433 8977 3345 7199 11542 994 16877 2828 19278 11573
18376 17679 13159 17816 12276 11573 19086 15398 8309
7319 11542 11858 19086 15398 952 18273 7822
8309 1748 2272 17865 7026 19749 19648 11186 106 10482 8784
12726 12036 8589 12865 732 1000 8309 4621 19647 16760
4144 15182 8784 2754 7526 9857 15963 6815 12276 19535 2418 5985 17499 16760
11542 7319 8259 9196 11096 527 17946 12022
18930 4542 4862 12414 11953 12888 12276 16854 15410 19723
8309 972 16760 17552 2912 2007 18700
18542 9201 16760 17310 18716 1620 18244 17816 1000 8450 14196 5985
9756 19138 3692 8447 5445 11542 17616 7228 15410 18290
5971 6731 486 10804 733 6694 10677 16755 17499 1376 1520 11728 15963 5841 16730
1008 6694 15549 398 18930 4542 11279 12174 16406 13732 9279 18142 19578 5875
10999 19353 5875 12276 8418 2553 4465 8638 7529 3614 5084 19171 12276 2754 8863
15837 18022 2991 9606 3114 16257 1849 11280 15167 18870 18846
934 7698 17110 18273 15934 16336 3279 18322 10872 16651 6119 904 9549
15911 14106 2272 17122 4910 13581 17122 11203 10644 11542 6174 3691
15410 7698 5985 8396 14196 8309
18829 7822 4905 6771 9756 14139 6693 3690 15401 6771 8028 8626 771 6397 8250 17729 1833 17989 6771
2479 17435 6448 3143 3203 2177
10644 10073 10644 3928 934 14281 7827 8450 17720 13740 18223 6771 17990 18225 4812
1835 5065 6556 525 6787 401 17985 8255 17614 14139 10644 10657 6348
6771 8447 11127 6771 11453 8570
7654
10171 15170 13171 7654 19136 9027 6771
19087 15398 6771 5627 10204 10644 13355
19659
7698
15800 2075 12865 18123 19353 15912
19474 12865 13966
947 10406 179 3010 3048 15911 762 2974
19542 12865 19179 12865 18123 14139 1643
10318 1520 19353 14129 19353 10512 8442 7233 4670 2075 12865
10318 2710 2553 4465 8638 1431
7319
18510 19418 952 13530
8309 9029 1833 6771 7005 13961 9152 297
7698 3082 10315 1497 2754 5861 5649 2754 3844 16776 5851 8903
12504 6771 12276 4360 6193 17816 19136
4684 14196 6771 12420 527
11542 6554
4292 106 14403 7319 6010
14359 6155 11279 789 8259 1833
10408 17816 5131 2083 19541
19541 17939 16566 9152 15169 6398 6236
10539 11542 11127 19418 19145
11542 17899 16760 2075 19541 16739
17683 17422 15800 7698 8945 19164 2075 12865 10700 18210 6174 297 13115 6174 12058
3220 568 7698 3220
10480 10317 10406 17816 5883 2730 15319 10519 3812
7585 7698 6677 18438 11542
6174 2058 8707
19547 15797 15837 2075 19353 16744 4363
18930 8338 10537 19573
17310 19302 12707 13163
19365 2912 1575
1909 12865 16701 10417 10317
14196 11542 15398
4940 16760
4684 2349 11537 13859 523 1833 11128 4696 13965 16673 3563 12865
14196 1171 7030 16197 11573 19086 8111 7319 4175 6771 18133 11005 1893 17718
19583 3589 16378 11801 11807 11366 11807 4232 17889 7170 7587 10657 17587 17881
8450 10783 12886 13485 12935 6478 6193 4229 17720 1947 11368 17720 11863 2320 1833 8685 1889
16760 17816 10144 17816 10804 12865 15041 18716 10142 10228 15046 7086 2433 3028 9929 4101 10783
17598 8309 2754 16701 14416 10229 10143 8309 6174 10472 405 10142 12748 12707 7822 11852 2721 8691
7136 11542 15046
4808 19164 3563 12865 18123 18123 16928
12725 6771 10644 1076 579
14139 10317 14653 12725 12276 10675 5874
19488 604 16466 14654 17939 13110
7698 6771 579 7698 527
11606 11538 6771 17830 920 17435 12725
12174 16406 18930 4542 1575 6771
14196 11542 19138
17499 18210 19164 3563 12865 1654 18123 14304 16026 13965 19353 12865
10579 51 162
10402 6771 2730 14748 5423 2145 11573 19725 1965 7883 6787
7929
6193 17315 2916 758 19418 14109 17499
7919 19488 12276 11727 1456 3597 1179 11792 3422 12707 13617 10335
16094 12081 11730 8998 15365 19573 5349
12276
6771 2527 1497 17280 19608 6348 11203 7694 19488 12714
12081 9059 9970 565 8675
18213 17316 605 7294 11575
12058 11290 12081
10482 9112 3322 14753 11542 13588
947 11542 7585 18895 7698 8784 3322 14753 9468 297 17683 5452 17310 1568 8450 6086
5445 14360 8447 6771
11542 14684 1306 15963 19353 9698 15368 2075 10677 19426 15648 16755
17720 9279 10142 4333 14878 10677 13154 6532 19575
13399 13997 3193 19737 18123 8590 14174 10402 12799
4890 9276 10677 16755 19353 15167 1371 11542 2336
15963 14528 10677 5910 666 2834 9698 5632 5468 9633
947 13391 9279 17683 11542 1643 14498 8928 8450
19547 11588 6771
17771 5580 11542 10077 4265 3333 4277 5116 16523 1141
14023 5856 6349 2754 4251 6248 16760 19654 13888 527 12934 568 3240 13316 14878
6119 1231 7001 4939 3082 10677 12346 19353 9993 19575
909 3885 10684 3082 7655 19647 11824 12943 7655 6771
18508 15409 4302 17683 6771 16766 14125
4299 15900 3724 13957 14358 12270 18793 7110 18932 3078 17816 12901
8309 16760 2075 10677 9525 11345 11356 19353 2327
8643 19749 19353 9698 19089 8309 19654 3539 16755 10278 10317
12398 8116 17816 7530 12865 18998 15648 16755 14790
8643 10746 7526 10523 18999 5910 13784 2272
7124 10677 13814 2327 730 639 16755 9525 5819 16755
16380 12276 2327 1431 13044 10644 10677 13282
7822 11542 15401 732 1002 11356 16325 10472
14738 19354 1909 18721 17891 2083 2884 3016 5141 19737 906 17304 2832 3193
7698 11542
9279 15398 10278 10317 732 1002 1620 7654
4229 18123 19164 6174 18721 17891 17720 16497 5141
4022 9196 15398 12276 12929 10700 5014 9756 17501 12865 10317
934 16792 15398 4491 9756 15648 6350 15541 3870
9196 17718 2418 1178 6119 15963 14139 1173 7367 3038 11996
12504 7698 11542 6174 17718 13529 15046
17720 6771 10804 10684 8791 2479 14129 16233 16325 17830 3322 14753 9238
947 14129 16325 11606 19599 11542 13321 1909 11542 2879 8791 9402 7822 13635
8309 15800 1482 10537 6174 18005 8167 8735 10537 6174
15800 12925 19164 10278 4234 6047 8129 4882 9616 1382 4578 10684 3082 16269 4766 1583 10278 6119 732 1002 17816
7335 11986 19171 10278 15798 908 8447 6478 11986 553 3048 7479 8814 577 2272 8309 19656 11542
12504 7827 1230 17825 13191 11542 6812 9029 9201
8309 9201 11542 732 1000 5133 1748 2272 9787 16722
7677 10414 12086 12865 9525 11345
947 18077 2272 11542 12882 19650 7698 9633 9005 16760 10358 3082 15797 8927 12276 10937 10402 14878
14139 5851 12707 789 15170 7699 10650 11376 5910 11542 9928 7698 9104 7582 10278 11503 405 17304 2832 19164 4861
15217 13856 17889 9756 11606 5850 12050
19650 7698 9633 15797 16870 789 15963 6466 18228 4036 7526 17889 19647 2272 13283 3797 8309 19353 8631
12504 11542 7698 14498 732 1002 7654 5628 11186 99 14196 1171
14549 15963 405 14205 17571 15577 732 1000 19541 19573 8309 19353 16326 6532
14644 18123 15385 6532 19573
6771 15557 106 3322 14753 6086
18309 15800 19353 6532 12865 6629 6072 18126 732 1002
6771 405 4004 11128 6074 18689 17925 18721 3621 14381
15220 11345 13735 1833 18900 17771 6771
5841 16730 7299 3068 15409 14139 7505 9319
18930 4542 13163 399 10675 972 565 10709 6771 14125
17040 14196 6771 9277 8447 6787 12865 5969 5841 16730 565
6533 5971 19145 6771
4726 2121 10086 17435 8570 6646 5916 7698 11127
9756 10317 6198 5803 774 7822 2912 10804 4739 16964 13391 12889
947 15046 11409 8247 11409 934 7319 11409
2754 6675 8691 14561
16760 4512
8570 18217 7698 15837 12865 19098 6677 7235 8691 3615 8243 19344 15175 10537 19418 3860 5910
18914 8418 6249 6236 12971 8763
13505 7670 19535 3672 579 7667 12929 1008
8418 13502 3965 2991 10402 4229 18573 15912 17212
6771 15800 18716 10537 8179 12767 8544 4143
10537 5934
8309 11542 7576 19089 9698 19653 2272 1748 6350 2075 10677 19573 7233
11542 8074 5023 16929 14139 2480 10310 7526 17858 1497 17816 14833 16929 8927 15544
16760 7026 10414 10804 3082 10684 12290 7529 3833 10804 11573 12276 16755 15787 7529 15073 13539 7529 17858 19136
12889 7822 8310 10519 6771 7698 15557 4107 3968
12276 17679 10317 5917 9800 11542 7747 16878 4074 8111 18184 10804 11573 5917
8309 7822 11542 327 12
8309 11670 15398
17502 6431 18394 19136 13965 1989 9619 4332 11357 10677 9525 11345
527 7822
13041 15565 3965 18333 7681 5335 10414 8631 11190 3344 16327 10278
7698 19353 7017 6209 5310 3612 10941 13957 2083 1066 7698 9161 18877
6812 8116 1909 6174 4656 16328 13965 2801 11345 14749 6533 7136 16214
16266 11807 6227 6430 7526 13235 523 8503 7698
7188 15173 9926 12030 13965
19749 2320 4133 12865 8167 9756 13959
8240 10861 10614 9881 9705
16391 2832
19138 11542 5542 17418 17011
8309 16261 8863
10675 18716 18122 10677 19418 10677 4133 16257 14572 5023 6812 10568 7698 10675 12058
2075 12865 18266 1643 10906 18122 13697
12865 12865
9756 8863 2754 18122 12429 1643
4265 5910 11542
6562 1965 11542 6183 15410 10278
4684 14196 6198
17862 10700 4360 19010 12024
2754 8543 15170 11542 8901
972 527 972 568 3240
9756 13705 6198 10709 11542
6174 732 1000 9756 10644 4360 7698 214 11292
18228 4618 19201 19136 11542 1120 12276 12276 4684 12276 10937 8243 15501 7918 19418 4360
19086 4360 19136 17598 14111
14051 3597 523 11542 16744 17686 744 14051 16261 14174 9067 1565 13528 11978
8643 11542 579 6554
10644 10073 10644 4360 10644 15623 8215 5152 8685 1899 6183 18123 10787
6771 16852 13264 16197 11127 17771 19488 579 10709 9363
9213 6249 3072 5945 6412 920 11332 5910 4252 6826
2832 8106 19541
15800 13964 6225 3719 14738 4341 5155
15398 8691 12429 9983
14196 11542 11670 15398
2814 16760 988 19749 19353 6694 19648 106 11345 4621 3707 18142 18145 733 10677 19578 8529 2272
15557 18991 3322 14753 11539 6771 11265 6731 11746 19486 577 8447 6179
6771 3088 12932 16202 13961 3821 604 15577 10115 13191
4973 14718 16326 4970 3556
1405 5267 3082 10706 6771 9279 9267 594 16951 16760
7335 6258 12889 5988 2912 3642 5068 10706 433 8250 6771
8738 9756 6827 19145 10539 11542
527 6779 17058
11010 9756 3180 6939
6765 17138 5850 14804 16306
7849 4656 16325 17816 12901 9926 13957 16868 10317
11542 9756 13957
10519 18691 3344 8629 19504
19353 952 9914 732 1002 7586 14082 4568
11542 19418 15732 19748 15046 19098 8243 19547 19164
10207 6771 6946 9756 19086 5910
10539 6193 11291
13705 4107 6086 16486
19418 5969 8887 10937 751
19136 11542
11606 16951 5850 3396 19418 10155 3148
12276 451 1563 5985 11542
11542 12276 11573 7654 4659 4659 16929
19365 11542 2007 5445 19245 14118 17985 3344 5075 568 575
16261 19659 575
15170 278 19353 19541 11542 524 9833 8116 19573 14588 2912 5349 10898 13046
10472 11542 11858 7526 2310 17330 14118 10278 17816
19418 6812 3124 18932 6478 19418 6812 18936 15217 16261 920 8935 18716 6787 4549
14416 12276 17946 213 11573 162
6771 7698 2121 19098 3515 5450 8243 6693 15221
3346 16760 1643 18851 7698 13650 8695 17654 17683 14748 5865 19365 13961 9467 9756 922
9871 10317 15239 10381 5178 18849 8515
11858 10223 6677 10157 17608 17436 6443 19603 7680 15398 14132 8309 6313 1620
10644 972 12889 12897 11606 6771 14352 8450 5139 7022 2754 14106 14671
9756 5969 10706 6675
8685
8309 9201 8413 9699 13961 17526 4656 16325
11542 15800 15847 13961 15421 106
15800 8129 733 10677 4042 15949
10324 11542 934 15794 2958 11463 5037 6466 5743 15850 18223 9126 1123 3949 12240 19171 15421
13961 17526 13163 10698 14878 8309 3925 3621 14381 899 8152 17925 11127 3667 11542 934 10691 11128 9239
11542 2682 17043 10056 19723 162 5423 12865 17899 15398
11858 7747 3044 2931 17610 2185 14084 2730 6665 16156 19138
2812 1879 5910
12276 1965 5988 2920 6183 1388 18930 4542 12174 16406 4860 12415 5841 16730 2527 17435 6448 7136 14139 8103 3188 10675 3895 9580 13154 3279 18322
6771 6201 18133 527 7822 15337 5445 8245 7316 11409 6771
1965 13036 162
11542 2433 17718 6771 19723
15557 3322 14753 11539 16760 7026 18303 732 1000 10677 1376 19648 18227 10700 3047 5305 10414 11282 13957 13110 19353 14998 16204
17816 11542 19544 252 10698 1565 12276 7684 7627 17742 15072 4861
12174 6554 2858 5341 11278 18930 4542 10123 11542 14878 4013 3718 1441
579 6026 2912 4862 14190 7822 19573
4675 11542 19603 19145 16406 7319 15541
19478 2912 4262 10577 12415 6174 17718 11542 11807 10577 7747 1660
8309 7822 11542 15398 4684 14196 1171
19656 5065 17388 17405
8309 6010 7319 17989 11588 6771 9803 1474 19365 19164
12325 11258 17310 18716 1620 17816 12901 3322 14753 11539
11542 17310 13110 16325 19354 18691 3344
568 12976 9633 13320 3082
12276 10684 3082 13154 18930 4542 10675 19353 6533
11542 7677 923 18894 16278 14134 17536 10675 1849 9438
10677 10317 11735 1173 5803
4017 3360 934 13996 3193 6532 10317 12276
4684 14196 1171 19365 13617 17422 13607 7822 6771 14139 6693 17305 1620 17816 12901
8309 11606 1982 6338
527 10706 6771 17989 1907
10539 15410 15221 3897
12901 13046 14139 10485 12901
5628 297
9953 1328 5068
9993 12490 9633 14882 9606 3114 10827 11440 5263 3068 14139 15714
15398 4590
11858 9926 574
11863 11121 16812
3679 11573 1748 12053 11542
2272
11542 590 2272 9756 3795 14108 5028 18849 15073 17865
19164 2754 11542 9002 6201 2272 5997
17304 12962 13110
11542 11606 1982 2272 6174 10804 3082 553 10171
6852 15169 18043 11542 8558 19087 15398 11542 14106 2272 7698 14106
15169 6771 5098 13529 3422 2272
527 6771 6249 12174 16406 18930 4542 5841 16730 9606 3114 2553 4465 8638 904 9549 15934 16336 4860 2007 1565 6771 12936 16406 4542 4860 12414 7684 7627 12889
5910 6771 10644 10073 12725 920 4360 934 15541 9468
12276 1965 6787 162
15398
10233 16595 17501 11606 5971 2272 7319 9112 17989
9756 10317 11542
17388 17405 7698 9633 5067 15324
5841 16730 7698 3220 4144 12414 11952 18989 4542 16384 9633
4542 7822 574 12276 1279
17136 9606 3114 12174 16406 12890 975
3114 14139 15794 18716 11542 18847 405 10700 18716 17259 19017 19399 18128 10278 12348 2386 13088 11542 15794 18716 2754 934 13152 15601 16326 11722 19399
934 17136 16406 15733 2754 3591 7698 527 7319 19418 11542 12174 16406 19418 11573 15787 18716 17315
19136 12415 9993 11542 10958 3701 451 1565 163
2912 6852 1575 9756 13170 17137 7698
11670 6812 2272 14106
17325 4143 7235 18447
8863 10417 1620 12865 16094 11258
11542 17989 14118 8491 1620 6679 568 13320
1620 2553 975 4395 2062 5841 17215 16739 7888
15934 8413 16094 14878 10895 8900
18930 4542 5482 17939 923 14733 8245 18184
12313 7086 12174 16406 972
7822 16760 15787 19583 3048 3948
19278 11542 14516 19399 16298
14196 1171
12276 1965 11573 611 13964 14126 9926 6198 6209 6209
11606 10317 14118 19583
11542 12707 11957 3826 492 4769 4512 17816 8450
15716 10303 12929 7894 2754 10700 5014 13549 12290 15435 1643 17679
11542 18303 8627 9803 9276 19365 19164
11542 17310 15577 5856 6010
7654 15398 11542
14139 19087 10537 11542 11606 10539 2272
18508 11542 6685 15755 2272 13941 2058
5969 19145 7136 16760 10358 4828 3082 6119 5793 10170 17000 11804 15764 16760 6872 146 8626 82 11292 11542
527 10684 3082 16233 6632 11278 788 11600
19073
6010 11542 19136 11013 2272
10644 11542 7299 19136 12276 6348 14111 2272 16317 7737 2886
