230
7233 1945 13443 18584 14904 16766 5917 13529 10005
19737 11542 3468 3090 9766 17815 11211 9956 10519 15658 19502 4973
10472 18303 568 17329 15584 8125 6183 5549 11407
14148 15409 15895 5985
14905 568 13152 13529 5051 2317 17063 12865 17654 14148 17304 9276 1173 10958 15170
14904 7233 1945 17815 9956 13152 7215 9036 16100 12865 14148 9277 10414 10123 15170
7233 1945 11606 13191 15406 10937 14051 12158 8108 5237 10663 18303 2789 15319 568 13159 18303 19253 12725
11542 9756
18331
7747 8037 14133 10396 2832 8103
2833 12276 8452 18208 5006 14601 18402 3082 9756 16312 10317 16412 1643 9668 11081 15337
11542 6174 2469 15837 7698 568 9766 17815 11211 9956 10958 5657 6437 11035 568 1965 19136 11369 12592 7822 13391 15398 10999
9756 2317 13443 11542 7677 7529 3158
13191 18376 3378 14106 4854 1620 9926 7680 8102
67 11292 11542 8784 18303 10684 3082
1406 17114 17304 4973 10358 5617 12721 2437 6464 18771 7588 18716 9183 10684 3082 9158 13593
9756 17063 11831 5277 15800 5851 14102
12030 8795
11831 3082 13629 18303 14118 17057 16978 8621 12094 12058 15902 803 3422 5985 8524 10888 1497
635 4793 15571
2014 6923 14139 16760 18567 3082 14118 2970 12600
15902 11961
11542 11541 923 10787 10317 17501 2832 19145
2344 5946 7319 9279 7215 10709 8243 13996 16069 9756 5880 12031 8103 7747 920 19656 6771 2734
16627 1568
16990

10961 7698
9766 17815 10317 13046 19555
19555 6397 5856 8125

15584 10317 17522
13443 1876 5910
3604
18227 8116 6812 7319 11409
8575
12231
10961 9279 16760
10999
2754 19136 11542 9926 8102 11877
16298

19556 8338 11047 1833 7576 7654 1851 16456 8338 17325 19740 11044
5910 16760
6530
11606 6530
19226 771 15169 16839 1456
11756 13313 2754 10298 14527 11542
1120 19556 8338 2556 1359 9960
2007 11211 9956 6448 8309
13099

7526
2754 14416 16261 7526 3287
11606 17683
12030 10961
7097 11542 1318 8524
13447 7684 14056 19723 19601 15215 19601 4138 19601 10714 12891 19601 5075
19131 17816
2317 15337 15410 17816 17816
11203 1982 11542 17815 8143 6267 14882
8589
19164 12510 15594 15949 10028
4138 11740 12942 3717 9983 11465 18227 8557
9926 6193 11537 8106
19545 14998 8791 8503
1626 11657 19164 5238
17122 15797 11542 13678 11657 2978
17815 3719 18375 14878
17720 19145 15575 15787 2912
7086 12276 14449 1120 11542
579 5818 8222 568 9766 17815 11211 9956
10917 7698 9668
9766 17815 1643 5985 1877 18730
11211 9956 11999 1982
7927 13159 10917 4102
5743 19164 527 8589 13191 5068
11818 18158
14234 6482 6771 17110 568
6693 6249 9633 10917 19573
12773 3340 19562 8143 14719 9586 6174 9587 5781 14577
6771 13443 12231 7496
9756 16067 13656 6193 6468
15161 17816 2688 12276
19733 11542 10644 11416
19733 6775 9965

11710
19698
5803 5545
19733 12240 15090 18148 14459 13616 15466 15245 3054 12603 10402 19582 18730 952 952 19418
3417 19650 13611 5078 11710
19698
1013 9965

10414 15938 10402 13523 10785 4373 18228 18282 1120 5325 14904 2366 3912
7111 18283
11190 3344 19353 13632 4413 10519 2193 17995 15584 5339 5139 11415 15435 9276 5339 16197 3865 12718 1742 12123 5547 17108 17274
18283
3047 565 18303 10804 3047 12208 10804 3047 16197 15221 10804
6201 5803 16632 13443 15435 9005 5917
782 8012 11407 11415 3615 13442 6266 13764 3615 13443 6557
11203 11282 7136 6771 6236 14900 3602 7343
6431 15438 15337 7026 16676 14900 3604 7111 5922 11379 15908
3163 17815 11211 9956 972 5985 2884 6771 15003 10204
16574 17110 12892 8643 19562 8143 12773 3340
8413 6771 12276 14900 6787 11858 15006 12740 16643
6174 17718 1822 10804 15887 6787 10317 16839 1456 579 4740 3774 1982 11606 10315
19733 9926 3180 6939
4312 4133 6947 13028 16261 19136 813 15371 15319 930 15169 11418 6852 4138 8627 6947 7442 18227
16566 9766 17815 13941 8543 15409 10317 1120 7446 7977 18643 18228 12730 16784 7977 11211 9956 16701 8622 10151 6437 2770
11542 17114 14774 14900 3602 13918 1849 17679 14780
7529 13941 13443 1171 1497 19656 5917
934 12154 9965

10443 18228 12735 11863 19742 10317 815 15221
12504 19601 11542 6183 13529 11606 7088
179 3009 11542
15407 10317 18228 8116 1551 3378 9756 5916 3378 18295
5970 19136 7299 15398 9766 17815 11211 9956 533
16317 1575 9756 10317 11542 8430
7698 17679 11542 16579 14588 9871 17865 8924
12865 10142 8116 19164 10278 15161 17816
5917 4252 11606 7299 15938 5910
7822 9633 11542
14900 3602 12059 11606 4241 11542
13477 7236 1945 12050 17679 8503
11203 6174 15170 12240 11510 9986 12397
14748
18303 6431 15886 6787 14371 19486 19723
11334 12276 16839 1456 10485 10317 2825 4055 7233 1945
13807 10358 9668 4737 10684 10129 9956 17815 12221 3401 16312 15012
6494 3844 5854 15408 11340 10835 14900 3604 8064 3601 12725 14063 459 5542 8309 17110 2912 16380 12023 19609 12888 19562 8143 1023 2732 1210 15668 19353
13591 1914 9956 17815 7698 15319 7233
15319 3719 9983 3163 17789 10157 16674 5917 10285 18619
10482 7698 14900 3604 11542
7233 1945 3728
11542 6658 7698 12889 9005 9766 17815 11211 9956 19562 8143
15337 933 3378 17830
10958 17137 9926 11542 579 17212 18451 8243 6693 11409
17122 13970 15584 15221 9400 4144 9926 17865 11542 9756
7319 10358 18508 5985
11542 5439 2058 17830 16080 14139 19086 12276 9467
15584 15221 3622 8615 19573 6771
934 15594 3936 12078 12540 7800 18394 1591 19164
12504 299 920 13941
7233 1945 14236 18155 17568 14904 7111
13529 11606 11573 7496
8643 10123 568 9766 17815 11211 9956 11125 3163 10706 11542 14139 19137
19654 4287 19502
16760 18303 12865 4618 15584 19488 7530 14359
8643 6182 4939 6679 19488 642
6771 15515 2612 15442 10129 14464 11096 6478 16760 15886 8503 11542
8643 11068 15409 3974 6201 15407 7680 12886 18303
11211 9956 15714 11542 6431 10315
19136 3163 15658 4971
6852 8028 1643 15380 17982 3378
11542 10706 10073 14118 3604 6852 8028 9501 16929 15409 7698 1013 4972 1643
15380 2754 17499 14900 12707 1881 1013 9756 10317 3378 3604 1013 14900 11573 11670 17899 11542 15797 9560 15418 6771 17502 5910 3378 1013 1406 5014 14900 1013 12429
17011 11542 1643 15398 16371 6337 6771 3604 1013 14900 11573
797 16514 61 19723 12240 4325 1945 18303 19749 13632 1850 7233 15594 12722 8784 19418 1848 5854 1456
19418 3990 2377 7577 13154 11573 10537 11377
16299 14359 3663 5985 14118 10278 12276 19136 5276 4146
13845 6557 458 15947 11996
9766 17815 11211 9956 10129 9587 5781 19562 8143 12755 3340 8064 17108
18857 3068 565 14719 9586 13163 17829 4445 16075 16060 4754
15584 15221 17337 14967 6939 13154 16830 10084
19164 6098 19595 12695
934 11542 9956 10480 1205
10708 8018 19659 3432 15221 6804 10485 10317 1488 574 9926
12897 5349 13841
17162
15410 16839 1456 15169 12276 6198 15407 17683 7822 11542 12276 19603 19145
1162 19136 12276 15398 4084
8542 12337 7233 1945 2129 16839 1456 19151
14139 11606 4874 19136 16839 1456 10537 15398 7233 1946 10804 10804 17830
5971 8707 11542
10537 19563 12888 7446 7977
17057 9633
934 14291 15398 11211 9768 3082 15406 3616 19171
19575 17889 2527 16261 11863
19043 2677 5591
333
13529 7698 7319
16264 11213 13443 11409 7096 15947
527 3163 9766 17828 11211 9956 7822
7698 11365 5445 3604 6771 12524 3380 1180 6771 4722 11011 3378 9663
8396 14201 5447 6771
7977 7526 13856 14894 1371 6771 10362 18690 11606 3604 5445 5985 1204 7894 7233 19086 15398 7698 3604 6771 3287 9756 661 4138 19086 15398 16261 7698 10073
7233 1945 10958 6852 14900 3604 9756 5970 5540 7582
3376 19656 19502 4973 4737 890 4022 7977 9766 17815 11869 9489 8503 15601 7319 11211 9956 975 10315 11542
12303 3163 18303 12154 19164 3082 13152 9800 12295 19502 12284 8413
17815 9956 3601 7492 13732 10084 19488 6183 18228 8116 12540 8972
2916 11542 6249 11606 13459 11542 15889 17630 16839 1456
19136 13191 568 14314
6771 17017 751
14894 3604 12882 3589
12865 10406 1466 7228 1942 6771 17502 5023 9800
15601 565 9766 17815 1833 11211 9956 19136 18303 12865 16595 2058 7299 5910 6518
15584 12707 5606 17815 10406 15382 2754 14352 934 16871 16258 955
10539 6771 17023 1171 19201 7228 1942 9756 10706 10073 17771
7233 10539 6771 14355 6198 19136 8396 14196
15601 16100 8413 7350 7822 14900 3604 664
12479 6771 16588 16505 1833 11211 9956 9766 17815 19418 16122 17771 19365 11542
7587 14900 3604
6174 17718 12240 14902 7496 16701 5970 19136
7350 14139 4681 18210 10537 17419 18770 10228 6183 10512 6852 10537
19365 3774 11542 14354 10519 12865
10537 14900 3602 10700 10073 4360 7350 19164 7654
6174 17718 10317 14900 3602 7529 15541 5910 16701 7698 6771 19136
7350 19164 7654 4217 7698 14900 3604 15410
7654 17720 3158 11542 14139 13954 9277 15911 18043 7698 14139 13954 2527 7319 11542 15911 13677 14318 17950
13954 16701 7442 3044 9756 2730 1620 13954 5098
14139 7319 14139 5971 13954 11542 10073 10519 5971 9668 14129 9835 13954
13954 13954 17683 682 1643 13888 15787 13888 13954 11542 11323
13954 13954 12504 11542 14139 7698 7319
934 10537 11211 9956 13954 17720 17815 9663 14139 7698
13954 19603 19145
934 3680 16839 1456 13954 17551 1643
10539 11542
15169 7199 13535 10056 11904 13170 17137
6339 11606 8675 6540 9768 18268 7822 11211 12882 7737
15126 7319 14421 7233 11263
10077 19365 19164
4138 16094 4074 12725 16054 17746 6335 3178 6939
579 12799 15398
17801 11542 18333 18223
19474 11212 11406 9768 7446 4165 5917 10317 11542 3198 11656
934 15601 15221 10402
15600
