440
11670 7530 12240 1013 4438
15169 568 10382 17720 7822 11542

5930 214 11292 12897 7747 1982 10171
5383
10537 7698 11658
934 10317 4973 11366
14122 19365 11542 7680 17051 16596 4276 1011 4726 8615 13289 7381 3513 7680 9800 16878 15371
19601 11542 15410 10472 10472 17816 15410 15734 10063 19659 6236
15073 8219 10221 11311 6225 6693 19054 3287 16408 7698 11416 18739 14975
19054 12035 10804 12429 13923 6322 3287
972
10221 11306 13391 16760 14239 7765 10537
14196 2272 421
8679 7654 136 18849 10256 11814 7822 18765
15170 5985 7698 17680 13617
12892 6249 15564 5711 7822 5068 9815 17680 11588
16543 1103 8176 5469 5468 16746 15787
19087 16566 3145
8677 9517 4695 7938 18716 18766 1070 1078 4882 10537 8547
17909 8565 4623 568 15917 15557 9213 11244 14208 10644 6348 5851
19618
10221 11306 15542 12490
15542 972
19442 1965 13036 12414 12030
8677 9517 12414
10644 4360
1103 8174 12414
15698 4360
15104 1727 12414
10644 4360
5678 14247 12414
10644 4360
11537 12306 15016 4328 5985 17816 14544 5691 4898 6314 6183 11792 11542
10700
17683 524 15917
6026 11542 11983 15921 10406 6779 2754 14139 6675 1519 15921
11537 2007 17956 16270 9756 19086 7585 16572 12498
579 10539 12970 12326 19138 213 17830
17720 7585 12276 3044
262 11292 15822
1100 8174 9756 1583 8677 9517 1982
11858 7442 4324 3044 15398 1982
2317 2317
7592 19131 17816 11416 15398 17608
19164 11606 15921 1982 10151 8028 9756 17329
12970 934 15921 17816 14748 8028 9756 16367
19086 19136 16760 14139 7698 16760 19136 12276 10256 11830 9581 15011 6249 11542
11394 9248 1551 10221 11303
18213 11311
11542 19601 11542 15410 10472 17816
15016 4328 5466 2754 15917 12023
15911 13050 2519 13051 5639 10738 11168 565 1654 2912
12321 15217 5375 1213 9926 7680 5315 6771
14404 6026 6053
14148 1687 17978 6495 8677 9517 1103 8174 11606 1982
11311 13046 7412 5503 146
277 8627 14537 6193 11407
15398
6183
7529 1565 12415 10958 11858 19136
18213 1583 13286 12597 6771 588 11658
1643 5068 3296 15564 4107
11268 12696 10481 8589
15564 10481 3124
19545 6026 17679 15771 15540 11775 3431
10317 8677 9517 12888 10295 10958 11807 4138 10296 10700
17000 7167 12276 5171 5910 1497
19599 15016 4328 10743 10480 3898 6026 6771
11873 15917
1103 8174 2754 15917 524
2335 8440 8297 2261 2890 15037 1732 3499
12030 11613 18333 4107 19404
10961 5075 17720 14405 17208 17884
17742 12895 16739 5678 14247 10834 15104 1727 6067 960 15603 4098
13283 960 15603
1965 12707 18303 19601 11661 17816 12276 10738 11168
19138 11542 17742 11912 771 7473 11858 2007 6540 11661 8643 3881 14111 10804 13332 14671 11542 4619 7585 18227 8578 3047 12943
18508 5100 920 17742 8627 15921 5985
16271 5349 568 3372 6348 18050 15921
6174 15895 4974 16271 9445 3881 6478 19648 12157 797 13 11658 19488 11997 4973
15409 10317 3129 10644 11542 3888 11499 16545 14463 17771 19365 11542
6852 15217 6442 15407 4868 13532 5101
6174 17718 17614 1395 10045 15319 11542 11858 14139 8310 5495 6021
15566 952 4512 4822
14196 11542 1171
6771 16899
12276 4265 16543 15787 19546 5707

1103 8176 5469 5468 8247 1835 8677 9519 18981 6461
960 15603 17215 13833 18981 5678 14247 13154 4528 10834
12865 11097 14671 2734 19573 10402 12177 17720 4005 6677 16543 17515 10480 5073 12929 15921 13591
19182 10366 11599 4328 19379 18981 13283 11877 12429
925 10804 6556 16852 15919 10958 12033 15060 6685 10402 6911 3683
6852 14666 6693 16856 9756 19647 12276
7654 15398
972
11858 14106 15410 10221 11303 12058 18438 5929 2495 3346 13046 10399
11542 6348 11542 17466 4536 10171 11606 5135
1103 8176 12888 15921 2447 16701 7526 17436 9756 17686
6026 2912 4860 451 1565 2275 3068 1907 4233 15902 2447 12888
15902 13341 7966 5985
2479 9906 13484 2183 1568
13591 4536 12035 11281 5954 456 5194 14678 6072 7210 456 11957
10694 12438
16258 15410 12396 11661 3204 13474 19725 771 18716 17996 3179 19723 10221 11306 11542 3717 5101
5145 12396 11658
15921 3719 963 15730 16266 6174 10074
6174 10320 6000 1500 11997 15947
7442 11542 11 16583
10318 8382 15247 11381 13152 9881 10141
18210 10903 19737 15410
15169 12865 1218 5910 11542 4138 15380
5910 11658 6198 16739 1217 11292
6631 11658 16298 15126 11542 14139 10406
7526 19659 10317 11661
10317 11661 14118 11657 16271 16261
11661 10317 6236 16312 11657 12238 19286 15837 16760
16261 11542 7698 16271
11542 11657 17549 14984 11542
8028 19164 4610 11542 5787 16271 950 568 9756 4737 4971 19488 15921 4971 2754 4850 5505 19568
10228 7698 16271 12865 10317 14875 8056 19547 401 19647 7698 16271 6174 18227 10700 11658
18268 8028 8626
18878 8680 10221 11312 19547 16760
1643 3239 14983
12276 1965 11661 15410
1103 8264 18213 972 574 1013 15921 5469 5468 10644 17435
15921 1833 1013 525 12707 18852
8941 3082
17137 15016 4332 15921
17720 10740 15917
8297 2361 2890 974 15037 1732 3498
10078 5583 11658
19136
934 10644 6675 3107 1013 17830 18350 17762 8023 1620 11805 16739
8677 9517 7698 9027 16271 15917 923
15636 568 16543
14196 1171 19677
12276 13391 2447 6787 6183 15410
15410 19737 11807
12058
10396 4265 19164 19164 8524 2821
1103 8174 8677 9517 15016 4328 9756 2474 15037 1732 3499 8297 2261 2890 2479 2466 11808 2058 8714 12431 8247 13191
1104 14442 5469 5468 10396 16192 13391
13407 6771 5985 1909 12865 7588 1643 14671
13171 7585 3044 6174 10317 11661 6771 6198 11670 15398
12231 9926 11657 11858 15410 16543 12897 14064 7677 6852 17816 15398 10426 24
5851 5910 6174 16364 11808 2007 15200 11460 17435 8377 6464
19418 4294 18979 14118 3597 568 15921 10406 12897 7868 5856
7822 527 7822 16271 19618 1103 8174 4233 12276 11542 15221 9660 17946 17513
19488 5383 12276 1965 6787 6183 15410 2183 1568 15911 11790 14213 15801 10876 15401 2186 19631 19164 1620 8524
11542 15902 2447 5450 13500 10397 10903
568 6554 9633 5460 18716 2964 18716 6675 5856 1848 12707 533
6478 11658 19418 18271 10804 11658 10317 16271 14718 4656 13191 19254 3082 7298 5943 4107 15220 15902 2447
11542 11084 19541 2380 7582
7299 15046 17758 3931 12276
19278 10556 6337 2183 1568 11542
6242 6193 6336 12058 6635 11542 17816
11884 15398 8503 2754 13606 16261 4802 19015 4337 8714 1485 1497 2754 4568 17628 14239 12943 12191 3249
10539
11627 17939 7654 15398
6339 13391 1833 11542 12882 2912
1103 8174 7442 6554 12888 14139 15398 5850 6677 18981 6464
11727 568 575 18319 4549 10171 3291 11126 6198 5803
2754 8543 6361 972 11542 930 8452 17946 6632 10381 19418 16627 10804 19725 3597 7919
15170 8589 10317 11658 14139 10937
10903 11807 16486 11658
13591 7698 7585 11573 164 3044
13171 6629 19136 10221 11312 10700 17122 2479 2369 17860
1965 6771 15410 19725 10537 2272 13163 19418 10537 11542
19418 14983 1171 14113 14666 19476 15398 6771 13132 19136 213 17830 7343 10223 19221
4473 19086 19136 12058 4363 19365 17679
11542 364 2912 15016 4328 6540 891 12337 6198 6771 4862 451 1563 14139 8570 10151 7529 11952 7824 9152 15911 6852 7342 2758
1505 11858 19138 13152 14106 2272 9756 2183 1568 6053 11542
6852 10233 13457 15173 11858 15410 16543 13617
15073 17749 1989 1904 15398 16760 18498 7252 15881 15319
16760 13651 3947 18579 3221 2734 1073 7171 16069 7001 13796
6771 16881 9931 3034 500 4287 7001 15221 4420 7822 7043 16217 18721 5818
1658 5075 10644 3016 3221 14139 17122 6620 13533 405 5969 6771
18202 7001 15773 4198 6464 7171 11203 5969 6771
8643 6335 6134 5075 15567 1173 10223 12884 11553 5743
10221 11303 11311
9756 15410 10221 11312 2730 15630 13981
4506 14251 7824 11658 6183 10644 13061 428 15033
1818 2065 7136 15015 4328 579 4619 527 7698 8784 6067 6174 9984 13389 16818 18981 15917 12707
13076 19659 11542 10473 15800 1306
8677 9517 6287
11658 17614 565 2527 15636 18690 13629 9983 18978 3975 11005 8675 16213 18868 4623 6174 2335 527
8038 2754 17429 10700 6448 19151
686 7654 15398 11658
19086 17429 6448 13211 5639
15636 2737 10638
17720 12725 6771 12490
5887 2916
12198 7822 10848 18771 11035 18978 18771
8677 9517 1103 8174 574 13159 6060 2474
11658 18268 6771 12276 1982 12290 15410 16701 13459 12276 10406
12030 1831 15401 18996 10406 15919 16543 15921 12276 4547 8239 12865 15917
6771 2817 3422
1363 16922 5168 12081 3422 18696 7136 6478 19278 7001 12891 11538 15921 9445
14139 13794 6771
6549 11658 16401 19136 10221 11312 6804 3597 10278 2007 15319
8643 18317 11542 7675 6174 6540 14629 3368 11542 9926 13941 19089
11126 7629 7874 15530 11366 1084 15878 5408 14738 8856
947 7822 18986 10699 6771 3889 17549 15919 6680 13110 7822 9225
11365 1591 18375 3021 10472 15773 16792 18394 2734 1073 12058 10221 11303 11542 7680 7526 11863 12276 17816 16278
8643 6771 1982 11542 11661 7526
5910 4547 10221 11303 10317 13108
6174 5349 13286 16701 13529 7698
13171 17304 686 18896 18259 11978 10221 11312
5719 10706 11332 15076 10480 10317 19027 3604 6183
8543 11858 15410 4822 15856 15911 10056 17399 4747
8574 6198 3778 13617 12198 4119
17816 9563 4619 5910 9740 17230 19157 6682 14114 13851
5075 17909 8564 17899 19749 4494 8745 7443 10473 13159 12707 12252
3478 454 11190 12696 14738
16730 15016 4330 7976
582 6173 8570 1171 18893 3287 19278 12366 19216 146 11
10151 16094 3695
10804 17316 572 19583 10700 11542 12865 15917
16298 13235 11658 11657 15921 2912 568 16868 2884 6193 16270
12888 4271 19179 18986 6911 18981 12702 5850
12917 13409 10699 952 12918 3221
13856 1734 14942 1221 11775 17208 17884 16592 2317 18722 9650 4816
15046 13850 3604 12518 10898 6653 3082 15217 13235 7319
19733 17316 12865 10958 11658
10317 3599 10477 15541 14878 15541 565 10477 10700 5811 10073 19083 7267 11658 568
9756 568 15917 2884 18246 13389 12888 18981
7927 1120 11542 6486
13856 14942 15919 11661
12337 19131 11416 17816
14416 15401 13630 17608 3677 13858 10221 11312 5628 348
14911 12888 13617
11657 12083 2730 1620 10278 11542
11863 11542 10393 11082 947 3641 568 7588 1965 15921 11961 15161 960 15603 7698
17009
11658 19488 7698 15921 14139 14201
13617 5961 6501 3700 3756 7476 1627 6119 10318 9355 15221 8643 17122 930 12026 11542 15006 15006
6680 10317 86 11245 18870 68
1176 10318 13152 10958 19603 19136 10383 4890 6292 9711
947 11858 15410 10221 11303 5618 15398 11542
10317 11661 10481 10317 7698 16760
429 10539 11657 12741 12889 568
579 10318 6478 10699 6771 17051
2527 3016 5850 15902 6693 17329
16760 17989 9700 15398 18068 9575 18765
972 15398 7654 13572 12030 10740 3052 10278 1849 6608 19749 7576 4884 11807
14196 11542 6198
4684 19603 19145
19733 15337 14573 12050 16543 15787 10999 6655 11542 11658
13332 14671
12865 10517 8241
1312 5068 5466
9983 7698 17108 4363 11689 4898 12889
15104 1727 16316 4610
8677 9517 18156 1965 964 15921
2479 8524 16627 11542
5678 14247 10706 11890 9677 5633 10315 10834 11035 11752 18981 16312 10317 11173 1676
10804 7822 6561 15025 8328 10961 1965
1103 8174 8643 9445
19733 17968 5604 13714 6560 14148 4360 11371 19043 11658
8174 19544 12414 451 10323 15398 10519 5428 18333 11573 8685 17001 10706 18210 1328
18210 1328 10485 4202 16316 4202 4202
4202
9756 19601 11658 6183 8240
15410 12276 13538 6771 18849 101 4729 14491 18849 6017 11588
13124 2479 9906
8738 6348 5743 2272 6771 18849 11213 13591 7025 16760 10350
1171 13131 7654 19488 13538 6348 16760 8738 17011 906 16760 10123 10684 16760 10350 19418 10700 15496
11657 6421 11588 568 13316 5856 16379 15221 6406 1626 15220 909 12276 18896 6771 6675 9400
10804 17830 1626 15221 10681 9147 1906 6771 11542 1626
5956 6771 7136 10134 7129 10517 18023 17816
11542 6554
10402 15046 11542 15863 1982 13152
14139 9926 8277 7680 15169 13152
11657 7698 13152 6771 6201 18973 3422 9926 15771 15173
579 10318 19164 1103 8174 15116 5469 5468 1982 12787 10037
16261 19164 1103 8174 15116 12932 5854 3845 17608 18849 12787 10037 15925 9756 10644 7822
3082 11606 17340
15037 1604 3499 12882 8297 1604 2890
8677 9517 4862 12414
568 972
4098 19749
17982 648 1013 12242 960 15033 10834 5678 13954 1197 15104 1727 6174 15015 4328 19547
10317 11661 2474 3589 6771 17608
10537
19043 15398 10317
10221 11312 1965 11542 15410 19723 7822 2495 15787 6771 1982 533 3431
6141 2912 6249 8677 9517 14173 12414 12888 1103 8177 19547 12889 15016 4328 6249 17718 18981 16566 12429 1501 2502 1219 15577 17830 14051 11932 17608 8176 11588 12888 5469 5468 10898 8629 15128 3499 8296 2261 2890 8765 8677 9519 12888 2479 8525 5910 14174 16572 12498
10472 19733 213 8658 11858 2317 1643 11407 6771 1835 5065 17909 8498 13009
15148 6771 15410 19723 10804 7698 6787 19767 12023 7592 3557 19416 2496 12396 9575 18758 9575 9003 16094 12707 13423
12426 11334
1748 2495 11658 8452 2912 6249 568 7526 10667 18849 18878 8680 2272 4007 8450 18932 13385 14678 14155 5016 8685 12933 10922 10537 4008 14679 19761 12343 15300 6374 13385 441 19640 14469 13572 18557 5134 10176 17274 8116 5023 17816 7210 14678 3719 3048 4144 3932 8450
10903 8679 3715 6422 11657 14535 19037 12326 10196 8795 3082 6179 7822 4107 3951 15921 12909 5445 6771
7856 8152 1441 2007 3317 12696 7210 18913 533 8106 2734 7003 12717 7525 6401 3082 8685 3604 1965 14063 8685 18039
10221 11312 6631 11658 17720 11542 7822 2916 16486
11670 639 15967 2912 1107 17058
1103 8176 12888 6560 4684 12414 19609 6242 6337 527 2788
12058 18210 6540
8677 9517 2474 14878 9575 18765 15797 16818 8704 14878
11542 13337 13887 19086 6771 7822 527 16852 16766 972 3296 6214 18792 5856
2754 15170 5349 6026 4262 13617
18213 3344 524
12240 3289 8876 12276 17742 1965 11573 6183 10644
8680 10903 12050 14106 15714 5978 2472 8845 8685 16306
11657 10625 1965 11658 15410 8188 11077 1989 13538 6771 9005 19286 15837 16760 3296 13941 19488 12681
17978 17513 8386 14064 1531
8564 7752 1965 5075 1563 4302 19488 11606 17380 17830
7698 6236 1620 106 12990 4555 2497 9881 8255 829 1775 1013 7507 2591 7747 11877 12030 17544 1565 14016 17610 10804 10804 19725
934 10221 11312 134
10198 9575 12788 1924
18210 10903 13427 4302 15169
12276 10539 6771
2730 7215 11247 9802 16543 13617 15410 19286 5910
14148 18566 12865 9914 7680 9756 15407 12154
6771 12597 17899 19365 16760 7472 10523 12865 3710 15015 12234 1965 18981 1982 18981 13050 2519 10738 11168
13220 6873 14878 2007 565 18227 7526 12865 7654 15398 6771
15755 7698 6771 333 527 333 15921 24 15564 12504 10485
19733 7585 7725 13069 5910 9756 10317 15787
15410 16543 18849 10221 11306 11670 15170 11542 18849 17305 19365 11863 10245
429 972 19164 17939 16543 2007 15319
18695 10558 3344 14421 11389 12163 11539 11306 16608 7680 17304 1169
5769 7698 16760 10537 9276 9574 3341 4578
8677 9517 9575 18765 2876 6771 17946 9633
7319 15398 15016 4328 15917 14878 18731 17683
1103 8174 6560 960 15605 5856 14016
17982 6335 15398 15037 1732 2890 19379 14878 17592 2854 11997 15435
17304 18960 12240 7174 6515 10537 10221 11306 17122 1848 11389 3346
972 11542
10644 9279 5023 11670 524 15917 17816 2734 14748 7252
15016 4328 12882 12707 9563 7822 1726 18981
12321 15217 13795 15718 5526 5294 14139 4022 8863 11670 10317 2583 15722 4549
8677 9517 17892 2342 5526 5294 14421 1935 8729 7970 14893 7379
8116 1909 568 13630 15919 7822
15221 12696 14218 6431
2754 9756 8863 1736 11670 10317
7927 6635 16270 15104 1727 13154 1197
11670 639 1995 18004 1173 7210 7900 13881
19488 4844 7145
3292 12330 13617 18878 8680 10628 7653 12363 1833 3562 17058 527 7785 15921
13283 11311 4897 12865 5629 7174 4808
8677 9517 2730 523 8590 11356 9575 18765 15016 4328 4684 4341 8252 8589 10999 12209 9563
1103 8174 10644 17259 14878 1060 11503 4098 10402 4098 8256 1173 6675 10537 17261 11357 17638 5657 6515 10537 1843 7576 14944 18288 19725 751
10317 15921 10961 10644 11542 3622 13115
10690 1474 2349 12276 18553 12490 13620
11858 14667 11542 8871 15401 13332 14671 15398 14671 777 11263 11282 11808 19647 12276
11542 1583
10700 8503 568 15917
11658 7698 15919 7698 16271 7698 11657
7822 16760 14984 11658 7103 18729 8503 568
16760 14522 4971 11807 15917 6193 15922 10350 10706 15496
8240 2495 15787 7698 17122 11542 13528 17459 1721 15938
12023 13538 10221 11311 16592 10275 11814 7509 15011 1575
15410 14449 9213 15398 1551 18849 4105
9756 19138 10221 11306
18314 10550 11661 11542 9756 19278 19164 17946 10381 1965 11573 17830
4265 1879 5910
9756 7526 5851 4265 8675 8272 17435
11542 1835 5349 8677 9517 1103 8174 12889 10295
4860 12415
8677 9517 15794 565 2754 14096 4661 16306 2479 6679 9255 405 18213 17985 16311 15837 15319
19568 15170 2754 9759 12888
17720 3894 15921 17771 6771 1583
6339 4973 19488 2912 15921 15921 1654
6771 10710 972 6771 15636 16258 4619 13938 5016 15917 19365 6771
16760 2474 16760 3296 1965 15410 568 525 2475
6339 16267 10317 17208 17884 15921 11409 12058
6174 7526 6830 19145 6026 6771 10171 214 11292 7654 4280 5821 568 1583 18986 11670 8167 10386 1620 9756 10317 6198 5803 19583 7698 15496 8241
14063 15398 6771 9575 7355
11659 1583
6178 3737 4619 16914 19087 18721
11366 11945 14139 3876 11657 568 19488 15921 15977
14139 15917
18335 5639
5732
19135 17816 15398
11952 12415
17502 5985 451
8871 19089 17513 10358 14666 8589 17679
12231 14106 2272 15169 17742 5016 6787 16760
3787 11858 6183 19418 15398
11858 6183 2677 5591 2191
17484 17830 7698 11661
12276
6026 11573 17051 13941 8590 568
15577 14177 16978 11658 17608 18083 5078 5349 7822 9633 591 13161 14610 9239 11542
2358 8028 8626 12030 15921 17830 13918 18438 10625 10158 7408 16766 15410 13161
15902 6779 11658 1982 15564
277 11292 14114 10155
15902 13856 19086 15398 10221 11303 7654 15398 11658
19086 15398 18082 10221 11303 11542 19043 147 19725 14405
209 7822 16766
16760 12276 2496 13298 11661 19737 17742 10684 568 9517 8174 4328 8590 11307
5640 13609 12357 7654 11975 15919 11699 18716 5460 13389 9517 4328
8174 19601 5767 10130
15046 11203 8503 3346 762 19418 5005 13916 16069 4578
10480 6771 7425 7822 10804 11954 11606 10223 12414 947 2942 12414 10958 6408 3296 6174 3022 4578
19086 7698 3021
7654 15398 8476
19086 15398 10221 11303 14411 11658 16271 17051 9027 18986
7654 15398 2495
11542 15902 19547 1418 11542
14107 12396 18878 8680 12050 7136 11542 18210 14511 12396 12276 17989 8945
1103 8174 6560 2527 17435 6448 6431 730 16451 9575 18765 9027 12888 9027 17315
9575 18765 9161 13572 12276 6675 9152 9536 9756 16726 13046 2432 6671 8718 934 9027 12888 8677 9517
6804 18542 12888 15016 4328 766 16733 9563 17683 15556 7663 9759 14756 4342 10480
11542 4860 12 13241 2058 147 6174 13 13241
9575 18765 9930 13572 188 14371 13571 2439 12705 4232 11863 10278 6166 7864 12928 9194 9563
15557 13357 7174 16760 14098 14551 1626 9745 14155
8677 9517 1103 8174 7585 146 972 16566 12889 7677 15016 4328 19488 5383 1965 11658 15911 17208 17884 10402 2058 577 4973 2015 12707 6771 16271 11542 14139 8243 2437 6119 5917 19418 4684 7585 12 12
4150 15794 11884 6771 4265 11606 10318 14196 12901 16311 7592 1118 11542 12805 8629 11506 10097 14452 14093 8524 18391 8771 2832 12058 15063 1183 15942 13280 1968 1833 1366 7663 7915 11168 10915 8677 9512 10740 7663 5482 2927 3616 16978 1993 13415 2526 5482 11606 6362 6771 930 930 16261 10317 10740 18769 6335 7526 8026 15170 15636 16753 690 7228 6198 3597 10402 11168 7520 7463 8005
12276 11658 11573
12865 10317 11658 11573 579 10317
12865 15175 15921 16993 16792 774 2832 11606 16271 3082 15917 15800 6677
11542 4971 16271 10402 2058 5016 18730 11658 11573
12276 17679 19086 15170 19164 15742 11542 6554
12865 15742 11658 11573 15748 16601 568 14205 16271 11537 11534 19488 15921 15742
11542 17310 5016 19164
568 13856 5622 11430 15917 10386 13025
568 15917 19164 19086 15917 2754 524 15917 11768
568 11573 7822 19547 15977
11542 15800 18891 10221 11312 19583
2754 5969 6201 10221 11312 13152
9930 16760 10221 11312 11658 17816 6491 4735
972 2912 1833 15773 15530 14678 16870 12865 5930 12556 6495 9800 9276 8382 17771 11542
16271 7001 10686 5445 7526 2317 6119 16258 10537 11661 9756 19087 15398 2682
12889 16453 947 3763 4138 524 3622 12707 6771 6693 13110 16266 14738
213 12
11542 6852 11658 6183 19138 10644 10537 11661
2912 13163 14139 947 5657 15917 13152 17816
8677 9517 15016 4328 1103 8174 2912 16978
7747 5856 3372 19145 11542
4144 18878 8679 1520 2272 10221 11312 13154 8928 14878 1838 11542 2272 12276 1965
19145 11542 14417 2272 14106 920 67 19725 771
12876 6679 67 19725 10644 14139 8111
11542 17502 18949 7210 14678 17991 10787
18975 9966 7174
19138 10221 11312 8677 9521 13517 9575 18765
934 16592 1103 8175 7530 10852 6560 5678 14256 19221 10827 10834 13277 10546 960 15604 9731 4098 8297 2262 13372 1013 15037 1732 3500 17639 934 16592 15016 4329 19773 9194 9563 6787 10684 18923 6771 2474 7530 7257 6053 11658 934 19365 6771 2876 16270 10401 4973 934 6540 359 6771 15401 11658 10465 6554 934 4328 972 11658 12888
934 972 13617 4866 6173 16690 3296 4500 3502 5953 4106 4866 12610 4721 15324 828 2345 1013 3356 11175 15246 253 5068 17909 8564 9885 16391 4684 11658 17816 19609 8176 12414 19442 351
