547
19086 11542 3597 5591 12058 2754 19136 11573 14748 12376 12593
934 10537 12865 3333 17720 18924 5006
10317 15410 17897 5484
934 10317 3845 6771 17897 5484
6804 7526 1620 16760
10539 11542 10482 7129 10709
934 7592 2527 16614
19549 18924 2730 17897 12058 9926
3848 6771 5349
7698 15398 7291 17422 1620 17889 3597 1620 8524 1926
9277 15401 16615 14878 11542 13163 18314 11573
18317 6592 7326 11542 10430 10634 7964 11087
6141
6562 1965 6592 7326 11542
6595 17552 6302 533 15530
6592 7326 6549 19136
14196 12429
579 8396 14201
13672 18324 325 12707 5910 5927 17897
11877 17679 17499
19086 16460 18709 11542
11542 9803 18324 6007 6592 11588 13191
9568 19774 10584 16271
7326 294 13831 533 652 18314 11542
11670 19136
7654
11332 12276
9756 19138 7174 7696 639 9756 6388 1965 533 11542 6562 19723 1668 17838 7698 6750 6663 14868 7822 17295 17422 17964 10911 7785 6804
6174 17683 16760 10350 9871 11542 2754 10700 1909 1173 10472 13812 3082 13808 10684 12290 13856 16660 11858 15410 12276 9871 2821 3113 5615
7353 17343 19012 12240 2886 807 19012 11650 2886 14416 19637 10317 10911 6655
14853 7698 17090 6753 17889
17946 5917 13486 6592 7326 17422 19012 18090 166 7822 19723 18680
3017 1965 11542 6592 7326 15540
1965 294 11573
10317 952 11542 7677 15540 6179 19379 16246 6592 2886 533
10104 13021 1225 6592 11573 7025 10104 13021 16261 8503 7586 14586 3256 11947
18045 10644 7654 19136 11542 6852 4547 3017 1965 8784
7299 6592 11542
7822 11365 3604 533 14894
6422 18914 13499 18468 1965 1008 18917 15410 15540
10709 11416 16649 7001 16261 5803 16554
19145 4275 19573 13256 9756 972
5597 9652 14851 14860 533 15221 11858 5917 16914
1965 6592 11542 6183 10644
17137 10556 14671 11606 18099 17325 6771
8111 6026 2912 6592 277 11542
6771 10704 5078 18438 8928 3082 14400 19737 7898 15319
10554 9351 13191 1120 9633
11096 15601 15601 15601 2912
79 11292 10554 10554 10554
677 11542 17122 10155 8086 5683 15373 7530 8428 6852 1783 14405 8263 10164 2886 16904
1643 7977 11542 7588 7979 6592 1013 7326 14998 11416
2886 12276 1757 5769 533 11573 12059 14148 6592 1013 7328 16976
14771 17960 6533 5342 12103 3851 11168 12058 6159 8477 1366 8309 15019 6324 13131 18037 13391 19191 12276 1279 4013 10242 883
16384 15530 2007 2886 10465 16344 8408 3714 11542
17683 11542 5917 17310 13115 16760 3047
12276 17683 10317 11542 10358 13675 18771 6533 12276 4971 17959 15787 643 18266 1620 6533 6174 7585 8816
6249 15528 9350 9560 16614 11863 18914 11877 11542 6361 8062 10588 4557
19733 11542 10519 3380 2754 8824 6592 12597 7807 15324
7822 5068
2754 2721 3717 11542 6127 5769 10317 3604 533 5445 6141
5851 7035 19733 11542
12593 14305 8450 15540 8311 15410 13538 12725 15540 19145 11542
15170 11606 7654
17718 12276 17816 19136 19603 6193 12860 17816 19418 16407
2342 10350 5098 19145 11542
11542 5349 9759 15540 6337
19053 17608 16278 15398 4252 3630 2007 10999 2020 17136 3630
2754 15170 12058 11877 12707 7680 10178 19043 9493 4525 1178 7654
7822 11542
333
12490 2178 11247 1575 11542
18924 5010 5597 9652 9027
16760 19164 1982
13191 16852
11670 19136 11542
14139 10318 12936
19603 19145 1879 17813 5910
19603 16408 11416
2886 10537 2886 16760 579 14684 1306
1575 17451
5068 11542
10583 18321 525 13115
10700 18324 10073 5969 11542
11670 17009 11542 11670 19136
1575 1575 1575 6273 6010 19622
6753 7822
16904 429 972
19603 7291 11542 11449
7822 12396 6592 1013 7326
8382 654 6592 2886
7928 13856 11606 17816 16766 923 17816 13856 568 1210
7822 11542 664 1013 19749 664 7900 11573
5542 6753 5517 2889 14274 7822 11542 9850
11542 19086 10155 9841 8524 1619 5969
18678 8382 5938 19418 10155 16122
7822 11542 19136 7291 8900 11542 17608 6348
428 11670 15398
11858 5549 11407
6998 4262 16860 7682 19737
10740 10472 7979 9802 10709 11573 19418 12804 15398 19046 2191 5507
10519 15526 7526 1982 7526 14748 15375 6174 7526 3044 17690
604 6836 13389 7176 7903 1575 17985 6540 1746
14851 1575 605
18924 12788 9800 7822 19573
12788 11930 7977 15401 7917 186 13288 17816 17816 1982
18924 11807 17232 11462 10740 10462
6998 18210 6540 10278
14733 5005
11203 17683 15540 6787 7526 5549 12064 19166 16701 2474 17946 533
10684 4358 12276 5342 6815 10242 16701 883 19578 2612 4272
5342 17427 13256 6812 8333
17499 19744 2475 13154 12466 18894 19549 9756 7680 10243 11247
1120 6592 7326 5910 10156 5383 19737 1120
6592 7326 15540 9756 9803 7530 1982 1982 6562 6592 7326 15950 1965 6771 15540
972 11542
1909 11877 11542 19418 9560 16614 1643 7977 11964
14996 7680 1306 10317 13856 14588
12865 15173 6592 311 12276 10684 13719 2455 5331 7680 5005
18659 947 7698 3969 3068 19418 9857
12226
12276 975 16384 11542 15540 17816 9756 12337 7822 6540
19364 14113 14666 16298 16462 13171 5969 11877 11542
8570 11877 11542 1120 11863 3068 19418 596 15540 17122 19418 8102
17598 9928 3630 8770 15674
10539 11542
19733 13191 15221 19164 17946 10706 11542 14851
533 18690 533 11542 6276 19136 15221 6993 2677 6753 1575 11542 17057 4022 15221 2886 10443 9756 7822
9926 14851 5597 9652 1823 11542
15217 8675 19353 2373 5910 10644 17683 6750 7673 11509
6750 15221 11178 14867 3068 9997 17992 6276
17110 2912 12725
10086 7698 17830 19365 4262 7822 15398
13191 13443 16701 5970
17816 7526 2310 2439 533 10056 10472
11542 7822 14733
7457 18566 12276 12180 13488 16978 14177 7176 11573 12276 4621 19418 6515 10700 4822 6011 2942
11542 13765 4468 10537 9276 7529 18722 15598 4547 10064 9756 7698 11013 15771 6464
7326 294 10537 9276 15540 579 3612 1620 10278
11573 17114 10644
7979 18048 19053 11573 19088 10317 8338 11542
2364 12206 7326 294 14593 6507 10783
12231 5671 11
199 16701 17816 10171
11542 10835
10519 8413 11409
14851 6249 11542
3082 7465 14139
10242 1620 4442
11542 6592 7326
15217 813 3396 12276 8395 11542
19418 7585 24 14064 14748 1568
11332
7654 19136 14748 1568
5618 11877 9204 12058
6771 6765 8399 16395 3111 3422 3587 15221 3597 6335 7176
17683 12276 1965 6771 7176
18136 12059 3432 4252 13732 17439 3597
17898 9289 9351 19737 1120 13298 533 16583 19418 10320 9657 6592 7326 4262 9703 12081 15573
9800 15371 1933 6594
6592 1013 7326 294 1620 19309 13389
11542 4022
7291 533 8398 16904
19043 15398
18542 8784 14118 12929 2754 500 6201 10472 8354 17514 13846 6201
18303 17782 7979
8570 11877 17816 6452 1013 6452 19418 6658 15221
4022 13959 553
10537 15398
17748 7526 6174 6827 19145 12276
568 14139 533
2754 6675 10537 11542 11606 14118
13957 967 18716 6174 10482 11877 6452 1013 6452
10537 8239 6452 1013 6452 311
6562 1568 1965 6592 1013 7326 15540
11983 1879 5910
12321 15528 1575 19164 11542 13796 11573 15540 4531 3426 10498 6562 1982 11542 15540 15410
11858 15410 11542 13793 13538 11573 10700 12321 4252
12240 4262 11366 11863 4262 6592 277 13856 11542 17946
8543 19043 6592 311 11877 19723
12276 9048 19418 5097
8396 14196 2935 12276 17610
19418 1575 5591 7291 5707 11542 2754 2007 15319
19418 4684 2680 4547 14371 5591
11542 4737 6201 4252 13671 11606
7326 294
10644 16760 2754 4907 15922 10350 8477 5331 2455 14153 4262 12376 17304 10901 3639 12386 11105 5499 523 40 4131
7326 294 10640 5970 19136 16299 7946 13176
9983 17758 16766 4154 7785 2783 15026 533 13959 3111 12871 1626 15284 10740 10740 6755 19535 19535 6755 2886 17345 6174 13127
533 15221 7654 17946 11807 1551 1226 10453 6193 12058 5969 15530
568 13152 12707 12231 3995 11499 9982 4726 12276 10357
7326 294 4740 13672 6593 15371 1933 5969 14733
7822 6771 7698 533 7698 16904 19603 19136
16601 18924 422 14851 6814 17499 7136 10242 1643 7399 12865
14851 18229 7526 18924 2931 7399 13342 7526 10242
18924 11812 7526 4262 1620 17889 19583 18227 2931 7399
10519 13154 16904 9400 10519 4212 6956 2886 2962 6954 2821 17946 6174 10741 7526 17343 6954
2886 7698 12240 2491 2821 6115 7698 9741
2206 6956 16110
7530 5307 7654 19418 19136 15398
19467 7654
1748 1011 15003 17816 17683 13191 6291
1180 7716 17683 2821 3111 17058
934 3068 11807 7526 6484 14748 2886 6119 18746 1000 11650
15221 14462 17544 2886 14810 15410 11623 15221
9354 11868 2886 934 17058 18318 11930 15996 5497 10062 12788 19055
17683 8477 14878 934 5349
10804 6485 6102 12164 6119 10056 2058 17343 15217 3028 8092 2462 17889 14129 18851 533
1157 934 17310 10472 10298 17789 2964 18605 15947 3780 15008 10204
7822 17865 11801 1171 12143 6484 14063 6730 11499 10056 13892
934 10539 1982 240 246 5045 17680 2479 2058 14124 653
17683 11795 6249
7698 19573
13588 12276 1965 11573 6592 7326 7176
17939 10472 17816 10123 17897 5484 6804 6812 5917 17897 5484 11542 8062 7677 17897
7178 10512 16643 16974 15521 6592 7326 7176 14051 6257 10064 6787 2444 11863 10278 15540
2912 15409 16038 13617 12159 3109 6386 13125 4207 9555 1497 16913
16367 695 3786 15528 6661 15019 2852 9609 10596 17308 2886 6026 2912 5743 8086 3113 7677 10472 15008 10151 278 11217 10472
3787 11542 7698 2685
11542 14645 13391 15521 293 15540
3346 2821 3111 9027 533 15530 6388 5917 5985 6011 15136 6174 1271 11542 7675
13888 13890 4154 19486 11542 14645 14349 14360 4658 9325 18482 4580
11542 10743 9800 7176 18017 17544 490 16976
11542 16453 4236 18210 17566 1328 11375 533
12276 1029 12035 13077 5916 15217 13471 2821 3109 1643 7979 15902 6838 7359 12306 13848 2886 5707 4926 2178 12276 2886 17856
13907 14475 7953 13391 6388
9756 16261 17683
9926 12865 2061 5068 11542 1643
11542 7176 2886 4229 16904 19699 2886
6892 16760 16760 15376 19136 6592 7326 15540 7737 13962 2886
19086 16760 7654 19136 12824 15573 2321
7654 16760 19136 16671 7176 2832 7195 4481
12865 5003 10317 11542 5003 15398 579 5075 19087 10480
11542 16760 13554 12865 2061 5985 2886 7176 7097 15540
7526
3788 1575 12276 1965 7176
2886 11863 15410 5628 11573
3370 17897 5484 5917 3847
11670 19136 6592 7326 6549
6592 7326 10233
6174 309 9204 15540 16701 14860
11542 18255 10430 13289 6013 10430 17574 16113 7431
16760 2471 2754 5648 7092 11542 6225 19046
11542 7291 7822 533 15221 6230 2754 10073
17595 11542 17304 15542 18438 10067 5597 9652 2721 17033 17709
13538 11542 8578 11877 11542 7526 1643 7977 9560 16614
1843 18223 11542 5910 15217 13672 9560 16614 19418 1643 7977 11877 9204
19043 15398
10155 2402 3412 5969 7822 6011
19733 19733 19733 6771 8243 13962 6750 15217 7822 16760 7822 2886 1575 18730
2754 6174 458 16760 10350 6201 17804
14899 3068 14425 4150 952 7747 16261 15170 9803 15630 8215
15401 9560 16614 5910 7822 17136
8578 11877 11542 19418 7822 3109 15217
12276 7178 19086 3082 5005 10317 6119 8062 12276 4022 2924
9800 6787 3630 7979 18924 16100 2656 10740 17499 19699 13856 6771
1500 11863 3068 17422 10475 12707 6533 16904
10539 11542 7822 533 15221 972 15319 3163 19365 2912
12337 1965 6592 7326 19737
5683 15371 920 19365 11542 17435 4138 12725
19043 15574 9204 7176
8675 6540 7176 19164 9803 7930 17816 17816
18924 5010 13163 3068 17277 15911 1879 11177 14868 429 2474 6771 7698 7529 3612 6694 533 8348 15800 15577 17830 6771
15574 9204 7176 7680 7822 1748 16094 16162 15787 4252 6771
7822 2886 6816 568 972 6755 12264 553 15221 2821 3111 7698 5985 10700 8111 13856 2007 1377 16120 6464
6174 10317 2886 7822 6236 7698 533 11542 7299 15895 11884 18299
14139 10317 2886 7176 19418 16595 10325 10519
19043 11877 12276
6804 11573 6592 7326 7176 16261 7178 11365 14180 3047 16760 13499 11863 6276 3082 10700 11863 7822 6677 11573 3597
8570 7176 11802
11858 15410 6592 7326 11573 15170 12276 11349 7592
1909 7698 9633 6361 1620 16760 6852 17816 19141
19418 4675 19145 277
10402 11606 18605 12725 1909 8106 8382 2570 533 11542
10317 15073 6852 6592 7326 11542 17122 6193 565 6193 11542 1909 2754 18213 17499 920 6533 10317 2249 2912 6174 4262
1909 6478 14359 18213 613 11542
12058 13 19659 9756 8167 7822 568
1906 11542 12669 19696 18175 19677
16258 930 15073 18578 6750 902 12276 5803 15411
12707 18924 2928 2821 2931 7577

13529 3016 15221 5006 11573 17513 19725 771
11542 9228 9248
2730 3134 8871 6339 15398 252 6814 12865 18771 311
252 9756 1120 13687 13941 12221 1909 8871 14061 8382 10556
19136 9850 11670 13485 14963 13810 1906 17263
6592 1013 7326 294 15540 16601 7680 4515 12761 12276 13538 3082 1758 7535 12276 10684 3082 18156 6812 2479 1620
10591 6171 10706 12231 18914 972 15221 11542 12290 17343 14851 18924 5010 7134 2007 5539 9181 13125
17679 8169 18924 9741 2821 7764 7535 11203 15410 13538 12290 19083 16460 15170 11727 10013 17946 2821 19488 2437 2260 18605 1178 6592 1013 7326 11858 11011 17305 15542 1178 7979
16595 19547 14666
8469
10961 16595 15173 11542 13588 1965 12276 19737 6592 7326 15541
10961 6174 15170 11542 1965 11542 164
11542 12865 10317 10317 2719 5268 10999 10402 2058 533 3604 16052 2058 14894
16371 18314 2249 12788 19055 18924 5010 527 17889 10317 2479 1965 18303 7698 568 2754 16261 10317 8315 568 11542 16660 7387
8783 934 10317 7585 3836 5075 6771 9766 10344 1120 9633 5349
11858 6494 967 7828
17032 19365 17679 11542 7822 15410 6194
16760 10350 3947 13538 12707
19418 6812 14358 14274 13538 12725
15145 579
596 1620 3082 10517
15170 7696 9350 14139 16371 3068 325 12707 9800 15382 12058
17982 3592 12602 7962 2159 2595 2886 6201 2754 8863 18924 5010 5597 9652 9871 11573
533 15170 14139 19575 8116
7086 4302
6599 10350 11670 19136
934 7747 17343
19603 2561
9756 2730 1620 19145 309 9204 6592 7326 7176 10414 6337
6771 2481 12240 4262 1620 17889 6800 9633 16744 4273 2754 16744 4144 14851 1240 6800 17377
13182 533 13962 15221 2754 6335 2886 4899 8064 8064 3587 17312 13110
6771 12204 533 6592 277 5971 6076
934 15221 19418 10700 10073 17598 3068 18321 7548 13163
9756 17683 6771 7586 12276 6800 5899
6771 6804 5910 19418 15398 11127 16617 1465 16904 11542 15798 13957 17312 13110 17896 18482 17136 19046 12276 14984 19737
6771 10402 146 8627 5971 6193 11291
605 930 17946 3344 7176
12788 19057 1965 12888 12725
18924 5010 13163 5331 19249 952 5597 9652 13939 4038
10591 6171 13163 15674 19263 12276 1965 18917 15540
6026 16583 2912 10485 590 14576 3068 10706 13191 1907
533 15530 4229
10242 14634 6174 4225
9202 4326 16583 2921 3834 19305 17771 11542
7371 7361 18040 5910 17989
8099
12508 11542 10958 16852 16769 10706 16308 40 19723 12240 4064 546 571 16904 4145 1626 15284
935 19547 18771 6533 15790
11058 17081 12605 6011
6562 1965 6592 1013 7326 15540
7698 16766 7822 18914 533 11983 16595 6826
19043 594 2200 3539 3597
8707 9756 14748 1011 19488 12557 13191
16257 3946 15361 19202 16760 10358 13538 6539 17889 3612 17889 2007 783
5597 9652 18924 5010 19618
7698 14576 14882
14139 17110 2912 11542 6198 2879 14882 10317 10123 568
9953 7176 7822 17043 9834
1748 10067 14370 19043 15398 11877
17122 6335 16739 10350 665 15322 6592 7326 294 7144 4549 12319 17610 13779
9914 6540 7176 17789 6562 8382 6337
13172 15170 11542 6242 6318 6337 17680 6335
6750 15221 7822 16901 19573 6592 2886 8382 13390 19193 7737 11084 11084 1833 19541
17009 10700 17122 5488 16145 19302 5803 11807 5969 11542 13568 16600 10155 15371 19418 11332 16261
17748 14733 6193 11291 6592 7326 294
533 6549 18547 7654 15398 11542
10155 9756 5910 4252 16595 14889 5743
17959 19278 14748 17679 6562 3778
2075 12663 19353 4866 19603 6750
8309 12037 10013 14956 18110 2433 11805 16398
19164 1620 13830 17135 2491 10013 14955 15540 8828
6500 8669 1965 6183 282
7927 18747 5947 2754 14139 13851 12058
4890 13867 17683 16766 13941 1907 568 3240
11178 14868 16836 11606 17992 6750 15221 11463 17995
1974 10317 14118 10278
3082 13154 6872 14882
6174 17718 9245 9926 15221 13342 14118 2223 1913
17343 8675 807 15221 15211 1989 1904
6758 18314 17343 16299 4312 3186 1013 1025
12231 15401 18043 15401 813 17720 7696 8589 7927
1575
8543 15922 7176 309 6771 1965 12058
6198 1620 16760 7822 533 15542 19583
6771 10706 9426 10740 213 10480 10317 7412
10999
19488 5383 533 6771 17043 7680 5023 17946
10317 7822 11573 5917 12882
7654 15398 19418 15401 19488 5383 2680 12276 2200
18043 16747 15401 10233 19603 17816 11416
19145 18043 7654 3287 8791 6652 15878 7299

11542 14139 14139 5970 7299 12605 17058 5372 533
10961 12 8382 12023 17686 9871 11542 4618 15398 4862
11542 10519 9668 14139 19573 13191
8116 7526 3589 13199 19573 13696 12276 14051 2903
533 15221 10485 11766 10961 1115 3422 18696 12504 7698 9633 3113 15221
7319 11884 18299 11884 533 15221 6562 1965 19365 15540
12865 10081 19621 3334
10537 2886 533 7299
15398 5969 1349
6562 6007 11542 14371 19723
10056 12276 7698 10519 533 14588 13191 12276 3845 10517 2699 2479 18716 213 11542 17897 5484
15046 15398 18026 12276 12276 10999 10517 7576 10056 12707 11802 5917 11542 7680 10700 1120 6053 6592 7326
10317 5075 10700 11542 10519 533 10402 5445 10402 15046 12707 6174 13957 10317 12240 17830 6852 11542
16261 15169 17482 2714 5346 12258
18924 5010 17899 11877 11542 19418 13788 14728 920 12707 11877 12276 19418 14653 13220 594 6533 17958 13718 17897 5484
10454 7680 14653 7228 8093
14111 7654 15398 11542 13484 146 8627 533 10056 11291 11542 7654 15938 19136 10056 12707
11542 3409 16904
10519 13235 14670 6592 1013 7326 294 11938 7680 19136 11542 19136 15398 16904 19136 10472 6105 15282 15178 16904 2754 8491 1474
19603 8243 18721 17536 10501 13191 10981
18731 4951 18722 5495 16760 2902 6538 294 17679 5500 2886 18209 13125
18336 11203 4121 16462
9756 15170 15528 11222 19291 5468 19053 1568
3068 4944 1575 1313 4902 19479 15496 4973 18675 342 7769 11068
7526 19136 10383 4276 18924 5010 18156 15501 14900
19603 16261
5910 14416 12788 19055 5006 10709 6538 294 18040 9427
11542 6562 1965 15540
6765 10523 6452 533 16760 9756 6249
19656 15170 12276 1965 19656 18165
294 311 16701 1575
18731 15526 10056 17690 12276 12276 294 16701 12490 11542
9926 1171 10317 11542
934 17683 12276 1965 11573 15410 19043 15574 14371 8570 6478 5016 5075 3047 19164
6339 10519 15574
1575 11542 12865 10537
16266 18045 6592 12396 11542 6494 4735
17816 2902
6592 294 6225 13672
6592 16921 4190 9249
11447 18884 17865 16270 9005 8928 15221 11573 6255 17897 5484 15540 6804 3849 17897 5484 6592 277
16901 15221 9005 17343 12276 1965 12290 15410 6183
5851 15837 18927 5010 12276 1965
15046 17939 8062 7584 6079 15911 12276 4025 12865 11542
11542 4684 6820 6592 7326 11542 6183
10539
11670 19136
10493 11583 7645 15373
10233 9756 15176 10519 6441 11542
9766 18924 7979
17122 1120 11549 19418 1120
14139 533 11863 18566 10804 11573 17881
17122 10317 16593 6249 8570 7576 14139 4557
5920 6338 15398 9561 1833 11084 11572
4303 11542 19140 10537 17315
11542 29 18286
7822 9633 7980 18716 11411 14139 1230 6478 6534 2754 18891 17889
5349 6690 5349
17683 12276 1965 15540
533 6592 2886 7822 16904
7176 9756 7680 7526 1982 1982
10700 12276 3047 14630 14931 5431 13962 2058 10223 3304 13962
7526 19659 10537 11542 5431 13962 9756 11606 6276
14139 13172 14630 11178 14866 10537 3068
2821 15432 7822 11930 15996 319 7061 6115 14971
2916 7822 6635 568 575 1620 10482 7698
6750 15221 3235 6010
19164 1497 17899 10242 13130 2475 6291
9756 10539 11542 12504 7371 7360 5005 11542 934 8062 5008 18680 12707
6675 7585 16306 6126 11542 11670 5005
11542 5917 7698 12023 952 10539 12865
15931 13171 15398
9560 16548 7822 565 9756 2479 3047 11863 12707 12240 3082 2659 5251 11606
13591 6693 19365 8150 13372 15540
17598 5383 7698 11542 18133 533 15221
13241 19418 17013 10317 10240 3612 1620 15540
16257 13171 18227 14592 14882 7371 8062
6249 11542 9034
5331 11890 18924 18324 10644
5539
6249 533 15221 10644
11011
6193 12276
9005 12788 19055 4442
16124
19046 6592 7326 311 11542 579 7677 12131 19399 7526 9844
5803 6201 7680 16135 10070
2556 15705 1620 5383
1000 8338
4442
16124
1575 553
6119 6750 15221 17422 11073 6592 7326 15540 5349 7822 9633
10537 11542 6478
8570 11877 15369 311 7979 7696 14851 6201
12058
19544 10519 8255 9034
12276 11263 17122
7822 11542
11542 7764 8493 1474 7654 6592 7326 14733 12058 6530 7894 7979 7384 17992 12485 16852 7698 9181
11178 14869 1965 11542 4531
19547 574 4740 1120 7822 12888 5339 15221
14588 2912 6249
18924 5010 5597 9652 17422 4232 10519 6273
16760 7822
3925 920 11983 533 9311 3375 10358
7698 7979 7698 1643 7979 1643
10591 6171 4740 16852 12888 10123 1643 7977 15674
947 16760 6568 16827 2350 13150 16701 19582 14601 6010 14148 922 11542 19603 19145
11542 2007
10040 15178
7698 568 2007 2570
13283 5068 1643 16760 10171 5100 6348
5075 15409 6174 1757 7805 5768 13021
19516 1285 10804 10517 12344
10804 11573 15730 16766 7822 533 10700 5005 8116 277 3612 11247
6174 500
533 3237 15407 5349 3187 13159 533 6760
11542 13119 1643 4974 16907 1468 3604
7188 17679 13332 11542 2912
12504 19603 11416
11542 2721 7694 295 15386 6693 10317 10157
7588 11542 146 16583 14064 13529 4022 146 15481 4208 8407 6372 16077
12431 7176 15409 5006 10472 771
10473 2886 13962 8589 16945 12865 14063 15398 19656 15162
12788 19055 1643 6183 7698 17679 1721
18924 5010 7530 12240 524 15797
14851 934 15409 9723 10317 952
12788 19055 1643 19087 15170 18290
6530 11868 11342 8935 11573 13529 11606 930 9926 16760
14063 19696 13324
16701 18438 15540 7694 19659 15911 143 6771 8028 1643
9926 5910 143 12276
18924 5010 6957 4022 3346 2821
14139 19474 10015 17946 12788 19057 2821 9857 11542 11858 6313
14139 10317 6852 11542 6592 7326
10317 146 6592 146 7326
934 10318 6592 7326 17897 5484
1982
7822 11542
7822 16760 10350
934 7822 527
10519 533
6592 7326 11863 11383 12396 12725 1982
6592 6879 934 1982
7326 311 934 1982
311
11 7698 14072
7822 11542 311
11 18435
7585 327
7822 11542
10317 533 11573 19418 10317 11542
10519 1982 18745 18819
10519 1982 215
1982 17016 16512 5657
15398 11542
19107 10958 3921 16466 2015 1965 12276 7176
2912 972 565 15714 2472 14882
18924 5010 12788 19055 11178 14868 5597 9652 7571 2822
533 6554
1363 533 6771 11884 15496 8714 13615 2007 10084 4144 11542
6771 6592 12597 16069
6771 1575 15557 6750 15221
7571 2822 11178 14868 6753 15221 12276 6787 1965 12725
15787 8945 15977
10684 18914 7698 13154 10591 6171
4578 12788 19055 15046 11332 7977
5075 7326 294 9766 10344
14139 10706 1965 533 6771 6183
19145 11542 4547 14371 3291 4133 12276 1575 3292 6350 10278
11542 9931 14404 19164 1879 5910
11542 6193 12276 19136
10523 7299
