376
10509 14769 18166 952 8272 14111 16253 16760
8476 11606 10306 14111 13941 8712
3872 15169 11542 17720 19145 6409 10522 11573
19733 8712 15221 12504 6675 11542 8272 16253
14416 13971 2052 5567 15003 15837 8215 2272
934 6693 12565 7881 4810 12369 9881 9802 2272
17683 11599
9525 11334 10835 11542
2272 7299 11542
5098 11542 13588 19418 13829 3612 18884
15169 8476 10056 11904 5098
14106 8476 1013 10522 313 14524 4138 17830 15911 14139 5971 10522 18210 13341 2279
12337 8476 2272
2272 19656 3193
19733 1788 18932 2272 15178 11542
1173 11542 4515 17742 10522 11573
11542 934 17304 10266 16760
14416 17711 7906 10911 8215 7660
9756 10706 18936 4515
10522 11542 2730 10481 7129 11863 12276
4874 15398 10056 18303 8476 11573 6174 12198 10436 10268
14106 14524 17905 2279 10804 17830 19725
5971 10522 6787 4890 12086 11902 10481 7129 8476 7822 1141
18508 18268 9979 17459 11126
15580 16825 10700 18166 8106 6562 12221 6781 1325 4619 8360 9926 1982 1520 10644 1257 18284 10224 16760
10522 6693 3052 10700 5014 11865 16760 5985 16460 3817 6540 10317
18508 15170 8476
19399 12924 6771 5916 4924 1551 15375 17690 6787 4105
9345 3779 15398 13608 12959 9525 14608 2912 3082 17513 19725 10064 19573 8476
6174 3778 1894 9525 9252 16824 8476 17742 12536 6787 12717 15911 17907 12396 19573 11015 15189 148 12617 3680 35 12617 10509 14769
3777 2321 17000 8476 18482 9699
2026 6174 11044 7691 6062 12167 5628 2280 13036 17743
1123 9525 9141 18351 10041 9438 17319 17907 15879 6935 13036 3592 14063 18528 3021 1086 7020 15410
14150 6276 3017 6010 6062 5596 2818 7545 16422
1123 7927 19043 15525 6174 17744
3651 7833 19601
10958 10317 10958 17906 4684
6562 10472 5461 2317
579 7747 19054 1568 2058 7526 7215 804 2730 1620 19138 14588
16760 16094 2272 19737 5461 213 11573 213 8627 16760 14139 17003 14601
10317 17686 6255 11416 11416 11416
18438 10509 14769 18166 18166 1748 213 2279
3188 6540 2279 19418 19131 17816 11877 18303 11573 14984 19365 15540 6448
9756 7680 13523 11542 6312 15118
13171 6540 2279 10509 14769 18166 19131 17816 13283 11542
17720 11542 1643 11606 10317 9526 9881 9937 14139 1643
12536 15131 11542 17608 13274 5910
19418 3017 15398 14588 15540
9926 9525 7023 2272 588 3052 9800 3950 10522 3134 10317 14801 15528 10644 18303 8626 11542 588 8111
3881 12396 2272 7822 10903 10317 10522 15922 11542 1965
15409 10317 9525 13481 16945 10517 19164 10684 13191 10317 9881 9937
15902 1643 12536 11542 10644 12058 13528 6771 10703
19365 1643 12396 16760 18785 6966 6750 15221
19164 11606
4144 18438 19086 10700 17742 17816 11606 11416 213 11573 9213 14139 7698 13831 12276
12396 16760 6750 5866 12616 12050
8064 10317 2912 527
13591
8167 7442 11 12
19136 18303 12725 19164
15046 10317 16760 11606 15902 9756 19136 294 8627 10895 6750 11542 17114 533 11542
7680 12276 10472 14671 3888 4907 19655 7698 19659 4618 8464 3291
15173 4684 6812 17816 14106 2272 7654 15398 11542
2272 3724 16266 8116 9800 2058 982 4828 11542 12204 6441 6174 8860 405 3843
11542 13529 525 7698 15337 16695 2272 11606 10223 4907 11542 11997
11542 5985 18438 6201 1893 8476 16760 1893 7585 11884 8851 18227 15899 17680
8675 11542 2575 934 8675 10509 14769 6540
8240 5075 12959 9525 6804 5067 8476 8884 12377 17793
19278 15398 11542 8867 10644 18896 6348 7299
6201 11542 12882
12337 7023 2272
10539 6478 12959 13856 17711 5934 1602 6771 6174 17718 11727 11097 2272
10644 6276
8675 7690 6540 2026 16893 18690 7660 18251 7747 7726
8413 18303 17939 12707 14732 4512
11542 429 972
6272 7654 15398 15375 9204 8476 4881 16111
2183 1568 1838 10697 10656 9524 10522 18166 9815 19046 8578 6554 8476 11542
15060 8102
1965 12725 2272 12717 6259 8712 2065 18191 1952 7526 18215 6174 3048
605 5780 10537 16760
19545
16701 11884 9323 17736 15879
934 17906 6765 8476 16271

6257 12321 2028 8524 11657 7529 14373 3432 17867
5098 5719 6800 3067 8476 18166 6787
11863 3082 213 5046
6812 14139 2857
5596 11637 7717 10481
11606 3756 1086 5349 6119 7078 4243 10684 1643 7977
18155 8116 16627 18210 12396 3082 19556 18303 5046
8714 15878 14738 7299 13842
14463 553 2931 10358 18166
7927 8572 9037 3082 1474 4905 8382 16569 18166
15902 8476
7849 14111 14525 10554 8476 10509 14769
5971 9526 18166 17683 8476 17000 7827 18082 2272 15319
15217 2026 2628 1660 5910 5596 14800 1238 6003 16583 18130 11511 13036 119 18577 9292
6107 15528 2969 11359 11528 7661 18605 1849 14738 2854 16261 9042 9680
594 9228 9151 12707 8829
7747 9839
8476 215 12617 18851 11795 69 12617 18166
15902 7881 11422 6346 1498
16298 10537 17907 8476 9756 8476 11542
10539 12396 18166
5100
2346 19399 19690
10482 7129 19145
11670 6517 1370 213 17830 17816 19518 7973 15398 6771 16701
17124 2905 4158 7176 12058
2317
16069
13240
4906 972 6335
6693 10317 17899 16760 16069 11511
6852 214 11284 6771 15557 16568
19087 18266 13235
1076 2346 15131 14975
8574 14666 19418 13532 16258 5803 17001
19145 11542 9756 19043 15398 15527 17816 9926 7680 12276 6765 970 7698 9871
6174 17718 14063 4512 2513 579 9279 6478 9871 11573 7698
10318 934 10861 7203 12276 6631 2491 568
16371 5711 7663 1788 15221 15221 7545 4245 16889
19145 11904 579 14139 4022 9872 15211 6562 14748 12485 5362
17645 5542 12225 17680
10482 7698 9255 11542 9749 12276
12231 3717 11332 10163 1909 7680
4547 19735 14111 14671 13410 6771 12276 1965 19723 12337 10134 18004 19602 19601 10317 10417 6337
6562 10245 10508 18166 8675 6540
17122 12959 9525 799 19750 17369 1497 6771 6693 6026 80 11245
15762 6771 16414 14125 18932 10517 3621 6675 6753
9756 19043 17813 15398 7660 9881 6750 16117
10317 15073 6540 15398 6339
12886 1583 11542
15060 7020 13856 17889 11126 12345 17304 12276 7824 17319 6183 17899 2479 10278 18864 6771
6495
6852 3048 16760
15375 10171 1965 12725 596 2612 11978 6872
594 18213 5466 12889 15221 15902 16907 17549 6771
12231 639 19278 15398 6771 240 6852 2730 8382 6337 8476 10539 10522 11606 13588 19138 12 17830 934 13154 8476 7387 8784 3597 17683 9756 16069 16760 2058 17946 5436 17305 11528 11670 7526 1620 9756 10155 4473 11528 9756 9984 10522 15526 1982 17718 11961 10223 17683 17742 6787 7698 16598 13588 1965 18166 15410 10317 8116 4062 10522 6540 14196 19145 2058 2967 6852 11203 6174 10317 10519 19545 4299
18482 408 3346
14106 2272 579 10937 6771 1364 10644 16924 13200 6417 3082 1586
10895 15709 3082 1907 18607 15409 11996
12276 2317 533 15557 13046 1120 577 13191 16261 6174 4506 5468
8116 1909 10740 6549 4748 5064 6787 17683 6174 11173 1797 1982 3220 6509 16322 10917
15782 8715 17816 8102 2272
16993 6693 2724 4845 14122 16760 8476 7677 9699 6815 4143 16760 7822 5075 19278 9699 7529 15395 11416 3274 1583 2905 13493 10317 6183
7513 10575 5141 16835 12959 9525 14774
3925 16466 6771 4144 12932 12337 10207 5526
533 8103 13916 12597 18413
607 6771 13115 1084 7803 10481 13007 14984 3044 14125 7803 11542
13029 7545 2055 5649 12035 8592 6656 17587
240 1086 17587 8855 1223 17127 12119
5917 11542 4424 1788 16111 10709 15521 9756 13856 11542 10223 5526 13240 17816 3911 1879
17499 18223 19138 17610 6852 2730 4748 14296 17793 5917
3296 1961 13191 5031 7803 14063 7698
9756 252 16593

12234 11542 13120 1643
15173 6543 6174 17718 15173 9756 1643
19659
10519 17680
7680 18227 6397 19659 11542 19488 16468
144 12276 11542 17742
15170 8476 10472 2272
4055 221 12617
9926 12959 9525 18722 10917 17907 12027 9871 17679 6408 5694
9213 10706 920 19365 11542
7472 13191 11542 2272
9756 5985 10917 10700 17742 11573
212 11542 10472
11542 10472 16825 10706 8116 19136
11542 11807 213 8627 10472 6119 12030 8106 6255 2026 10156 6815 14766 6750 7661
13593 1989 19086 14139 9926 15398 11542
14196 11542 8117 6549 15540
12540 10472 12030 11606 8104 10472 12904
12596 6771 12827 1965 7136 10515 9276 13941 5649
533 12725 16596 7698 6010 9756 2065 11941
7442 277 12 533 12725 7698 327 12 533 12725 922
12504 277 12 16069 17501 16760
10317 1532 6339 7822 17680 2730 3287 7167 11247 1532 4045 4062 14303 18581 5917 10317 10373 9881 3302 10278 6771 10151 10171 12359 15521
10895 6540 10509 14769 15068 14107 2279 11670 15170 5098 11863 6771
9988 7698 16889 10644 2272 12276 6636 1620 17471 8423 12959 9526 7698 19573 13538 6787
10485 6771 18291 6549 1173 5803 13120 3189 12504 13443 7366 533
15636
13529 17122 17906 5971 588 17816
15398 8106 11877 18303 6787 17718 6337 930 13941 10556 16701 18438 11807 6377 12276 2272 11863 18166
10839 18851 13888
12276 10709
9321 10509 14769 12959 9525 13236 11542 14139 11812 10644 16258 18443 16371 5711 12431 16371 5711 2754 5649 12572 16760 12689 6225 8476
10509 14769 17907 17314 14988 17120 16371 5711 13695 13110
12276 17907 16760 14673 13852 1363 16371 5711
10509 14769 10406 568 18722 11606 13341 6174 7690 19318 12276 3756 7803 15406 13462
17683 9354 11863 3068 10684 1127 6119 8273
12960 4250 13588 5361 13656 6852
10509 14769 13755 8476 146 2279 6027 5016 3068
10509 14769 4512 5450 661 6053
8476 19330 3195 6504
15319
18213 5098 11542 947 15410 3630 1748 4623 16456 15755 16760 18128 243 11573
16069 19565 4850 6852 8028 947 3189 934 3612 11247 6119 3682 10522 11573
15375 8028 9756 11606 240 551 19488 16766 19305
14139 6273 11542 10961 18213 3844 10684 3082 6255 10961 17710
14139 8578 2026 7526 16020 2549 12276 11782 6852 8028 947 6498 15170 527 8954 2058 10064 11542
1176 16298 4406 336 14064 14139 9762
6249
6852 6554 6771 6183 19138
19138 10509 14769
12234 12234 8452
19733 19138 11831 7233 19138
15636
7233 15798 6825 8064 2556
7233
12865 15170 10509 14769 19138 8476
774
8476 3612 10999 17679 16601 8476
8476
19136 8476 10509 14769 18438 1982
10537 10861 7203
10537 6771 15540
19647 14666 7696 19136 4881 16111
3021 7822 11542
13591 2903 1907
5596 6515 15577 16755 12276 15217 14118 10278 3082 5006 19737 12276 6174 7747 2504 1289 10174
15577 15221 5596 11792 4578 17124 7680 5005 1681 16992 6753 1620 19455 12181
10804 16371 5711 19164 1989 1904 579 405 8102
9926 6557 11807 15178 1620 3021 10402
9815 15173 19618 10485 7822 18605
11573 3021 17679
10223 3021 527 5856
11542 19442 12414
10151 3021 4907 10278 10317
19733 16407 11416 10700 16371 5711 7822 13341 14125 13341 19164
15169 11542 16371 5707 15217 16371 5707 15217 568 527 5692
16701 10317 11542 11606 1982
11542 19506 7398 7820 1369 8476 2026 9657 672
2026 14300 7398 10843 17250 2028 5362
10064 6175 10804 5596 7398 7437 8524 7894 11045
17683 12882 11542 10509 14769 11542 6549
11670 19136 11542
17439 18043 11542 6852 17816 9351 10657 19583 9509
13954
13954 17906 4233
8382 8577 6242 6337
12030 2754 3679 12959 9526 10522 18166 10804 17680 12865 18438 6771
16760 6554 9633 2820 2272
18966 5711 1965 6183 15410 6119 7690 18191
14148 19418 7585 12882 12 6478 10522 3082 13852 11542
12504 18968 16899 7299 7822 13492 10509 14769
14139 15046 12959 9525 4239
1758 14984 12886 7698 16760 10709 7398 8338
2026 577 8338 6193 17816 7529 15947 7398 10658 1213
10804 596 6750 15221 6417 16760 10358 3082 6174 2272
9756 1120 5349 11542
14139 15046 16410 11416 17816 15398 17608
18210 8476 6540 11542 19418 5097
1363 8589 9983 4241 672 7299
7803 7698
7690 1575 16725 2027 15217
12276 16583 19603
14588 11542 5349
17683 9525 7097 3195 16760
4388 17881 15742 9856 11542
5969 8064 19418 15398 15375 9204
12547 13286 5349 16760 17501
15046 14984 17906 16760 13588 11858 19087 2279 16227 8503 1877
3680 10522 10698 5101
12276 2346 10522 2200 6408 5695 10667 13888 6787 8116 458 7027 5719
4623 16824 213 6787 14984
16760 13188 12030 12276 533 15528 1120 18312 17889
18508 533 15530 18741 18375 8125 15306 15787 1788 17732 6515 9856
10350 5461 6557 9983 14129 5461
3021 12157 3021 10804 13115 7136 7188 13865 7586 2122 10522
5387 213 6787 14371 19418 14370 6174 13240 6408 5694
5634 8570 6004 16306 5698 12276 6771 923
2754 1982
10509 14769 8476 6787 13941 7188 7824 6787 914
12030 17133 17162 1173 16278 19418
19583 15557 14718 18542 1833 19418 12221 6812 10865 15688 19545
15557 10443 9027 429 7737
3082 19654 17058 18080 15319 19548
6225 8864 14111 2279
16371 5711 1965 6183 15410
533 15221 972 6787 9027 6174 9756 12865 17329
12504 7824 6787 6183 15410 1171 19737 19136 11812 8884
11542 1982 10509 14769 11573
12276
11190 5640 11573 7822
11542 7822 16760 10350
7822 527
7822 16371 5711
7822 18966 5711
2693

4442

11710

15033 11807 15398 7698 6557 11542
16744 2885 11655 15878 3189 17680 10317 8479
7822 11542 7822 11542 7822 11542 7822 11542
15398 15398 15398 15398
15211
10519 533
15398 15398 15398 15398 15398
7822 11542 7822 11542 7822 11542 7822 11542
12276 1823 13493 6183
6557 10903
15398 15398 15398 15398 15398 15398
12959 9525 12276 1823 5078
11542 2058 5100
16456 213 12725 15409 10317 2007 3650 17679
14714 7526 16074 11542 7698 10502 9276
934 18191 10644 10480 10317 9663 19318 14139 1643 1392 2272
3680 10509 14766 14139 7526 3082 15409 15895 10523 6852 4704 9668 5596 10706 15878
8643 10317 9354 7693 14118 11884 15211
1965 11542
17683 2272 4861 1982 12959 9525 2058 10559 16569 16976 13538 11573
2347
19278 15398 8476 11606 6336 15401 7822 16760
930 9914 16371 5711 8856 1989 3683
527 8385
7747 17136 19164 16760 17899
12276 2754 1279 10804 15887 6689 14766
6417 17680 14139 11808
18189 15217 7660 12707 11808 11528 15217 11808
6675 15221 16069 5346 11542 2058
8643 14139 5971 8476
10903 3879 7586 15337
12058 17679 3690 19647 14666 15217 7690 2026
12226 7663 7747 17435 6448 9756 2026 6107 2026 13794 17241
8106 7001 5985 3068 4944 17678 16766
5098 11858 7022 1965 18166 8450 9925
8395 11542 11863 5769 11005 19053 11542 19478 9756 14452 16744 19717
6855 14360 9756
18566 18166 2569 11542 16595 11599 7247 15103
16069 2585 18193 10366 7398 2026 17529
7398 9756 13189 11542 19488 11606 1620 16760
8116 2832 3082 14139 2832 11606
13492 13853 3774 8524 8116 19648 16410 17816 3082 10223 1407 9929 9400
8382 7167 14059 18849 429 10485 8589
16312 1575
3082 7822
18697 17718 5098
11511 10485 10317 3082 11588 11
277 17830 16395 10317 12240 2075 19353 15873 6771
533 11957 16744 8116 17499 7680
4905 8382 7167 14059 14984 11542
10485 10317 3158 2891
10317 4302 15073 10485 10317 18884 8382 5910 6771
16760 5711 17946 12022 4144
15398 7570 8382 7167 14059 18849
19659 185 7157
19131 214
19043 5591
80 11291 18849 11542 12345 19136 3082 14766 18166 4939 7898 19418 10064 15540
7526 15398 19749 2026 18644 18387 1848 16261 14547 9340
19145 80 11291 11542 13576 15565 907 12081 2439 14696 11542 2931 15220 11334 4971
7335 8231 6022 907 12345 19580 19136 11542 17816
15220 11542 2447
15651 11542 213 17474 907 6361 14352 12725 8476 18482 9699 14766 18166
7698 16258 10317 15410 18166 15540 10472 17816 771 7098 13538 3082
8231 564 5138 11542 15398 8660
2150
3581 18483
8659 10480 7129 8476 4881 16111
1879 7822 9699 16601 18482 18960 6338 13176 1497
2912 2474 2754 15398 6193 565 5829 3082
10861 7203 2320 13152 2026 3719 7529 3068
5596 1575
9855 17710 1965 5595 3082
11359 11530 11070 18716 8888 11697 673 3597
7690 19418 10123 2973 14732 17710 19418 6750 12748 2026 6815 4143 7398 2723 5621 14748 11407 16993 7086 14118 19583 1306
14314 15410 11542 19737
1575 2474
