323
5708 17750 7698 18295 5917
15911 15952 15496 11542 7586 17136 5917
10256 11901 9803 1474 6884 533 17771 11542 947 10358 10911 15221 3068
16258 18228 9856 10961 5850 15798
2821 467 1879 14125 10706 10258 1007 4249
2821 3109 15221 11542 19418 934 9800 533 2578 8111 947 2075 2821 5497 1379 2058 4074 1909
2543 7405 769 7107 16606 758 7587 16574 12888 4978 9948 17112 11901 19488 18730 8503 17628 7576 7025 8338
10961 11901 12240 5985 6608
6771 10903 10482 4138 8627 6011 9279 5917 19418 6872 2032
11542 16316 9346 15911 1879 9803 15496 11699 9343 17813 5910 7698 13888 14424 8455 17755 5014 18560 17758 1371 15513 7212 18317 533 11573
14601 6010 9403 13026 11858 10515 16852 13916 14714 10241 18894 16630 1456 15319 17813 5910
15557 4822 1957 4154 16174 952 10836 15046 15866 10223 5226 12748 7698 13011 7529 2817 12504 7629 1441 16760 11699 3068 19379 18873 15406 11606 9012 11606 11809 14551 5708 6800 18295
10256 11814 13163 15976 947 952 17006 6402 7529 4004 15496 18988 16258 10482 8796
16574 12888 12198 2543 7405 934 4978 9948 17112 11814 13941
3017 10903 19603 17793
12276 5819 12622 2317 11573 19486 10056 4593
19787 17168
1583 15337
17329 8224 4973 10709 15496 7848 6814 12865
16601 13907 2754 17088 16907 5985 7086 17020 815
5927 13907 2754 5075 13611 2401 5985 6335 12865 15410 17978 14165 2355 8796 10700 11542 13443 11181
1909 19302 7698 14671 11203 14106
19086 11416 1620 19132 6852 17513 11292 17549 11349
11542 6693 12396 9560 2355 8452 15319 930 12276 2081 12334 1007
18213 19545 1171 11097 15887 13702
7799 7698 13191 18295 17899 16100 12865 12035 16261 19659 5500 10317 13630 6755 18048
9756 10317 2355
6812 10804 12396 3775 11542 10700 3683 9570 16298 10999 2355 9541 2249 9512 1794
9570 9756 7698 15557 9140 16299 17679 7927
9815 17686 9121 2355 11573 10519 9389 3068 4944
11542 19137
1721
4874 19136
9756 7747 1620 18009 19735 4619 19136 18560
10485 7698 14139 5971 17305
19145 11247 13918 3048 18560 596 2078
6198 17686 15401 19105 2355 3418
7026 13477
10740 6160 10514 11082 7087 16508
17771 11542 6815 3450 13046 11082 17889
5910 6760 16508 3047 8243 16748 1643 7979 3722 11342 11342 6852 13110
15161 18353 12398 9756 14449 2355 8796
10706 19601 10936 4475 19749 11606 1907 19583 3344 1379 10256 11832
9714 13347 13191 17269 11542 15407 10317 2906 16976 17305 6174 17305 146 17137 5016 16914 6478 11814 16054 10223 8917 1645
9756 1540 7977 18156 13729 6194 7171 11606 6753 14519 9800 3691 13191 9279
16760 7506 19254 7587 3787 15398 3630 11217 1568 18564 972 18314 17679
12226 2543 8360 8461 4832 18649
7405 8396 18434 565 5720 613 2058 3344 11542
5910 17680 10958 7526 2058 18375 11573 18295 7822 6812 5383 11247 9983 14124
15410 665 15322 11542 14139 10539
16069 16595 206 524 14139 13029 246 524 972
12032 19565 12592 15797 1626 10056 4121 294 17830 13588
1171 9926
17608 12605 12865 14139 15407 14100 13333 11542
18730 7299 19136 16195 1643 12865 7526 3630
7822 16760 14239 1368 13907 6183 14139 9926 4656 9181 18148 11247
8396 14196 11542 1171 10539 17305 2355 11573
2821 6107 15221 1965 15410 10472 17816 19603 13544 638 922
18560 16233 6120 17750 7698 2912 6249 10443 1957 5065 9562 3547 13425 16348 17690 6771 12406
10256 14851 14851 10123 12058 17713 6131 10684 10740 533 11542 2656 6249 17108 7184 10026 4978 9948 9551 9680 2543 7405 16641 15787 17544 527 3231 7107 16606 12209 9034 15755 15217 15650 10026 6787 17525 13234 17058 527
16261 6675 14893 13252 7189 12900 13850 6161 2796 947 7873 702 13588 1982
3831 17305 3719 5016 1081
5657 17377 19647 14666 17750
17750 4685 11812 7526 9400 17223 7761 17762 8491 17813 972 18502 6826
11013 16978 6939
2821 3111 12865 9740 1620 7118 13941 12081 4557 12865 6141
4144 11961 10706 15496 19305
13248 17731 8495 12873 11291 9001
13841
6781 10274 11330

10256 11814 17316 565 17003 795 14395 533 8338
2663 15003 5536 524
7124 10868 18858 7184 10026 6174 2543 7405
16100 5075 9931 11812 10402 11017 11573 2260
6337 11133 3719
16760 9249 19656
2912 10256 11814 4978 9940 272 2543 7405 13154 14882 4022
10804 13864 16248 10804 18273 18299
10537 17168
16069 12597 15530 16744 5607 4122
2821 3109 14139 17946 11366 13616 13114
533 15221 934 6291 8382 10245
3296 15407 11606 5190 1982
1176 3839 16889
1120 6236 17755 12059 10644
14139 6675 1441 1957 11884 3317 18960
303 11332 17305
13941 11077 17305 10256 11815 13497 10301 6771 12381
10256 4012 18894 6771 4962 8738 10145 10142 15735 18223 6478 1379
16257 12708 11082 10516 2821 467 14663 18210 11770
8111 5786 17946 2049 10064 1468 15161 19583 2754 1942 5512 12956 14550 4067
8643 6753 15977 1379 934 12709 10517 12708 11082 10516
15577 17830 10746 6107 1468 10278 7107 3534 19086 5786 2902 9593 13191 9856 2049
1872 19749 6694 8835 8890 17403 15164 5515 17402 18290 15164 16760 18501
4890 18730 4950 14129 17755 15406 3921 13554 13841 6006 5049
18560 14139 7822 17751 12605 18314 11542
10482 12276 16596 19145 11542 7747 11606
16601 2058 16069 7526 9622 11542 19418 405 16744 6812 8106
14644 11606 8106 19418 15170 19418 17136 5743 19164
14139 10318 19164 11542 5916 5970 11542
14139 10318 19164 3082 4940 17771 11542 6119 10684 3068 11542 17520 5457 17771 7747 5461 12716 11542
10804 18299 18273 8491 5910
7310 11542
4619 19136 11542 10256 8147 7061 15375 11230 4421 9948 3047 10443 1957
605 16760 16313 10317 11699
12058 14601 1540 17982 1583 19609 15375 19136
11858 19278 10961 5542 19458 17816 1957 10485 3515 9066 3317 17124 1838 12696 10466 18438 9948 13152 7518 7576
13191 16299 14158 7189 13633 8722 7068 4133 3675 7387 8309 19749 19535 10402 6912 10961 5014 18295 10519 9195 19688
533 15530 10961 12371 17982 18375 6119 2821 3109
5910 10056 13907 7210 11542 6201 6198 7210
17628 11542 972 17683 11606 9277 5016 2916 5016 5075 2961 7291 13364 17628 6562 18722
11814 4013 17683 12276 13284 12889 2754 15170 9948
5711 11542 934 13283 3969 13696 10684 533
10303 16486 6771 9551 9680 2961 527 11766 12348 12429
14139 15636 2961 2474 17628 12865 10644 7822 11542
12276 9756 16045 1540
5971 11542 10519
527 14718 13630
16760 6010 10523 18299 17138
2821 3109 972 1957 7442 10519 3100 11542
18966 5711 972 6119 2238 8616
10539 16760 2754 15787 10651 17561 17683
11365 10537 7906 17168 17138
10256 11814 6249 9633 7822 12888
18709 8243 19418 2433 15398 11104 2886 4899 7520 2700 11104
18932 461 11542 2169 5155 15584 9756 14748
11542 9815 6007 11291 11 10056 37 11291
1367 33 12865 19136 11542 12794 262 11292 18227 17683 15215 6361 8103
12276 12929
5743
10056 214 11292 11542 7586 12882 6365 4850 6179
11542 6431 3375 5349
17720 12276 277 1965 11573 19723
17683 7698 1037 11573 7075 5919 3034 6758 11542 8221
5917 18593 14689
6540 10256 11814 11542 11670 15398
19138 15950 17830 16701 13794 18896
1965 17869 16760
10256 11814 952 1965 9871 14882
11542 10519 533 9279 11409 11247 7677 13863 10317 7680
11542 13596 934 16601 13446 16760 10317 2902 13448 7677 19659 5910
11542 3372 4851 5910 19418 1125 13913
11542 10519 17168 18295 18273 10700 11542 9279
934 3109 15528
5068 11542 7698 17748 17168
6812 16760 15886 2355 15540 11542 13596 6812 6027 5016 13191
14139 10317 19145 17750 17168 9871 11542 7680 14748
11670 14196 19136 11542
10256 11817 11727 16583 2912 7053 15398 11546 10151
17718 11573 13197 17777 435 15949 19737 11573 9800 1797 17813 5910
11542 3068 5427
10861 8145 7805 17261 19486 6852 12 11292
9800 17686 11670 8103 15947 5910 11247 7677 2642
11884 17750 19737 6924 2058 11190
16701 19603 19145
10256 11814 8945
4978 9948 934 7698
17816 527 1838
11884 19573 11863 5075
10442 11542 934 594 17748 13191
3109 15217 11190 11885 5349 9803 1797
12504 11884 11542 19603 19145 17750 6549
15148 17750 2474 15337 7291 11309 17312 18716 923 14733 12037 10402 9015 12178 5910 17978 17136 5917 10706 13913 6515 11798 13110
15337 13856 19164 11997 6566 5769 6291
952 7299 17750 1497 17305 7068 10437 2902 15401 11606 3317 1957 8289 4830
17978 17258 10274 10256 11814 3068 18228 6130 8796 12865 9931 14298 509 9926
5917 10743 19573 6200 15144 1497
7698 6236 17750 7496 3727 11389 1498 4747
11606 9279 11542 17305 10351 14213 4536 16760
8125 10136 15371 15398 11606 9562 3548 1620 2926 7655 8827 8629 19163 14405 15170 18268 8396 7302 952 5946 11389 4547 17750 18560
10256 11814 15409 12058 6812 8524 278 16261 533 8338 12888 17019 7189 1120 6771 16501 8884 11247 5628 16545
11814 17109 8945 2912 6663 4978 9949 9680 18303 8276 568 15642 2543 7405 7184 10026
11858 13941 6675 7726 2527 17305 16701 5985 17760 18299 6764 15003 17816 17680 11858 13235 5431
19399 11606 5971 6771
8578 6006 18716 11606 10256 11815 5626 11542 2721 17305
6478 17720 1982 11542 17305
12030 13443
11542 10156 8086 5683 15371 1879 5910
15406 10317 3124 533 6939 5743
15407 10644 10317 8382 2570 6771
17683 11814 13163 14882
16852 11697 16286 3082
11606 10317 18314 14882 8147 7061 13154 8201 4547
19418 4684 10484 11877 11814 6771 18213 5971
17865 14666 15175 6562 3778
11082 10516 18049 17679 8338 8724 12386 18048 6174 8835 7576 10485 6680 9756 10317 2355 18166 6562 10644
13941 14738 14776
9756 7698 568 6939 10700 7698 6771
10804 9027 11352 10644 10519 3082
15337 9756 4249
10999 9424 11938 19048 9863 5934 6119 3880 6431 4491

6373 2821 9926 6371 6518 10472 19164
9879 9042 9681 9815 6562 6771 10317
14060 146 2961 7299 19145 19737 6827 1909 10432 436 11542 5896
15542 11884 8784 17375 16907 13191 16945
6236 8396 13884 15026 1383 9857 4979 7228 9756 2608 16552
9856 13075 6968 1604 9864 10171 14748 9756 9856 10256 11233 3045 7977 12716 9857 470 11638 12276 11938 2693 11542 3124 14483 2355 8796 1907 19737 9128 11623 12746 7576 7529 12618 6262 10517 8796 11638 1465 8396 13884 1382 18546
6141 13502 13286
2342 10350 19136 19131 17816
11814 13163 10861 8145 18962 1957 3989
19051 3582 14603 2821 4207 16258 5803 15409 17305 8796
18560 17003 17551 3451 19656 15324 1201 19556 527 9756 6198 6771
16760 18741 14738 13505 18721 3756 7476 18273 13191 2821 3109 6867 6750 6225 13914
6478 8145 6815 1488 19749 6694 790 13906 6812 8104 14238 12716 11542 3378
8570 16258 6815 17816 14512 16222 14587 11978 4633 950
11542 6562 19601 19723
13286 19656 13191 8495 7383
8784 7698 17718 14778 11573 553 17305 568 500 7656 14738 10644 11699 14645 17305 11542 2832
15407 10317 18288 11292 10472 5910 1643 10644 15496 8103 19170 19603 11416 16410 14139 19474 19044 2730 5591 12618 5325 14228 2364
15161 18173 11416 8574 10256 13032 1982 13656 11877 17816
10740 11047 467
7529 3582 6815 16795 17305 13110 2223 14114 1909
15564 17377 14188 8796
16760 9139 9346
16258 17304 14020 10794 13110
6174 19399 14020 12929 14343 3325 8795
11542 13998 6337 1497 12806 4202
11699 14555 10787 4055 12219 2355 11573 1008 10804 12429
10480 1620 27 11292 15406 10317 3717 19131 12504 11542 12197 1173 11863 18119 12240 17568 10022
146 277 5101
10256 11814 13467 10804 8147 7061 16914 15541 533 5445 14882
10256 11814 1909 14480 8147 7061 7061 7529 12242
18560 1120 8147 7061 16914 539 6771
8643 6174 10256 11814 15161 18560
18560 7698 16760 525
6771 15407 10644 15011 7442 5165 6675
17854 15169 6771 704 18891 6771
18560 6771 11807 18891 1230
7585 18560 294 10961 311 12
19399 10318 11542
18961 1957 3220 10442 12114 270 467 13908 10455
7654 15403 5070 7719 10805 8616 629 17481 815 9034 18303 14802 4317
7654 16813 18891 5910 18303 14063 12381 10482 2463 11831 15217 17400 467
18314 12114 270 7719 10805 12023 10442 14357 14951 8616 629 17481 815
7654 16813 18891 15217 467
12058 11884 2462 8450 16384 1623 15217 467
12276 19547 11573 15410 19723 3597 17683 1965
18731 405 13441 5910 11542 15733 19418 15732
3082 15557 17168 6105 17813 5910
18731 9871 11573 2309 11542 15398 6484 12929 10517 11082 467 15398 13191 11082 7773 3630 1620
15902 12276 1965 11573 19723
19549 311 12
11542 4862 1540 327
16258 19086 11542 9871
14776 16760 10350 17978 14165
758 1913 4152 14118
12865 8438 18227 9856 9926
19582 13532 17549 18039 790 1833 19535
6804 11047 2326 18339 9857
527 10402 19221 533 15221 9871 10005
1879 13807 19164 19291 12667 1660 5910 11542 18076 3263 12002
7752 16255 10402 19750 13152 10861 8145
10256 11814
13854 295
10535 8018 13046 5603 9633 11542
11542 17566 6478 8503 14998 8791
17720 11542 2007 18295 15410 19365 2355 18166 13220 12396 2355 8796 12061 10740 11542 15407 9029 4836
13529 11606 9756 2007 10472 3109 10402 18295 17982 15398 3630 15410 1173 923 10350 10961 6174
10523 10523 10472 5461 2821 3113
18917 952 8283
10523 6753
934 9871 14421 1120 11542 10168
5615
17305 934 12276 2007 10472 3109
13191 4836 15887 17305 9756 11606 11863 9279
934 10518 8796 13191 19575 5626 19582 923 10358 14139 15407 17985 4406 9111 17456 10644 6174 5646 6758 18295 12431
5349 17750
7698 9926 16701 7698 16755 10644
7822 10442 6161 6675
2912 17058
2058 10317 7189 533 1748 947 17946 533 17305
952 5633 10256 11814 7698 3005 6758
4978 9948 14139 7530 7698 574 17982 1907 9756 14748 1011 6161 454 18439
9551 9680 8785 1833 7698 8780 8454 2157
7698 15398 791 13926 2007 11542
7698 15148 16766 3830 15878 14228 8350
7518 17110 2912 7698
1957 10485 13529 11311 19458 17718
11670 15398 162
19138 11542 8784 6335 6255 10256 11815 7822 527 15977
6827 19145 6771 1420 4661 15146
6771 6043 4656 11699 533 5445 6193 11291
10256 11814 13319 7822 19573 6174 1982 13538 538 14878 17305
8643 18896 6771 15169 18043 11542 14133 8928 14063 14646 12725 6771 6392
5098
686 930 19136 11542 18043
19418 10700 11542 11606 5970
12504 18560 7822 550 17750 6198 2754 5969
9279 9871 11909 16511 11542 7698 527 7698 2912 4610 533 15530 6119 18454 14527 16384 2821 3109
6549 10256 11814 19418 6812 10321 17305 19418 13588 10317 10343 3068 6750 15221 16449 2936 13934
7586 18560 16371 947 6536 568 10317 11814 9680 4978 9948 605 11884 15857
12030 18560 6258 1643 13840 15787 11463 579
10838 16100 17750 19318 17780 11542 13502 9541 2249 10317 16760
3017 6771 9983 533 17168
18560 13163 10317 11365 8454 7189 2355 11573 11961 19788 9248 11243
3612 4610 533 6771 13529 5549 568 11965 16760
8643 7677 923 6519 1180
6800 524 4703 3717 10648 18295 5439 6026 6771 13831 16910 6177 10081 8121 15541 6183
12276 18507 6787 15410 14177 19725 14118 10453 9276 19305
16258 7747 14118 9828 17305 13941 17136 11815 11877 2007 533 17750
6693 10317 16039 19365 17679 6693 429 16907 9983 1982 19565
14052 2335 13343 14666 11542 17549 6693 12125 18227 8309 12865 1551 19135 11416
947 12276 9279 13191 4944 12504 11542 12276 13487 6183 15410
7291 13191 6927 9015
947 15169 12276 13630 14668 17720 2821 3111 7822 7577 17720 10804 10472 18375 8116 6272
11281 6236 13191 6923 13342 10472 2821 3111 2663 10698 3317 13256 15856
14305 527 9551 9680 19556 13343
10256 11814 5849 10519 12276 12023 7529 17857
4978 9948 14148 7585 6174 10558 15284
15131 3287 6272 15401 1120 10256 11814 11542
11542 19278 6273 18268 2312
16760 9984 16818 16864 6273
6174 12058 19647 16868 14416 19365 6028 11542
1761 16760 2474 11542 2730 17889 9984 1173 2304 9279
10961 6337 8382 9756 10961 13033 4549 6812 8116 6812 1173 9756 1540 11542 1982 19138 13995 4547 5591
10256 11815 527 952 2474 17718 4828 3082 11542 6491 15712
18560 162 10256 11814 4978 9948 9551 9680 791 13926 2543 7405 7184 10026 15374 9933
4610 3892 17751 6939 11814 13831 8456 11382 10861 8145 1000 2331 422 1957 19583 3806 17003 1007 17400 4211 19158 6814 5833 1490 9298 17750 18198 13210 2697 9948 13145 393
6780 9562 3546 1352 17222 5068 9004 7822 3109 15530 1965 2058 17181 19012
18190 2821 934 2946 8707 13927 6624 8145 11814 15173 4973 12429 18813 1465 13729 14118 8145 2306 7526 16100 19028
2355 8748 11815 533 8452 17305 8569 14733
