430
13110 1989 13073 17502 18542 3691 16760 19164 11858 15410
11542 9815 9277 16595 6826
6562 18034 16778
16760 16456 17742 15388 5016
5971 15387 11542 920 6076 6852 8626 11542 4684 16854
11542 10958 16069 9378 16760 16595 6826
1965 15410 15031 7742 2390 4028 5383
1643 12889 4028 7743 16566
4487 4706 13163 8928 14878 7822 9633
4706 4684 14786 16583
17925 11542 9027 14196 1171 5974 7698 5445
1965 11542 15410 19723 2440 12889 17771 11542 7680 19086 11332
11542 6249 3296 7822 2734 19573 6536 568

19474 17325 5075 9756 6758 17686
6852 16760 15031 7742 1699 14820 6249
6852 262 11292 15375 16760 2390 4028 6394 4093 19486 13256 4800 4610 8784 3017 13364
10056 16760 18303 9850 11045 10402 13364 16701 933 11542
17742 3592 12030 9438 19132 13364
18339 11542 5008 10414 5008 15031 7742
19054 17608 1076 10776 11792 12882 11542 18043
8784 15031 7742 1699 14820 12058 19132 2390 4028 7698 4038 1008 1643 4054 14984
14205 13110 1989 13073 12030 11542 9756 7698 10839 17865 10775 12865 19135 11416 5101 11542
6852 15387 8493 13670 17525 17750 15031 7742 7529 600 14825 1703 18729 11520 14742 15977 6107 8382 16395
15375 15387 7005 2390 4034 4038 8017 8338 6815 11366 2128 2885 4489 934 12344 19603 6377
8222 1213 15319 6746 19725 10064 17690 15387 6771 3719 6519 1180
16760 1849 11069 18741 13443 3509 13191 3973 9756 14738
10700 10941 19599 15551 10429 3488 6610 16274
5075 16878 10709 16233 17750 19488 13528 12567 19612 14139 7698 11542
15911 10317 11599 15031 7742 565 19278 7233 19136 13110 1989 13073
11542 11599 7742 13918 9857 10157 2390 4028 6635 6826 10472 14401 533
8884 13856
19136 11542 5910
18303 10128 3082 7742 4028 11044 13256 3109 11292 11599 7742 15771 4557
11247 6693 10317 3130 18148
15911 9926 1869
10317 19086 15398 11599
7742 17009 7585 12276 15983
11599 7742 15577 7698 11573 19603 19145 6279 12276 4144
10592 5416 16440 4321 7946 3863 3691 9983 3965 18303 10644 9279 3645 11029 12868 17516 7052 15949 14748 19012 19659 2075 19353 11525
10591 1699 14820 15479 9262 15902 458 10278 19087 16269 16274 11503 19012 1545 4312 988 4038 5388 17114 8346 920 7654 12761 4093 14139 10706 13907 14927 19324 14930 16258 14748 19164 7654
16760 16274 8643 8116 5969
8784 5711 553 16744 7478 8493 19151 19164 10592 16269 9914 10591 2912 1545 18914 14286 12748 18126 10591 6101 12879 3082 16274 18565 13283 9715 15375 8028 8116 5969 1230
15401 7822 2912 11542 7036
11542 10644 15496 16766 16132 14125
15031 14845 7743 14878 15755 10408 11542 14738
2390 4028 6182 15800 18716 8028 19164 11542 4309 8338 4038 17312 13176 8338 11638 1013 17622
6164 11090 565 4610 11281 18725 14878
14084 10375 6001 11542 16760 3612 1180
5098 19474 14452 1120 11542
7036 18730 972 2912
17549 11542 14060 10558 19488 568 18722 6771
13110 1989 13073 8543 12276 19601 11573 6183 15410
18577 10472 9029 2317
3082 5946 920 1620 16760 6183 7586
5693 16067 6852 12707 11542 6693 10317 15012 11542 10704 9756 18228 7526
2734 3896 18639 15630
8542 19365 17679 6693 10317 1643 9036 6771 577 11542
19601 12707 12337 17040 18043 11542 3719 11323
11542 6027 5016 7101 18043 1909
13171 19131 11416 11542
14139 19086 15398 1982 9756 19044 2754 14449 4138 2564
16466 5065 4833 3276 13110 1989 13073 15409 10317 10958 4610 2272 10961 1748 12276 10480 4910 6501 9400 16266 18973
11542 19573 6119 9815 7680
14139 11002 1654 6491 8491 1474 6119 17690 6800 524
15407 2066 19079 2579 11657 11438 12473
1643 11542 16596 6501 6119 6852 246 7001 568 7742 11089 7698 7001 9803 7680 7680 18228 15787 11005 11961
18508 16893 11334 12345
285
10233 17499 16261 6691 6691
12030 4656
16744 13675 9871 3082
9850 4202 14118 10278
10317 14071 13247 16204
19086 11416 1620 19132 17816
4232 11542
19086 15398 7977
15787
8855 6691 9738 19446 10472
5252 15398 4557 7977 10804 15380
15830 5075
1583
3597 10804 7698 8791 19046 2007 15319 3770 6692 1643 7977 4092 13257 5520 17474 17889 16760 19089 10700 12865 6693 17435
1000 4202
12690 5954
13110 1989 13073 7026 18303 6610 18303 16274 18303 4596 13941 5708 6771
16449 10402 12536 16852 14083 18303 6249 527 12889
15031 7742 2389 4028 12882 12630 12349 7742 19413 19318 4028 19548 13163 10740 14325 10278 15409 18394 13407
6787 6852 18310 7006 18303 11084 6582 16760 5927 10515 2058 19164 10056 8036 3508 7900 16274 3630 523 7053
8643 6201 5927 14748 12023 9699 12240 11520 16069 6487 11863 1879
15046 15170 17318 15031 7742 2390 4028 6164 11089 3719 19132 6771
3082 12717 10315 18565 6174 11606 4659 2829 4423
16760 16069 579 10700 10402 15496 15911 7677 12061
3819
8471 17122
14239
17122 15401 5743
14118 13235
14139
9871 6771 12865 13523 10317 12376 1208 16286
15161 146 8627 10278 11858 7526 1620 9756 17499 12865 10318
17593
13110 1989 13073 6680 10317 17742 9011 6787 16890 12276 6771
988 16760 7026 1699 14820 4038 9400 16274
11266 15540 7103 17017 10519 1982 6935 16760 16755 6675 15012 19737 6771 6680 5921
6852 12707 6771 7742 16978 19136 11521 4508 7654 1699 14825 16499 10155 16261 11864 16269
15375 524 4028 8028 1385 4091 4038 16760 19787 12806
10056 524 4028 15003 13779 12206 18312 9836 7743 9850 6606 17889 6680 6420 2479 16760 7291 3302
6053 16760 9034 16350 7478 5075 4833 3276 13793 6292
16601 5985 15031 7742 3068 9857 2390 4028 3068 19486 6852 8626
10317 12231 12058 7680 10123 9756 9857
3948 7025 2390 4028 3036 12936 13631 7025 14190 15771 10350 5590 9857 7742
14139 10318 15401 14084 10374 952 6540
9741 67 19725 7129

12058
14139 10515 9276 12058
1231 19573 2912 16760 4420
6693 10317 19145 588 12050 4420 17678 10700 15496
1585 2317 11542
13110 1989 13073 14113 10317 2272
13588 7698 14106
14316 13110 1989 13073 12276 2279 18065 6771 13286
16766 10472 5526
5526 19164 4018 18261 8116 5028
527 3082 19556
3082 16698 18375
7822 2912 8814 4028 5066 7587 6675 6193 3068 3898 17329
13110 1989 13073 16760 18501 10317 2317 13389 13235 13500 11606 9111
11542 10517 1474 6852 214 11292
7136 13159 16100 13002 19278 12306 3756
6804 17720 13110 1989 13073 5916
7585 252 16593 17513
1216 13110 1989 13073 5719
6771 6554 13477 3017 988 16760
14789 17939 17314 1467 17499 18213 6554
18508 6771 19145 11858 18213 16975
5542 17549 12600 1654 19656 3082
8116 2832 11961 9279 12290 7586 5985 17816 1848 7298 4940
7526 17005 15319 17816 9756 1474 7763 4890 4849 527
934 9756 10317 16607 19145 6771 19087 16798 5848 3499
17122 6816 565 13163 13588 12276 764 3082 15410 14177 8450
2469 15837 6771 3925 7822 3296 6554 16317
15542 9213 19145 2317 4015 11126 7526 16487 14748 12058 10383 16317 1982 17816
4794 6201 15073 12865 19380 14060 12
2754 15170 5075 13856 10519 5719 5445 1371 17680
5445 10999 17312 6408 12795 4972
17830 11606 18394
9815 6814 15173 3597 7526 13235 12058 7526
920 5075 6693 10709 7698 11542 14519 146 40 8627 10472
11542 4684 14252 11 40 8627 10517 2058 13888
12058 4302 451 1565 3382 19418 10537 1540 18894 19418 6675
11542 7822 838 16054 13443 13191
527 17058
16760 7822 12276
11538 3616 12596 7585 344
12058 7654 6812 2705
14416 10056 17816 6272 15398 6771
16596 11606 13670 16075 2589 17526 11410
6685 1180
15031 7742 18317 17992 7977 15817 19582 6852 8028 8626
2390 4028 16601 16852 15406 11606 2007 15748 15217
15319 10223 1907 4038
10317 8073 4093 10171 10519 13913
524 213 9756 4822 1843 18536 16075 4546 11542 8675 5101 1758 7680 12062 12623
1982 7698 527 11203 2876 429 3379 16317 16596 7813 5628
17140 17679 5917 1171 17683 1907
4543 1879 11542 13941 15732 15398 5465 67 19725 10064 15787 10317 16261 8405 19656
6478 17683 3380 3230 16778 15787 10519 8882 19654
1643 16760 10317 15073 568 11606 3068 11514 18755 11542 10057 10472 6693 10317 10519 11340
1965 10350 18534 14712 3604 7747 5675 9836 15237
17122 19603 67 19723 19043
6771 19609 11416 17816
10472 2317
9988 1281 11005 12030 15409 8102 15221 15221 6800 11127 14139 17678
19086 4728 15856 6164 11089 14084 7746 2754 11606 1982 6787
6771 19609 11416 17816
10472 2317
9988 1281 11005 12030 15409 8102 15221 15221 6800 11127 14139 17678
19086 4728 15856 6164 11089 14084 7746 2754 11606 1982 6787
6771 19609 11416 17816
10472 2317
9988 1281 11005 12030 15409 8102 15221 15221 6800 11127 14139 17678
19086 4728 15856 6164 11089 14084 7746 2754 11606 1982 6787
15169 13536 11542 10481 9279 6759 7680 11542 16601 9871 16069 2587 14139 7822 16760 7663 19659
6224 12348 11542 16601 10116 7888 19573 11521 14735 14820 16760 9756 7529 7698 16748
13235 9756 9871 17975 10402 15837 16755 12942 18891 12942 18891 6204
11201 7533 10472 19445 11542 18438 19418 3597 17889 9832
3612 17889 9756 10317 17683 19418 12030 8106
15542 12276 5100 11573 15410 19723 15031 7742 6164 11089 11542 5649 34
11542 4610 527 12600 3847 18303 16760 10358 19179 1965
6852 214 11292 13529 7698 17680 15707 5451 16596 10515 9390 3082
13191 9756 9871 18151 923 14118 5068 6693 10317 19650 7747 9871 10517 16760
17683 11011 11542 553 704 12429 10961 14880 6608 14096 9871 15861
7747 14139 2310 18005 5910 3880 19058 15173 16261 1807 14051 6826 11542
11573 9128 13365 16233 11542 9756 10700 8102
11542 10740 11728 10591 14736 11521 9181 7626 4578 2865 1487
15006 12240 10548 14910 15384 10592 3187
1465 17108 11863 16269 19442 7576 1620 10591 13943 9633 2865 14850 1703
16978 18155 12276 10804 17830 469 9857 13601
16760 15710 13256 12209 10591 13850 1545 4312
6746 19725 12730 14588 16760 18501
6771 13607 7763 13191 10350 568 8615
11542 7822
6515 1370 12799 11606 1474 5743
12623 16069 11588 6910 5743
213 16094 11573 11961 16566 16717 17889 3378 14731 15068
6852 16760 7742 4019 4425 4821 11632 7742
15375 16760 313 6062 18278 15787 5084 4054 6174 14084 10375 5084 4038 9926 6497 4111
17690 3292 14482 11465 17319 15930 6608 19303
5910 10303 6986
11606
10644 7698 6939 214 19725 771
16899 568 1833 2734 19573 6852 17304 11542 429 7737 7822 16760 11127
9756 6693 14125 3422 3082
17683 10402 2058 10472 16266 6693 10402 18497 15375 8028
596 6693 14124 9871 4824 9756 12932 13235 18891 13591 16261 10317 4022
10706 11573 10402 2058 19599
16701 920 2474 13046 6782
11406 15073 11542 14139 7698 7867
19138 5098 17460 10204 5020 16760 10358
6771 13502 17742 15755 6787 17802 17889 8643 6951
16760 10358 14745 17526 3870
9756 17683 16261 19418 7654 5225 14139 6371
1630 17310 4929 19164 11797 6119 5910 8396 3871 14118 10278 11542 1120 19179 16217 16486
14118 6177 8106 5910 6852 524 6201 5803 9803 7680 16217
9500 8116 178 8627 12806 5552 3082 1909 19086 16972
12231 16760 18303 11084 10064 16274
17040 15175 16261 13110 19560 6812 14294 8542 8125 6183 19278
12889 7698 13588 17679 15162 11542 8465 14851 2342 16760 18498 6338
10999 7698 5445 17645 6494 4735
5910 11542 15170
15930 12695 2621 3193
12276 6107 6606
10961 1521 13591 13256 17274
1176 6852 12707 11542 1982 15375 12276 12276 10341 7343 6746 19725 10064
6677 7927
5910 15170 6174 17718 10684 8784 6771 7822 11542 10406
17742 17513
6771 7822 16887 3082 10414 9312
7588 11005 16094 19583
6771 213 12725 4833 3276 18112 6987
6771 16832 16870 15800 1497 12865 19418 11812 5349
10937 3307
2231 11542 10595 13529 7698 533
4138 7498 13036 11541
10709 6276 5970 6658 19136
15031 7742 2390 4028 7822 6172 3068 13651 1835
11209 12785 15284 2876 6771 10472 17816 10350 596 3016 1441
6249 6771 7822 527 1575 16760 19654 13391 15284 9279 3082
8396 14196 11542
15911 19138 11542 8491 10317 5683 17771 19365 11542
10204 8715 7127 11292 19603 6193 15375
13110 1989 13073 10644 16864 6193 11407 11010 11863 10112 3727 18385
6053 16864 10624 3936
5023 17679 7101 12337 10684 13719
3793 16258 11858 3044 1982 10740 14100 9217 6646 10278
6562 12882 504 12884
9279 15398 17742 5016 16755 9271
6852 19138 13110 1989 13073 11499 16593 15031 7742 2390 4028
15911 1848 12276 6631 11573 16267 15886 1120 6631 11263 5495
16760 16456 17742 576 10113 3630 17889 5910
947 6852 18303 576 5349 6421 10056 524 9984 10519
8543 13588 4117 4420 6771 6027 19612 17305 1568 10042 15282 3717 16766
10700 5969 6771 10223
3296 7822 527
4684 14196 11542 1171 10482 9255 5445 7822 527
13115 1989 13073 17502 18716 16760 4578 4273 10473 17536 738 17742 15512 16755 7001 15533 5016 3068
19182 15387 17690 7006 3193 12396 12710 11516 15406 16920 10223 12716 10129 5626 15388 3965 16967 13319
15443 15541 11542 13941 5946 11961 13719 12717 1205
9756 6924 8685 1899 13941 3422 12933 15456 15444 871 13735 18521 17628 6771 6494 18213 13589 18427 2963
10171 15902 16760 12717 10315 12865 1643 17680
15410 13182 19599 11573 18339 12276 17310 13941 10519 15319 17816 17310 13941 12504 5707 18457 14063 5851
7680 11542 9926 6335
8240 11366 14671 9344 8240 9926
7506 7698 11542
2912 18790 18303 13518 568 10684 3082
15360 3047 13719 2022 13154 15031 7742 5008 636 13764 5711 6179 4038 13154 2390 4028 16967 19575 12035 18894 14063 8945
11542 17060 15800 18223 1893 4093 10097 6562 12865 3087 2754 441 13389 6174 17718 17162 10958 9260
934 17720 7585 19138 11542 18155 4618 7585 4619 327 8643 19138 15217 5124 18303 16274 7233 19725 10064 4619 11919 11247 2183
14148 12 11281 17680 923 11542 1909 11573 19603 7291 10843
6787 2754 7761 19164 13110 1989 13073 1909 15337 19656 3082 6675 9756 3082 1169 6675 12707 1497
6771 19418 7761 17304 14887 3466
18213 4250 4833 3277 401 9756 19647 4232
4250 934 5542 568 6771 6249 13317 3276 6050
18213 2070 15636 11542 14174 3650 16976 4862
14196 6771 429 1171 9277 7698 3287 12717 7698 527 6174 17058 15341
17683 11542 7822 17544 15324 15337
6852 8028 11542 9279 15031 7742 11521 10766
6164 525 7698 17110 3068 2390 4028 3612 15787 11542 10514 12596
2390 7822 565 16268 17683 9537 7988 13430
16760 7529 2058 11132 2391 3068 7526 18201 4092 4054 17683 9537 6249 2912 14878
9537 7988 7822 13573 4038 17683 6249 11957 10223 7698 11542 16299 11699 1879
11542 17310 14733 13941 10804 12429
16760 16601 16871 11522 15031 7742 18228 19442 10537 18217 6300 6164 11089 11864 16269
7742 6815 7680 6430 11015 11047 10740 10064 4956 13124 14818 1703
16976 10064 2959 18156 14818 10804 1703
4038 2390 4028 15751 9866 7742 6026 5016 16766 13502
4028 6466 17992 15947 13319 8338 1554 5084 4054 11416 3750 14822
11542 13652 67 19725 10064 16978 4028 12058 6466 4571 14156 16269 10064 1848 1965 7233 16269 7746
19138 6771 10056 11904 14139 9928 11606
146 8627 147 11292 13941 10472
15073 13539 213 524 6771 3612 17889 5910
10537 6675 6771
14421 10402 4207 19164 15577 16755 7680 3597 17889 5910
17830 6771 7136 13941 18394 19136 11542 13032 2373 17748
17830 14139 16069 934 16692
11657 6771 2474 6119 18017 18722 5910 17867
6771 7592 15410 17122 2677 11542 3539
14196
429 16692
7585 14688 5910
8470 5057 7526 3044 15398 6771 8884
14230 2718 920 7747 15398 5495 16585 11501 4420
7099 6771 15031 1009 16682 2844 17683
14748 18564 17816 16682 10626 19041 19302
15398 14822
5473 15407 9871 5657
15806 2612 15031 7742
2693 12355 3111 6815 19235 6679 1466 1314

10961
5856 10516 8796 18005 4886 2479 4038 11353 2390 14334 10317 756 6174 17718 15409 7052 3492 14084 10375 9259 13849 15947 13 1643 18977 9266 15409 15400 14738 5479 19164
17816 12738 7478 8343 18851 4267 1849 11321 10127 3835
10709 16760 16299 1843 15521 12276 6771
14139 5971 11542
13028 15031 7742 10360 15169 11542 17720 12888 11289 8382 13091 16516 14821 6554
3068 13922 5938 6174 17718 16364 11606 17683 16583 12888 11542
16298 15398 5005 11542 10171
12889 1540 16760 12231 7742 14139 15713 2466 1209
16760 16299 5345 5707 3869 3869 14603 5707 6852 12707 11542
11388 18542 7698 527 4610 16760
7822 1982 11573 15398 4549 333
4833 3276 5649 12276 17316 19749 5078 17881
13036 7665 988 6174 8072
1372 19573 10961 3597 14118 3422
16317 11657 19583
1965 8240 18736 3932 5762 11657 10317 19481 8629 669
15364 2217 3296 14139 14139 8945 11077
12328 16343 19287 3054 13718 16914 3375 17816 15398 12221
6771 9756 9756 16054 13235 3422 18375
17690 524 10320 5399
10318 19164 11767 15410 13539
16701 972 18227 3932 13036 10894
19043 15398 3276 11877
14139 2959 6437 13110 1989 13073 7001 15710 11542 13652
6852 10591 1545 10059 16274
11473 2902 19086 7004 3068 500 7655 6174 16261 6151 13908
17718 5075 4833 3276 13539 5065 15031 7742 2188 18759 13159 1497 11606 10317 859 8454 13763 934 15708 7001 3068 3068 7530 1497 14927 3068
14601 7698 17525 11542 12276 13652 9756 14748 12596 10233 16760 4939
14196
7680 16595 15173 6771 1833 6193 1371
3296 5068 527 19654 17058
6771 1540 8294 11542 11606 3870 17146 3017 6392 18792 19171
15031 7742 2390 4028 6164 11089 4487 4706 1935 11088 16384
12889 10406
4833 3276 12276 5078 2754 18217 10700 8102 2814 1498 16778
13110 1989 13073 5649 1848 12276 6631 6787 19723
15901 11957 6910 7874 6771 14319 7136 8294 6771 14289
2481 14118 19583 16258 10317 10591 6562 7654 10539 12290
11542 18542
15410 11542 13152 13941 10317 12276
16760 10350 7698 7822 18295 5910 6198 19418 10537
947 11542 7698 16760 10350 14148 7442 327 12 19164 11542 19656
213 10684 15420 11863 10684 3068 3612 1620 1306 5910
11573 16627 10684 17771 6771 19164 12276 17310 920 6027 5016 11542 15420 6582 6174 17718 11542 10472 16266 5461 9803 9282 17771
16856 17009 19145 11542 19418 14314
4241 17058
19399 2527 8524 6771 5061 17865 5467 1120 17467 8597 6939
19659
17854 7111 6942 10958 9756 14748 12276
12081 12748 6787 17742 16755 3845 10223
6771 10151 18542 7026 12276 13718 17816 17234 7022 1120 6804 19447 7025 16701 1120
4144 3424 3845 952 9926 19145 12276 16760 18498 6771 13652
6198 7698 9633 18793 14882 12596 11014 6771 952 1835 6775 9803 19145 18228 7927 7680 8102 11877
8116 4850 11606 19488 7530 16466 19086
10958 6812 16766 2058 3974 13443 8064 5349 5019 13588 15148
17713 5970 6771
7585 17782
16760 4812 3259 9274 11520 16903 3225 14822 7880 3195 8109 19749 13673 4054 10278
5075 4833 3276 3612 16906 4822 6533 4286 13191 10324 13538 2188 18759
15031 7742 10706 16782 12888 11521 14734 4884 14609 6533 1620
2390 4028 4038 2475 2481 6126 15787 9158 16870 14305 6179
6164 11089 1935 11088 18303 17478 934 13856 527 1250
7629 15565 17771 6771 6249 15284 4684 13152 10519 5856
5549 11407 11542
10317 12276 14668 15073 930 11542 17742 16755 10367
18542 18395 5856 4574 18317 8294 4267 6939 10317 16766 11203 17009
6852 15387 1928 3068 13154 15031 15375 15387 11542 14684 1306 3068 13154 2390 4028 17690 15387 16274 11097 3082
15387 16852 19656 13154 10317 11097 5549 11407
12276 18416 11573 19418 17304 17136
17946 12022 12888 15031 7432 2390 4028 4487 4706 5848 3499
3839 13608 4262
5349
13110 1989 13073 164 15031 7742 6164 11089 2390 4028 14937 2689 8145 19772 14084 10375 10674 864 1935 11088 14828 3416 2537 7842 5848 3499 4487 4706
525 3068 16887 12052 1238 6780 4833 3276 3523 15324 1935 3475 4511 10815 5885 17742 576 3780 17354 11523 1699 14820 7742 17424 3276 13539 2188 18759 6249 10144 12285 16566 11089 520 11885 13607 3187 13996 11468 13257 4028 19547 1667 14748 19659 1373 3870 1989 14140 12218 18303 11084 19725 10064 5669 16656 12282
19254 17294 10472 16864 6771 14891 923 4610 12600 16934 12889 7822 5988 9005 10563 11088 14635 10375 4091 4038
2832 12191 1171 13110 1989 13073 12548 13061 4202 19723
1643 4420 19365 15031 7742 12707 9756 15073 6608 15350 9213 7526 920 7291 8626 15999 11017 11632 18204 16760 3175 15220
2390 4028 952 19603 19145 6816 9633 10335 17110 2912
17122 6836 1700 11542 6164 11089 6174 7585 9896 10278 41 11292 17461
15033 14118 6629 19136 12625 5526 10151 19418 16261 5910
299 13056
14139 19087 10317 6771
18508
527 18213 6554
3296 2474
11203 19603 9756 12889 6779 922
16760
7822
7822
17899 13286
3511 1965 5165 19601
12600 5466
14148 2832 8106 3082
568 6620
6519 5075 10539 2188 18759
19418 1982 14453 327 11450 12058 19012 12804 17608
17720 11542 7822
1758 213 10402 11266 11573 12276
10537 8784 9323 16755 11542 9872 6255 5016 576
10129 11542 6554
7742 4028 7822 13497 15319 1911 3082 527
4022 2734 15773 429 10539
6119 10539 4487 4706 3258
14139 13154 3068 19043 15398 5803 10706 7343
4684 7585 19136
7747 10537 16760 533 17759 17168 4267 6201 12276 11542
9756 10402 15765 11542 19626 11885 7822 19136
12058 19086 19136 5075 4833 3277 2188 18759
