466
15169 9426 10740 213 10056 11904 17058
15521 9426 10740 146 12882 6424 10278 1537 1387
15557 13048 17019 1575 527 12889 18520 6249 10129 14748 17841 2058 12707 9614 2732 7921 18702 6174 5398 3621 17838
15337 7529 1667 6053 12932 9756 14748 15931 1935 4740 18303 12888 13544 12276 7491 15170 16466
11599 5397 9705 934 10746 15787 6174 3727 17935 16589
9756 17683 7158 12716 11263 7677 4659
19648 15557 4735 7299 16760 6225
5463 6852 11409 10233 7654
13342 19086
9426 10740 17742 2730 13169 17136 1982 15375 9204 12882 2121 3621 2272 17074 2007 15319 15499
14828 5397 1965
19654 8315
7352 13 1907
6174 15401 8685 3028 4493 2792 6646 14802 11542 15771 13484 15528 11251
12276 17830 19145 11542 11606 7299 14111 3621 2279
6198 9400 4862 12755 1620
15217 7025 5910 4252 6562 7316 1965 17295 15221
16564 10167 2732 10160 12240 10740 19145 2024 3938 7822
8503 6804 7747 12276 14748
13538 12290
11670 19136
11542 5065 13244
11542 4573 8685 5856 15517 14118 10537 9401 10637 10278 8685
11542 17297 923 9800 15373 17813 5910
7586 24 13191 16054 1982
11861 11542 1575 11670 19136
3717 6533 17750
527 24 5068 24 13191 333 3396 327
285 533 24 17748 351 3296 351 18860 24
12504 351
5969
11670 19136
1965 17057 8338 11542 6183 15410
3717 6193 19164 8707 13191 3082
14828 5397 9705
13163 17935 16589 12886 13191 18295 11190 7822
3713 11542
6771 1965 11542 6562 9426 10740 15540 6193 15540 17057 8338 11573
533 15268 3936 5450 3936 8707 920 3352 3604
11542 934 13731 17935 16589 11807 17017 16978 8338 2754 8072 17679 19496 9908 4235 17680
12276 1965 6787 6183 15410
11838 13836 10700 10073
7022 3628 7022 13538 16755
2090 2090 2090 11840 17325 11542
11542 16976 6193 15496 19565
8675 2364 12206 972 5711 7822 6017 3375 16779 6771
10317 9426 10740 11573 19418 10537 12276 15902 1965
5397 7299 19144 2754 17304 10350 10700 7319 13938 17989 11407 11118
12648 934 7300 7822 10911 17935
18917 972 19149 3021 6836 5711 3894 17139 7698 7299
15398 12067 1965 10864 11542 4531
9426 10740 213 6820 12276 484 18043
6338 11606 17718 10171 5098 9034 972 11542
1575 533 6771 19603 19136
17718 13191 16852 10318 11606
8629 12726 19737 11863 11249 5767 11542 10156 1497 968
527 14828 5397 9747 7985 12648 934 16453
9668 10644 14139 10073 10528
12725 11542 10958 10155 1497 2310 8396 14201 19136 12276 14090 6549 9426 10740 6540
10864 11542 289 11292 4252 10402 9663 17935 17501 16760 2537 1705
12276 19737 1023 2058 19131 17816
2754 9711 14064 344 12
11606 10539 11542
19138 19735 7136 15902 1575
15410 5626 15526 9426 10740 17683 13529 972 1965 8929 7136 667 12429
11542 19618 6481 6119 15221 9005 12276 15164 12865 6518 15991
934 10318 8784 3981 10637 13588 14748 19565 17023 9756 12276 10804 2396
12276 11573 2754 15398 9756 568 12504 4262 17445 17422 4870 5078 10709 11542 7822
2912 19467 6198 13154 13529 7698 14878 18303 16739 12276 4144 14828 1120 1935
12504 17058 9633 8570 7526 15398 533 1982 11542 9426 10740 252
6198 3711 18914 6771 14118 18914 7022 3621 2279 774
7022 3621 2279 6225 6198 9926 8102
14106 9426 10740 3621 2279 10537 6771
6198 7530 10640 18914 17683 11340 13235
10961 9756 17720 213 17935 7849 13593
18914 1180 16760 9756 17683 17114 18914
6771 10481 8928 17935 17023 577 10278 10317 12869
10519 533 17683 12865 11807 10480 12748 15398 10519 7680 9756 17680 2180
10519 5016 6787 579 15169 17935 16868 5657 12514 934 4571 15398 11 146
1580 9426 10740 11542
7822
6201 7319 12725 533 10999 10523 533 6174 17816 4360 12725 10999 5917 6847
19379 8784 2178 1568 9426 10794
19650 7822 19573 6255 5917 6847 18729 9426 10740 1556 3597
14828 7822 9633
12030 11340
3948 1537 7822
10402 12081 11352 7716 2174 18566 1537
17936 2821 1495 13955 9426 10740 16914 1575
15640 2075 13941 7698 9633
14588 17422 3839 7822 19573
4144 1982 13856 12109 9426 10740 17017 6255 13507 5798
9756 9671
11542 7822 12058 19043 10864 11573
10482 7129 15398 8103 17935 16589 9426 10740 6119 6179 1537 5971 6693 19365 11542 2058 12536 5917 9922 12699
19418 19136 14051 6812 11542 19418 19136 15375 17816 1169
10233 3621 2272 6540 2380 16100 10843 17325 15401 11542
6554 11542 19418 8309 10123 10864 3082 12974 146 2479 6533 17608 5969 6276 11542
947 9756 10402 2058 8956 9426 10740 146 12058 10706 14139 10480 7129 17715 4512 19583 12056
2015 8452 17043 5179 9426 10740 213 10644 255
294 11233 5336 11
146 2035 19592
8674 13343 7927 12865 10317 11542 18438 3727 13191
18296 18593 10644 9279
14384 15938 1120 7111 6771
5325 17608 12058 16701 405 15398 240
12605 17608 10472 17816
14139 13170 17137
3881 15410 6852 146 17720 11203 10517 17456 9029 7299 19136
533 10472 5461 7319
11670 15398
11670 15170 1909 1965 6771 9426 10740 7176
5397 17946 7387 16589
15169 240 15170 19164 11542 18893
6053 11542 6348 6053 11542
14139 10317 15170 7977 13052 3068 4013
15931 1935 9888 10753 17140
4684 15398 11542
2013 10278 533 15221 14139 5683 15371 12707
15410 11542 7654
15410 10318 15398 12276 17816
19138 6939 19735 2007 15319 14139 5971
13954 13954 17935 16589 865 9426 10740 706 13773 15564 6814 13954 5788 10753 723 17560 16498 17558 13954 18717 9284 9426 10794 10278
17935 934 6466 13954 13762 18228 18721 7470 3975 15862 12865 13954 500 19388 13845 16278 17138 19164 13954 17935 8072
13954 13954 6771 15902 533 12605
16904 5711 1306 146 13954 8627 10523 3144 4972
14091 4144 1965 13954 565 6771 5065 6174 19488 19145 13954 13493 12276 18438
13954 13954 6771 934 15409 9105 2234 6207 13954 13348 8338 4126 4144 17680 13954 13941 12154 11542
13954 13954 533 16371 5707 6549 19136 2007 15319 13954 240
17720 6771 14139 7698 11818 17679 15170 565 13154 10753 13507 14139 7698 527 1180 527 2474 6119 565 13154 17935 16589
9756 10317 15170 10835 261 9426 10740 17017 972
12929 10644 17017 6771 972 4239 11247
13171 2479 1120 6771 9756 10700 9426 10740 6771 3597 5910 6236 10709 17935 16589 5005
1643 7977 4927 12073 2238 7680 9856 11236 12865 17935 1643 7977 6750 4578 17935 16744 2238 4927 5927 9863 9756 16744 2238
12276 7824 11542 3597 157 12707 9426 10740 11 9426 10740 146
11573 934 7698 6010 11573 11573 5631 10519 11416 934 10317 19467 9426 10740 213 934 7698 11542 7291 6011
568 5349 7698 9633 10709 11542 2145
15259 6730 18722 11542 7698 10245 15398 9871 533 10223 11573 4547 12276 7824 11542 3597 157
568 5349 7698 9633 10709 11542 2145
15259 6730 18722 11542 7698 10245 15398 9871 533 10223 11573 4547 12276 7824 11542 3597 157
12276 7698 11542 19138
568 5349 7698 9633
10442 7698 11542 17451 18722 10709 11542 934 10835
16371 5711 12890 7698 10787
10684 568 5349 7698 9633 11542
12276 7698 11542 19138
568 5349 7698 9633
10442 7698 11542 17451 18722 10709 11542 934 10835
16371 5711 12890 7698 10787
10684 568 5349 7698 9633 11542
12276 7698 11542 19138
568 5349 7698 9633
10442 7698 11542 17451 18722 10709 11542 934 10835
16371 5711 12890 7698 10787
10684 568 5349 7698 9633 11542
13176 19145 6771 13475 10056 11904 2129 1568
6771 4740 16766 18966 5711
16595 6826 17777 10523 533 18299 18273
6771 19418 5097 8117 10866 10740 6549
2007 18299 14139 10700 6771 2058 6276
8945 12707 11542 18966 5711 6335 6771
14139 13851 2215 8675 6387 7953 6755 18730 6425
1909 19418 12276 2015 6787 4531
4684 19603 327 12
14139 2335 12276
13191 2058 13110 14139 7761 19546 15319 8028 8626 5910 19278 10479 3135 13002 6141 13588 2336 7680 1620 12721 16701
15337 14139 4279 10523 10005 12284 11606 5803
14139 10315 3082 6771 12290 13364 10315 1721
18317 3481 7977 15164 19583 18314 17679 12030 15410 8715 17830
14020 18578 15591 2065 7582 2025 13159 17280 17522
7582 10363 6141
3378 4279
10523 13191 8495 7654 2902 7680 19131 11416 7472 9756 11132 10005
9872 2317 19164
10684 1858 6771 17150 5077 3220 18721 10753 17978 7012 9213 18210 1127
12897 2763 12276 19601 8791 6183 10992
12157 5075 10402 713 12396 9426 10740 16760 11858 1466 17679
19737 17720 13029 12882 565 13152 10753
5101 19132 17315 6119 15911 1127 849 9862 10074 16958 11795 16479 1632 15634 11516
594 9228 9151 19647 13191 17935 16409 1758 19365 11542 17017 17982 4898 14403 17023 5910 6847
12504 7585 277 6373 9426 10740 17023 12
10056 19723 6693 10895 16976 1538 10999 1341 16976 2364 12207 5380 17241 10864
9056 3068 6787 6675 2058
16094
8854 1468 18721 669 10709 16095 13841
3068 16887 2058 16383 16011 10999 2058
17690 524 7022 16568 16889 7654 2282
7111 6852 18303 17694 6771 9803 533 14063 3990 12276 12019 6257
10700 19573 11807 565 2754 8491 1498 1474
17595 8854 18338 497 8494 14828 5397 9705
6174 18574 3090 2754 11112 16342 6787 10804 6927
16760 19179 16555 6675 16094 9756 11858 2587 11410
10519 17680 10317
729 14090 15658 4971 15217 16640 18266 1935 9887 9566 18295
18508 17032 8854 10223 12725
7698 16371 5711 17148 16312 11365 3287 11207 6706 2732 952 14425 14837 1643 6201 5803 15324 4973 15007 18918 2916 2570 3848 1537 13538 9426 10740 11573
14601 11 2035 19592 2364 12206 8570 10523 14942 17915
17296 18561 16910 1893 17865 3870 6174 17122 19426 19136 1537 146 10864 11573
10961 7696 7585 3044 17709 146 17719 10700 15375 17720 18680 14837 14405 13851 2675 6562 12396
11542 2721 17935 16589 12030 18303 13538 9426 10740 11573
12429 15073 19132 10753 3068 18270 9663
16760 17936 9158 4765 2317
18227 10700 11542 9836 7231 9353 3195 12707 8309 17935 10517 14976 10278
14139 17720 10644 12869 7577
18741 5101 14370 15409 10317 15012 17777 17889 16760 10350 1721 3504
19131 17816 19043 17813 12276 7233 2681 5592 14084 2322 8309 18100
9426 10740 213 1982 146 6174 5100 6771 15902 16461 18914 10753 6174 565 1935 9887 3699 14828 5397 9705
7822 952 5910 6771 1213 2867 9426 10740 4022 6771 10864 3659 435 15337 6101 5910 17935 16589 17310 15647 2223 2979 9426 10740 11542 1537 751 18345 15902 1213 6753 1295 19599 6771 6361 16261 6771 486 8103 12869 13373 4399 6771 6361 9426 10740 213 1982 146 7299 15221 3925 15577 6102 7053 15221 605 19601 18914 6771 18554 10864
12023 277
277
11863 5075 17310 14327 9426 10740 7176 15640 2075
9426 10740 213 1982 9426 10740 146 12669 6852 9426 10740
6771 10402 4515 15541 13438 11606
6010 672 4022 533 15530 17138 7526 14748 17138
11 12019 18295 1935 9888 17115 14878 10753 14139 10753 9756 565 16952 8438 14118 18914 6511
1935 9888 17318 19132
10472 17816 3621 2272 6540 7751 15170 18213 5100 18295 11542 5153

9426 10740 213 7752 10519 8167 19725 16701 18438 3719 14148 10539 7747 15733 11542 17614 18045 16460 8028 11542 4112 17540 7489 972 16420 146 1537 751 18345 6554 7144 10804 4112
19365 17679 10753 7136 13529 3375 15800 18716 1935 9887 972 565 10539 6750 15221 5711 10835 261 1645 17017 6174 18268 12869 1645 3180 13722 2015 17679 10644 9426 10740 213 1982 9426 10740 146 920 6193 19164 17935 9426 10740 15911 15800 2754 4665 12865 19488 8309 9426 2569 3375 5539 18728 2396 6882 17680 16744 17741 9426 10740 213 7822 11542 12337
10684 7001 19654 14666 11
16460 11542 16468 11542 11010 17501 16255 8106 7526 3044 15398 7927 1643 10317 16257 12865 8980 6762 8064 19418 12164 11542 8503 19565 17268 7113 14471 9756 396 16255 16468 13191 6174 17718 13191 930 15410 17513 11573
11247 14666 9426 10740 213 10804 18917 11961 1173 3187 568 1583 8699 4888 3187 568 3946 5871 934 6645 9426 10740
11938 2847 17935 16589 11542 2721 9426 10740 9426 10740 11542 19488 9426 10740 15816 11203 2719 9426 10740 213
6852 10640 10753 14118 4144 18914 10317 7698 5985 17686 6771 14139 15169 2007 13191
8899 18155 15787 10816 10740 4573 10278 2007 6177 1537
12187 17935 16589 7488 2036
6141
6141
6348 6562 12030 3680 12430 8682 2806 999
10317 11542 15794 16868 462 8103
7319 533 7698 12504 16233 12888
2007 11573 3630 10480 11573 10864 18554 16261 11863 3679 3628 1084 11573
14139 10482 7129 7822 6337 3196 11877 11573 19418 15787 17679 9164 19418 13499 13779
3150
15410 9430 2789 9431 9432 1537
13394 9248 1482
11542 15398 19186 12515 15161 19583 10406 11727
15170 11542 10864 18849 4512 9917 14782
11542 7698 19164 6927 10317 19179 9430 17023 17935 16590 16907 8784 1110 609 19583 5934 2754 1459 17936 11822 2964 14927 2961 12395 10753 10709 9430 10480 1826 533 15530 6141
6255 6927 11542 7822
6771 11884 6041 9430 15540 947 13588 6771 6549 3628 19087
6540 6787 3628 12881 6700 12276
6852 2912 7822 5397 9705 2474 17935 16589 17720 6771 13941 1023 13115 7822 6771 2922 6540
947 10961 6549 3628 7585 19393 1959
14106 6432 16766 7680 1761 6771 6272 6771 14609 4512 2513 17925 3597 6335 16760 1258
10753 3068 7529 13856 14767 15410 2058 11190 6821 6549 947 9887 13529 7319
1176 10151 6631 6771 15540 16701 7698 5970 6771
9815 13191 16760 10350 14118 10753 12 14769
9887 13856 12490 12888 18914 10151 10402 1011 17816
16101 9800 10753 11537 923 12 14769 16766
5098 5803 11542 7752 12
10753 16590 1260 11833 9756 17720 9887 7586 18716 8263 10164 19609 12888 10706 2439 11542
5085 14569 7977 12823 5361 15375 6685 16760 10753 2730 9887 7822 9633
1643 5067
2075 14118 19453 9213 10233 5727 7526 19164 7822
15410 8854 10056 19224 17720 10151 7698 6852 1982 15375 12276
1537
14669 6490 14416 16886 10700 11573 10700 11416
6387 16371 5711 16593 15466 17795 17654 10709 11416
16583 18130 11511 13036 12882 6236
18131 9003 19087 14636 9892 16459 10978 14588
16371 5711 15564 13852 16583 18130 1989 2350 18278
7698 11542 12865 19278 15398 16593 16371 5711 10644 11416
15787 12231
13913 10537 16760 533 6939 11542 6812 12290 15435 19603
7526 19659 7803 7822 10804 10637 12276 12929 11807
15911 2754 15496 4489 8629 7530 2183
12226 19720 7530 2183
6198 3612 18626
14111 14671 774 12725
15175 17023 10740 5479 920 6198 11542 17017
2754 4665 876 671 2754 17304 5642 6356
774 3604 11542 12231 5190 11542 3831 11542 7676 18314 15340 14139
9836 8312 6812
5910 13529 4022 16889 13502 7246 11884 2821
12504 16760 3406 4252 13502 1013 930 1558 5591 18849 3645 6361 6201
7698 11542 7822 4684 7698
11362 10753 8116 12276 3621 10510 10549 17188
934 8116 18438 12869 1843 766 5910
1295 19179 7747 4899 10317 17839 7012 3396 11542
17935 7680 17023 1295 14042 14059 6801
13907 10040 17032 11416 10644 6771 5382 4101 10700 7835 10393 1120 12276
9926 7680 1537 146 6759 16595 11588 7129 9426 10740 252
1171 9926
13544 17295 14090 4748 14508 3068
15409 19603 2754 5377 6758 10317 148 11233
11542 7822 16760 2959 17136
10539 533 16371 5711 7747 9871 3831 10753 18914 15401 17935 16589 2178 17023 5910
5016 9426 10740 11573 10318
968 18155 14352 1537 11542 17501 17936
9426 12775 12882 8784 13856 6771 15401 17935 11863 9426 10740 17017
6693 13529 9255 12725 6771 17683 10644 5014 10056 18303 6787 6675 15542 9255 6771
10706 17683 5910 17935 19086 8338 1169 16261 17502 19418 14630
4684 10709 10480 7129 1537 146
12504 7822 11542 6119 10864 6549
15410 13538 9426 10740 11573 11670 15398 15526
7822 11542 19388 15830 533 952 17935 14828 5397 9705
4737 972 15787 16384 8999 10278 13153 2036 17646
7822 11542 17758 5917
12504 14828 10644 6249 14878 3597 18210 1374 19737 14510 6771
11542 15410 17935 16871 586 11863 10278 6658 5573 6771 7822 14878 3082 2806 999 8682 8200 2075 19395 7663 17784 17709 9930 1537
17935 11863 17017 11863 1296 9426 11084
9426 10740 213 18317 10528 13240 17690 3067 17069 18166
12226 17772 6201 9899 15928 6335 19573
6119 7380 19650 2322 4512 9917 14782 12981 13861 17077 937 5727 2734 312 11542
2656 6194 7529 19194 9426 10740 17017 5043 3126 19365 13477
16278 1643 7977 11275 16106 1295 13235 11973 1120 17017 6946 15991 3329 8338 8348 7577 2569 12668 11793
6804 18914
16460 15410
5628 3628 10753 9426 10794 10615 5427
5360 10684 11833
11542 13317 12477
6174 16564 10166 2732 7698 2135 6437
13220 15837 7985 12648 7737
12237 3135 10472 1139 9426 10740 239 7751 8542 8941
16596 16069 7747 16074
10194 12596 11542 12721 4208 8028 17816
13830 240 6201 5803 16227
15542 240 1879 1843 14318 11542 5628 366 275 11542 240
16760 12234 16462 10753 6174 10753
7585 294 3485 6174 19603 19047
17137 9430 247 2007 2364 12206 12321
13115 17830 18155 7526 17795 16227
10684 9468 11 16074 11997 16760 10350 210 15234 18721 10753 13793 9430 6549 213 8382 13544 173 240
19054 11542 6339 10519 19054 5098
11542 17549
14196 9756 13120 1643
947 3021 1086 7822 13191 527 16907 4074 9668 9756 14983 6771
9426 10794 1295 6519 1180 17816
17935 2754 9756 2719 15033 14845 10700 1300 9426 10740 17023 1459 6433 16229
5640 17935 16589 9426 10740 1176
19365 17816 6174 17935 17017
7663 19365 10753 18914 9862 18914 6338
7698 13191 14644
12869 9863 9862 934 14139 5552 3719 15822 5349 3044 11542 7698 934 14984 9426 10740 10317 18228 6698 14139 14986 17069 11517
11542 16985
9756 7747 8524 15401 6771 15170 11217 1982 15375 11542 14139 7822 11542
6693 10519 13191 8495
12058 17683 19603 16617 17057 8338 11573 13191 8495 12276
11542 15407 10317 7003 12276 17679 2754 17017 10700 3597 12 17830 11542
7001 10644 13394 17017 6487 1620
1120 13235 6675 11807 15648 7654 1146 5985 16992 2446 6836
9756 4229 17683 10519 6363 11808 1146
17032 11542 13182 13191 8495 10804 1643 7979 2832 10700 15496 6361 5985 6010 19136 17683 16233 294 7484
11542 9756 7698
8111
7747 11606 11416
1565 7747 11952 11416 7747 9756 4022
6549 8169

9756 13120 18697 8102 10646
10864 14983 3068 9756 13298 9664 10459
10480 18045
10485 10317 7680 4512 17925
15398 11542 19023 11606 3604
18438 10804 12865 9756 10081 8239
13220 12865 10081 16889 6174 7319
7582 1893 9756 13120 1115 10081 19442 12030 7319 9756 15073
934 8111 19090 10634 9802 12240 17017
12548 8823 4252
229
6812 11573 3896 7680 5402 9426 10794 18166 7694 1643 1583
14828 5397 9706 1583 13317 9426 10740 1323 15902 9445 11770 9983 3163 7985 12648 17889 2121 17889 10700 12276 11247 2181 1540 6771
2317 3158 13443
9756 13120 13283
14139 11606 1366 10864 6771 19164 3036 17069 15540 1783
13235 8064 10961 1708 9756 15557 8382 16568 1783 15540 1173 5803 9756 6494 10911 10151 10700 5719
11606 16871 6812 1173 13332 15170 11542 18316 11573 10151 13851 7698 533 15221 16267 5150 8589 16766 6174 19599 15337 9984 6174 1757 11807 7698 17069 6771
16595 19136 16407 52 11284 53 1982 17680
9426 10740 11542
17935 17017 10961 67 11284 17955
11542 16012 14807 17775 12276 10357
10804 17680 19659 11542
2585 17526 11961 1462 15319
15398 12276 8993 17614 2962 8111
1982 15398 6105 1462 1306 7626 2585 17737
10753 17978 17772 1568 2585 17513 14769 146 11573
10959 19132 3068
9279 17936 6852 10537 2730 1620 2962 7222 12869
9213 12276 11904 16566 5851 19233 8282 18266
14738 17935 253 15564 1295 12276 1531 1459 8629 6353 11383 19573
605 16409 11877 8626 11542 9382 19488 7303 1295
14139
1295 16589 18006
5100 11542
10644 6852 9426 10740 10317 10740
10700
10644 9426 10740 146
1643 11542 9756 3422 6852 11573 16569
7233 17690 7698 9426 10740 11
6675 10317 9426 10740 213 10151 15375 1965 18166
6562 10709 6771 7678 7696 16460 1173 10480 7077
19418 934 8452 10402 3604
9871 10317 9426 10740 11573
11606 2754 15170 9426 10740 213
10317 533 15496 11542
3921 10519 533 10406 17865 533 11542
934 10317 6852 12276
17771 9426 10740 6787 14828 5397 9705
15033 17935 16589 952 6631 565
15170 213
7984 12647 12869 13370 11263 12276
525
12504 9426 10740 213 7698 11542 4684 11542 19603 19145
8643 16701 1825 6852
17440 10700 9029 4401 11542 15170 14748
6852 19138 18045 13529 6272 7654 15398
8643 11542 6495
6750 15221 3728 10151 240 2931
6174 15221 2199 18438
1965 6750 15217 10056 12276 9426 10740 17023 17430 1180
16766 934 16907 8784 9426 10740
6841 1306 8001 15542
12226 7582 10481 13529 8615 6836 400 146 16701 19131 17816 19136
17683 19601 13783 9426 10740 213
7927 9756 8167 6694 3082 10864 11573
9756 3896 7526 19164 11858 5005 6174
9926 14828 5397 9705 5974 13159 13938 17935 16589 11542 15790 13936 19164 11606
5615
15375 17690 7148 13084 10700 11349 9650 4816
16760 11884 15571 533 4144 6852 14059 9756 6519 6911 16760 5769 6872 17889
7680 10684 3068 1077 16261 10151 6361 17713 1077 906 19573 5910
11542 9352 17936 1160 14139 10700 15496 14139 14553 5910
934 14139 2832 7822 14644 1935 9888 3068 2897 5552
12231 7822
8570 2479 1537 1620 16278 12936 19046 17709 2961 10459 11606 1982 17422 17935 16589 14711
17017 2439 19164 11606 9426 10740 213 19650 5075 11858 15169 13538 9426 10740 11573 1537
17935 16589 17017 12 11245
19365 11542 6193 17816 13859 17017 2504 277 15380
18208 405 3719 9921 17017 11542 10402 2373 405 13793 6821 17017
13538 9426 10740 11573 15800 17119 9426 10740 17017 8452 11338 10835 8452 17714 11206 8054 17714 10305 19492 4467 10472 6750 868 4245 1537
17017 10644 13141 9426 10740 213 14778 5649
17683 19278 10151 253 17023 11542
7698 11542
12865 14779 11542 15406 3621 2272 7459 18697 10753 13319 3621 2279
12276 12929 18697 5192 17513 14769
14139
16298 17935 17017 5985
5971 5193 17935 19017
19733 1161 1463 2754 12514 19486 11292
14584 1120 12929 15073 1161 1462 14553 13918
14671 3713 11542 3622
7822 11542 7822 11542
9756 15169 9426 10740 213
16169 6709
9426 10740 146 6174 11 1982
5075 2527 18716 9896 9896 1693 1693
11858 8240
19596 8125 12276
9896 9896 1693 1693
7822 1331 11542 19583 7585 8928 7176 8076 12057 535 6939
12591
14063 9648 6626 5067 14063 15640 2075
1982 19648 5075
3296 9648 17908 11542 6911
15165 7765 3296 11542 16978
11542 10700 9174 10040 1011 11416 2364 12206 11096 5591 2185 14084 18013 18884 7393 11107 10271
8751 7747 18303 9426 10740 11573 1537 17709 11573
16595 4853 6939 12276 19565
428 5101
11542 16629 18210 12395 16852 533 15221 16371 5711 12870 3621 14381 947 2730 3604 533 6771
9850 19418 10537 11542 11961 10223 1171 751 12 17380 7698 11573 19418 774 11542 10233 15540 10864 6119
16760 10350 17549 19164 16632 18210 3621 15540 9403 10753
11542 13364 19583 6685 15755 6193 2942
17011 15161 11416 5971 11 1013 146 11606 1551 14985 6026 7176 19145 11542
