305
7122 19583 13475 17247 1513 1471 13874 9541 5565 18832 6570 11178 11414 9537 7988 1935 14775
16760 10350 9803 5683 15371 613 5985 8707 10700 17713 5970 6348
972 16964 3163 9537 11178 14139 16583 6771 12889 568 6249
1833 3296 19418 10700 3179 13728
5917 2481 13913 1125 6680 14748 12231
2007 15268 6540 6771 4740 14894 17168 11699 17759
8396 14201
16322 3484 12276 554 11573 19573 5709 19488 6230 5824
15398 16322 3484 15398 3016 14532 4461 19013 4796 19123 5565 9680 17315 16914 13532 8104
16322 3484 11152 1238 13941 6010 5970
11542 3017 14201 548 17043 8452 3832 12319 9745 9735 13364 3936 17043 2145
9537 7988 18317 533 8338 15911 14139 13796 6201 14139
11178 11414 18832 6570 429 7737 19541 17315
19365 16322 3484 13831 6011 1965
10482 7129 15401 16322 3484 6183 15911 15169 143 18043 10579 5985 2931 665 15322 12213 14371 9756 6242 6337
18314 11573 19418 9800 9277 17813 5917
13588 1965 15274 15911 8988
2007 533 15221 2007 6387 18719 18578 3021 19277 16760 16233 12888 11599
7988 12058 12213 12276 6631 568 1120 8452 11869 6631 6780 5565 9680
11332
8494 17456 11573 16760 1748 3820 16760 1654 14984 11542 6174 15268 10548
3612 76
18155 7086 8841 4910 5969 11542 5910 9756 9857
11542 5910 12 11292 5626 13856 11606 1982 19005
12058 11542 14060 7698 18438 8494 3774 3612 19618 11884
7022 16760 10454 17686 5098
527 1643 10804 14669 15073 8494 16760 2058 1683 2902 524 11831 2474 11831 1643
8784 11884 1881 11698 7472 3774 13502 15496 7680 11247 2180 17680 16261 10317 8988 12897
15060 15262 8784 13832 13502 19650 7585 11606 13110 14894 15409 10317 11542 18156 1485 19541 19180 15268 12707
8167 11573 18227 7761 10804 1372 11542 7654 10402 2058 10473 579 2583 8784 16322 3484
14894 7053 18690 16760 10317 19650 17899 9179 10537 19659
17032 7822 3774 7827 13502
15398 19086 15147 17748 8718
19749 10740 2959 10331 14386 16607 4578 14157 18722 19090 17559
12058 13709 16255 2959 10331 16261 15886 18722 4512 16583 9648 2868 6771 15794 5349 3774
6771 8643 17982 5016 10937
6174 1989 4578 13283 16306 8186 9985 7547 19090 17558 2554
12061 13684 13391 11760 5640 15073 5942 17558
4144 11010 10172 6771 9213 6771 8805
18778 12604 19664 1000 16204 4671 14748 2657 15403 11482 10700 16701 11481
6771 15409 19573 923 10358
19647 14666 6771 14174 7698 14064 8871
15699 11670 16746
11542 6562 6712 1643 10056 277 11292
10541 19650 17772 8841 5910 16433 19365 16760 1306
7526 5552 1377 9246 3630 18228 6361
6366 9008 11542
10121 18849 4713 19013
10537 8239 6365 7979 11082 8987 9538 8215
2754 15398 12865 13115 12396 7977 6174 18891
12681 17816 10358 7585 2433 13342 14068
9756 6629 7654 15398 16261 5803
11542 10317 8988 13321 9249 15337 14139 9756 9232 12868 9248 12030 8495 16760 10350
11858 15170 16322 3484 1643 11542 15902 19164 10804 7967 14671 4302 18895 879 6771 19112
6771 8396 17169 17750 1280
13941 5971 10684 3082 14225 18181 9181 16322 3484 15215
13591 3005 13477 16322 3484 8916 1965 13941 13342 10583
6781 6693 12835 1568 10115 13150 16075 1497 12032
15406 10317 10804 18895 5743 12032 11247 8495
19426 6006 12159 10454 16824 6787 3005 13477 16825 1989 14190 1877 13591
11606 19087 7654 923 14733 9756 7654 19164
5910 4394 5707 10266 17305 6781 1843 5985 2607 16322 3484 15268 7496 6557 19583
17122 12865 15401
19486 12 11292 13191 19575
11606 5168 3296
6852 15217 4420 693 15773 17210 18047 3317 10317
14359 7576 18047 10740 14738
15319 17816 1982 14359 11223 7576
9756 17720 7698 2317 15773 10317 7698 18278 10402 5445
18438 12865 5683 15373 3648
294 6771 1583 6693 10317 12808
16885 11670 4729 16257 7752 1568
10537 11573 10700 17683 16322 3484 19418 13591 17686 13588 7680 8102
6771 17304 18278 15787 13891 10136 9213 10139 9467 16249 10138 327 11292 18227 16248 13591
9537 7988 16593 18731 2832 11606 6249
6677 3068 10958 19656 16380 7747 16792 16914 15409 6872 10804 14882
16322 3484 1120 6771 7496 5921 13339 18156 14139 8116 16566 16371 15060 13529 13443 13159 6131 10917 13891 10136 10933
5970 6771 12276 7990 1965 12889 15410 15259 6730 19164 7696 11606 18201 6762 12276
6771 7822
17683 16760 4610 13191 4185 9756 17683 11606 14383 527 8685 9266 11254 533
6927 11795 9445 19090 17559 724 19090 8338 2554
6680 10317 7756 754 8503
9926
18210 1000 16228 19418 15550 4133 5005
2143 12707 11247 10958 5969 6771
3802 16322 3484 6352 18556 18722 10740 15170 12198 2223 15262 13845 7585 6771 311
12537 1115 13690 277
10961 9756 17854 4201 4531 2759 2606 17720 16322 3484 12061 11792 7698 11456 5565 9680 4592
17122 9279 13477 9537 7988 6804 13731 2754 16566 7888 10123 533 6658 4568 2058 4248 13591
934 2058 2982 4352 17683 18832 6571 3068 2730 523 16054 18415 9756 7526 9926 1173
19722 7822 18969 7698 2734 19573
1643 16288 5719 2007 15741 6764
14690 1982 11453
9139 17720 6771 18317 533 11542 8240 14139 7822 17680 19278 19138 1176
10402 9926 6771 14669 16266 17515 13941 1643 17380
10233 3336 8589 11542
9756 7822
9537 7991 18832 6570 7698 11542 12889 6225 2178 1568
13806 4684 9252 6771 920 3623 12776 6431 3379
934 13529 10698 13191 8495 1409 18448 19365 13477 4086
10317 2754 10155 18047 6236
17683 13591 8382 6337 16322 3484 9756 13941 10406
15268 533 6771 13529 7698
16322 3484 15260 11699 6771 15557 11389 4547 3179 7756 6475 18560 13110
12276 11573 19418 10700 17683 8116 18228 6758 14129
18564 12799 3422 1474 8104 2754 5649 7526 3831 10517
17789 16267 3678 10933 8988
11203 6335 15268 1371 6771 17982 14738 18605 18627
11699 19362 1371 4117 17169 4117 18722 18299 18273 9800 7930
19136 2838 6501 12154 11792 1879 11542 2242
12504 1540 15268 6771 19603 19145
6852 262 11284 11542 14416 18740 19568 11542 1115
3894 7680 1620 15217 18047 9756 7530 14474 14421 1120 1583 11542 2721 18787 13235
934 12030 1115 6960 11190 11342
17683 405 6812 2242 14588 11542 1843 1818 579 6276
9756 7526 5910 17718
12865 18047 17154
13891 13021 12670 2713 17682
7526 17154 10406 14588 10278 3068
13941 7188 11542 19603 2396 2997 3930 5917
17683 294 17513 14064 9756 5542
9537 7988 6937 3082 13321 14751 10706
19324 5352 4520 19796 18696 1129
429 2902 16322 3484
17683 7891 4547 11047 1965 15268 2754 17683
7988 3575 16684 16228 7053 18721 16322 3484 14465 14137 18047 9699 3179 6180 6386 4578 6198 2210
11342 6812 2238 4928
9384 8028 8567
18047 12348 16684 16258 5804 2223 18047 3251 11178 11414 1833 5411 19535 9931 12929 16684 17305
3576 16926 553 2479 3425 17889 14359 4895 6490 11407 6005 16322 3484
327 11292 17816 19418 17499 5075 5565 9680 16980 1669 14894 17835 8257 533
2007 6540 7979 11573
10056 17816 19138 11542 9537 6659 7698
14416
947 16322 3484 6631 7136 14139 6010
6771 9537 7988 16228 19050 16258 5804 2223 6352 7756 7747 327 11292 6812 2242 18047
2238 7677 16684 6815 13228
15504 1620 1120 17816 19737 16701 6812 1173
15528 14463 405 3717 11342 2961 6478 3054 14129 17881
10402 2058 10317 8106 1620 7343 146
11542 17526 5445 18384 5917
10700 11542 10958 5683 15371 9255 5985 10700 852 5910
16322 3484 5969 934 19603 17816 19136 11542 6540 15268 11542 8643 10402 15886 17909 4343 11542 5683 17922 10317 12276 11606 11542 2754 15398 15259 16889 15487 1620 2808 6381 12929 2238 6371 18047 7747 327 11245 6812 6491 15504 1620 18891 1072 15259 10961 13341 7052 16258 17683 12748 4661 15259 10634 18438 7654 1893 17816 14139 9756 2396 972 11542 11084 3047 7343 16744 6386 8643 13341 7585 972 5910 10317 8111 5910 9926 3047 15259 13341 7587 11542 7698 5910 6011 7698 7585 5910 10317 11884 11542
7122 19583 13475 17247 1513 1471 13874 9541 5565 18832 6570 11178 11414 9537 7988 1935 14775
16760 10350 9803 5683 15371 613 5985 8707 10700 17713 5970 6348
972 16964 3163 9537 11178 14139 16583 6771 12889 568 6249
1833 3296 19418 10700 3179 13728
5917 2481 13913 1125 6680 14748 12231
2007 15268 6540 6771 4740 14894 17168 11699 17759
8396 14201
11456 5565 9680 4233 9279 15268 13477 1748 18755 8916 15259 18722 6381 13913 8796 7199 19418
17679 5864 18755 8916 15259 10223 3069 16870
15259 16601 7530 3728 10709 10223 10223 15496 13591
14139 2832 9537 7988 17680 15262 8921 6255 11542 9815 18228 10700 2832
10318 17168 533 6852 8626 5851 14951 6771 17310 10056 12707
15878 15259 9815 7530 19164 10128 18625 5917 10402 8691 16760
934 12023 6174 17718 11456 4836 10519 19171 6693 10223 12396
11214 5970 6011 19254 14292 2466
11961 14139 10365 2912 6027 9987
6771 14139 7698 17720 527 15337 5349
4296 15337 15170 17628 5349 11282 14494 17909 4343 4715 4796 19123 7442 316 16701 4684 19603 19145
5565 9680 13796 6249 15337 17889 17946 13608 9537 7988 11178 11414 7698 568 13152 12725 6771
5917 14139 7698 6335 9537 14666 1620 17422 605 16322 3484 2754 500 17720 7698 18266
8863 19418 206 16322 3484 13607 16278 17683 19418 19573 5917 10171 18353 1124 12318
4971 2058 3158 12725
4278 13283 15319 19654 12504 16760 6582 18593 12396
10317 11456 5075 5565 9680 2481 9279 7034 17720
14118 8272 6150 13241 6771 11858 5271 4828
6693 11606 6381 16322 3484 14689 6771 214 253 11292 10473 18830 9468 6771 15307 17127
6693 6771 1721 17816 8072 6601 17127 1371 16760
527 533 6771 16489 17718 19474 6771 5016 5917
12504 16322 3484 7822 6771 13364 16261 429 972 10317 11456
6771 4678 7496 9971
17816 18106 6771 15406 405 3047 14177 12748
18542 2121 15259 6730 17750 10402 2058 14894 17777
3847 3575 3251 14139 3383 10644 19086 18303 3082
15410 14671 12658 5917 18578 16899 14649 10402 11201 13732 9828 12663 5910
4684 19575
18005 5910 15407 5910 3575 5604 18946 14129 6503 17314 7711 17775 2834 1568 10700 8102
7526 10171 3719 938 14129 579 19582
5971 8886
8364 14670 11542 10999 5023 6361 12276 11573 2754 14139 9800 6448 3422 852 17830
8543 14139 5969 14148 19278 15398 17683 9537 7988 8615

10317 11178 11413 11542 12774 4771 10644 8547
533 2575 11203 16914
8543 14063 15398 11573 10317 10337 10345 10108 15312 252 11203 7654 6562 7496 3719
9800 7025 6201 17830 9756 19087 19053 17614 7530 2310 16298 6010 5985
4129 15380 2754 10155 12337 12730 19043 17812 3612 5591 2185 14084 19302

7927 9537 7822 11178 16627 14900 3602

7585 11542 15573 11670 639 9815 1474 526
8643 947 14132 9756 6112 10510 17683 15259 1893 17816 10494 1982 6362
12276 17679 12035 947 2901 12276 12681 18554 1120 12276 16054 5016 8796 18914 11858 3052
934 3979 9926 14632 3978 6033 12398 19278 11342
11861 13831 6011 12276 909 12291 14370 6201 10143 13021 23 19603 15401
16322 3484 4573 9279 9468 17631 14644 15410 16462 852 7927 15398 15398 2754 8392 2754 15170 6258 2912 3375 13191 5657 7022 16322 3484 9803 19145 15398 2754 15398 18299 18273 19418 3630
9537 7988 2481 16951 3068 6771 7822 565 6771
4102 11178 13154 5620 6437 157 13163 15886 14878 14139 17889 7822 3163
11606 15170 6255 7822 2912 4022 12396 13191 4022 18299 18273 3630 19164
19618
9756 19138 16322 3484 11670 15170 7822 11542
16766 6765 18299 18273
11542 16103 2589 19548 525
9537 7988 576 5851 4828 7587 18716 10480 10278 16258 17777 16792 18632 3307
11542 10706 6675 16100 18442 18295 18266
6193 15922 15375 17720 14588 11542 11247
11542 3375
4144 11542 18012 1306 13641 8791 6119 10056 11292 16266 952 19573
8643 17816 11542 10156 7930 6677 15046 10516 12620 3082 6116 10684 3068
15688 3727 10706 11247 1937
17816 16785 18438
7822 6771 11348 12455 2473 6771
17593 14111
7699
16322 3484 12276 1965 6010 15268 17755 15410 6562
3774 9872 9165 8945 934
10539 6771
17718 10684 8784 1893 17456 10958 3833 19243 19164
10537 11863 17456 11863 3775 11542 10709
10123 568 11542 13152 12873 14878 4748
5068 934 7822
15748 13115 7737
8928 17679 9472 11542 11858 7529 16073 1179
9803 12596 17771
1982 3833 17456 15798 6362 3372
13591 5969 10903
9871 11542 19418 10317 19136 16701 1838 6939 14404
7588 12 12
9756 6827 19145 14139 2527 5016 14130 15398 1173 5803 9871 11542
7822 9633 568 1013 12276 19664 15337
10537 15398 11573 10317 12276 10537 8784 12681 19589 1173 2754 8102 10706 19545
3774 11542 13941 11863 11858 15410 11573 17683 6225 12865 10482 5986 8860
17683 1989 10339 1909 4578 5910 18303 8928 8791 11542 13171 6287 5954 16701 10144
7747 1965 15272 16760 13191 6183 19138 15911 10003
4684 14196 11542 1171 7747 9908 4571 11251 15216 5972 11069 11453
4144 18936 15221 18317 16826 13191 17816 2238 15557 18047 743 13340 3320 8515
9538 527 5501 9403
11178 11414 4421
11606 14365
17718 11699 5657 15911 4267 12913 2754 7928 13529 5628 11292 11542 19455 12707 11542 6193 13046 6205 16717 12276 19365 14649 14131 7654 10537 16760
5917 17141 14689 2479 15577 8818 8641
4684 19603 19145 7496 10687 1120 6568 9859 2397 3612 523 2007 15319
11542 13443 18043 10129
19302 17683 19418 8102
19086 15398 11542 7233 7680 12030 5803
19131 17816 11416 17137 146 568 14191 777 15858
3679 11542 18640 18047 17899 5917 19488 6183 15401
527 12231 18675 146 568 18426 16760 18429 17067 533
18914 11542 10171 13913 18363 2773 12504 13841 13643 10111
11542 7698 13288 4067 11904 9856 17816 12030 1982
484 6337 9872 17163 947 17122 19418 14416 11606 17922
15060 14511 10804 11573 10317 40 11432 4713 19013 2673 5707 6141 6141 6141 6141
4740 12030 11863 10151 527 7698
16760 2058 2317 12154 1879 7977 17687
12504 6675 16298 19145 17749 5743
7927 10706 12231 11542
17009 5591 14450
18731 10317 7068 9036 11573 11807 6007 2612 6387
11542 9029 5549 11979
5526 10473 11542 7677 16595 14132 19132 17816 2754 11858 7526 11292 10278 1620
13191 10350 9537 7990 3068 18228 7654 1620 17816 16744 18040 467 4960 18578 3892 18314 16760 3082 2832 10223
12058 8167 11178 11414 6183 8239 19568 17939 686
14463 10494 17771 11542 11203 13807 16258
13283 10794 11075
16322 3484 7698 15268 11542 3597 14177 19725
17679 6675 4117 14060 11542 5917 12707 8338 15489 17584 11127 9997 3087 14129 9181 15906 3484 14118 19583
17789 7587 15496 6677 1497 579 17816 18106
12716 15217 11542 16322 3484 4851 17816 5191
17816 18106
10056 15217 11542 3832 1497 17982
14588 1180 12725 11542 14139 17758 6276
19603 19145 5969 11542 10317 1173
4637 16228 2806 3575 16684 9537 7988 19050 2223 18560 10740 5127 12707 11342 6812 2242 3179 3673 18047
1396 18566 6183 9930 10145 12707 7756 6352 2721 16322 3484 13643 5885 4312 1120 10794 8796 10056 327 11292 10278
15375 11606 10042 17369 17739 9856 11236 5412 3179 3575 14392 8993 7438 3450 17816 2754 16248 11699 1893 2246 13532 11877 1459
6804 3717 11342
3396 17058
17168 18324 19418 10537 18324 15398 19136 11542
15946 19145 17115 7698 6771 1843 9063 13191 6771 1171 17683 4232 3724 10741 13793 6771 525 10040 568 9537 7988 6338 11961 10223
947 6771 7824 10958 1965 5065 17771 5971 8784 6771
14148 14060 6771 8382 5542 527 7822 6771 13191
3724 8784 6771 13191 17137 5075 10743 13793 17889 11885
947 6771 5349 15564 16322 3484 18047 16618 7698 8108 14196
7822 11542 19136
11858 6338 16760 10350
1230 19164 5066 13502 11542 19164 3224 3082
11542 16596 6852 327 11292 7694 17720 19418 17560 14354 2238 6813 11542
19733 5016 19164
17718 327 11292 14463 17771 11542 5066 568 10743 18716 18106 17771 11542 9280
568 525 14139 7698
11657 7698
4236 19365 11863 19583 17816 5014 11863 3774 11858 6183 3597 523 8503 11573
10517 16033 11904 15169 11542 17686 16760
19365 7822 11542 15275 10549
13191 11542 6562 5016 12429 5917 8945
11542 2754 3880 12276 1965 11573 161 13191 2754 17304 146 213 7822 11128 19418 8309 12932 10278
10684 568 575 13154 14882 1965 19164 13341
3877 11818 13235 11542 14255 15221
579 15221 2058 15886 5542 13191 11542 17679
12505 14196 11542 6675 12127 15398 11573 5016 6174 12290 1965 19583
17598 10179

12926
