429
19601 213 8627 10278 7747 5910 16701 19046 16261 8102
13621 17816 19145 7809 7898
19131 17816 19145 6771
15398 13235 6771 18228 500
19278 2380 10278 14118 15862 11409
12479 17679 16127 3282 67
1758 6771 9850 10278 5707 9198 1165
12954 14118 7656 10278 7654 5450 18070 12197 1173 19583 500 11606 13240 6771
10317 6771 10644 579 1643 2317 12381 13341 12276 12707 6771 5823 9279
17032 1583 6771
16410 40 19725 6779 577 17720 13191 5917
740 146 8627 6804 14133 11542 11858 7696 7526 13235 3396
5916 12030
19086 19136 9756 15398 568 751 527 8954 19733 19136
19136 11807 16760 7696 7526 12276
1758 11542 6533 8111 5917 10225 10143 9756 10278 7677 17057 2317 16069
17683 13611 7586 5917 11005 16261 9836 10142 10228 1173
8102 9756 5916
19278 11542 6339 9027 10903 681
15152 739 190 12865
5098
11542 19278
11606 3947 10480 19136 19549 11542 5910
6183 5910
9815 7680
8784 6779 40 19723 17816 7167 18542 3375 6771 9756 11812 10698 5693
16760 2373 7899
441 12622 19136 1758 6771 9756 16069 12597 2317
7677 920 213 8627 17304 10994 4618 7654 4890 855
9756 16069 10472 2317
15542 3880 9756 7530 10157 1368 11416 1620
17122 6198 12620 934 3880 16572 19729 19418 6771 6183 5910
19601 11542 6183 15410 18213
6339 9279 9184 3258 9213 7526 19109 3774 12623 5612 6533
12596 16069 18537 18604
10317 10386 3544 16881 12914 1368 11005 10278 9213 11588 784 10278
15911 934 5023 8795 3082 18894 10171 12485 10386 16258 2319 12995 18891 10278
19399 19278 15398 6431 8382 14064 9213 8947 6562 10472 6771
12897 4302 8824 18183 16760 1564 16978 18542 502 6779 12929 18285 19725
6147 8199 12490 18730 11884 15398 12773 1309 11039 6529
12431 15161 11416 6119 17816
18731 3643 11573 10317 15401 14064 11542 16744
9279 17679 11542 15771 40 19725
3881 19365 11542 15771 262 4549 6775 252 4549 19723
922 17502 10519 11542
5075 1173 16371
16760 2317
12030 8106
11573 17114 7585 1497 9871 5856
6675 15046 6272 15196 10073
11961 8106
11542 17978 19131 17816
17304 10480 19446 19136 2055 6993 12865 19053 6276 1909
6174 7585 11542 11 16583 12030 10223 1531
18438 7698 14671 11542
17683 8557 7567 9850 7899
12030 14234 6174 6010 11542
17549
16760 2303 4822
18043 10129 12276 1909 5303 3195 10278
568
1583 9756 1583 8570 19418 5910 19455 12414
17124 16258 3630 751 11542 1982 5303 15557 40 19725 1982
19474 18438 14151 1893 7698 14671 19138 11542 9756 15398
14118 10278 19733 2317 12942 8339 11542
10278 17122 10278 14139 11011 1165 2754 15398 8339 11542 2310 6193 4547 10278 9260 14139 11720 19136 13841 10709 11542 3719 14318 10278 12276 7302 2317 6533
5910 11542 16596 18771 17816 10517 17742 8627 16408 17816 12865 16410 12865 13841 11542 7822 9633 7680 6533 12058 19418 9700 8109 17982 12348 12065 10961 19418 14205 17680 18884 12058 19418 10961 10700 5972 10278 11542 8339 7530 12242 2570
19545
18731 19647 14671 1149 19164 10317 19104 12865 10317 6852 12 11284 6201 10064 19418 6174 19599
17720 15996 19601 11542 6183 19145 12276 14139 17122
13191 10123 1179
920 3082 8589 12933 429 16907 2789 10123 10414
15221 10058 10472 10804 6812 14148 9005 11542
11542 10060 10472 7269 9445 19145 14122 17978 19131 17816
9756 10700 11349
10482 14671 17720 19603 19136
143 8626 1643 8395 18730 6533 13593 1000 4388 6141 146 8658 14139 5100
17825 568 4388 15552 10700 11542 16267 18542 11606 13191 10317 14118 10278 2902 5303
7698 9354 143 8626
16701 19046 1138 13191 7654 11606 2588 3396 14551
13529 5100 17720 11203 7698 16760
3135 16462 2364 9756 2902 12030 8106 12030 16460 8675 19131 17816
6198 907 7114 12337 11573 8396 14196 16627 1568 2378 11542 17549
6775 18285 19723 12901 19733 18285 568 575
11542 146 8627 267 11292 10472 18266 146 8628 8627 10278 19418 11858 7526 1620
10537 9879 11573 533 672 5445 3604 6174 3180 6939 12058 11542 19278 12061 12030 5916 10317 6193 12929 10278
15398 19105
6758 294 1563 11954 1345 6578 4325 10550 9871 4202
17679 9279 11542 6478 15541 3658 12868 17816 6771 40 19725
5969 19145 10684 3082 4942 40 19725 11542 19365 2317 18479
16760 8904 13641 10278 10229 1173 5803 7368 9389 17742 8627 7252 17497
9815 19046 2007 3396 16760 17304 13110 14231 19365 17679 11858 8103
14118 17122 11542 8382 14065
10706 19545 18900 17683 579 7698 13046 19573
15542 15161 17816 19136 16261 5803
11542 2317 1965
2317 11542 19138 17816
6174 14313 8871 9756 15170 19086 213 8658 1620
2754 1230 17816 17939 10700 13115 15771 12030 8106
8543 6852 67 11284 15173 16261 19418 8102 16278
146
277 8658 9756 19145 16449 15398 16261 8102 5910
12030
17683 10684 565 9988 16951 920 19087 13941
19046 10499 17505 16261 1173
12030 9756 9815 13186 923 11632 1568
12936 17683 40 19725 16258 10517 15337
11542 2317 13240 18507 19131 17816
8167 15170 5523 16662 13588 6276 12707 19365 11542 5105
10644 15496 19164 10804 10499 5927
7585 11542 1 6675 11 19164 7484
6675 10317 327
213 14064 15178 13
13477 40 19723 13656 18500 6448 9756 16316 429 11247 2180
5098 5349 11542
11606 13364 9756 11858 17939
14196 11542 19601 5934
11542 6174 3422 6339
12030 14139 8106 19365 11542
10999 3597 6174 14118 10278
6201 13922 15895
9279 13191 9279 3082
344 19725 3717 6495 12337
8784 7822 16760 9756 19131 17816
6174 5445 12030 5450 8106
9926 12865 15169 14060 920 344 16593
17124 19603 19136 3287
19086 19136 16261 17816 1851 12882 2961 2754 10700 1848 16041
16907 6771 6183 15410
17124 4547 15830 9926 14314 13427 8627 16410 19145 11542 12058 6675 5590 688 8871 12865 10512 10278 19164 11176 4233 15937 3064 252 19725 40 19725 1387 17679
19656 1982 15324 3240 1982 15566 40 19725 19573
3082 8171 8443 13213 6119 19749 13718 12276 7979 6675 16371 18365 16175 6174 9756 11481 645
15922 4971 15922 15217 10700 11854 2607 9756 17459 5921 11542 12030 8106
10482 7129 15401 6771 13241 7585 12030 12
6201 14411 1586
19654 527 429 18402 9914 7680 15170 15073
8570 1000 19164 10278 18604
19565 18721 17771 6771 1575 19315 6174 17841 17679 10317 1787 1747 5916 8382 6879
1982 19219 7419 7899 17205 7586 7822 4568 13176
6771 15170 18261 10895 13302 13044 13182 9583 6174 16316 13941 11884
952 17723 6787 10537 6787 6771 10156 11082 10364 9609 2373 14411 2756 6771 7585 327
285
1165 19089 19131 17816 17980 7526 6771 365 14416 19105
13856 6771 16784 6836
9756 14452 9502 17881 19138 1587 771
6147 8199 1369 13235
11792 5910 11542 19728 6225
17683 11797 8784 11542 4522 2317 9756 19087 5910
7698 527 14352 12865
17683 13011 11542 7698
6693 10317 19132 213 8627 10278 11858 7526 1620
9926 4302 10539 11542 17683 9756 5075 12050 8784 6771 568 40 19723 12901
18228 3597 16261 13332 594 9756
686 7654 15398 9279 11542 12276
19145 11542 17122 13191 9276 15911 11542 15407 9756 12381 9850 10278 9279 17679 11542 15407 6478 10644 40 19725 7023 577 769 13601 568
15401 11542 14133 3719 19659
2378 6348 9756 3990 11542
15401 13718 6533 7899 3054 3896 11542 10706 18894 17683 6533 10278 1372 5910 10886 10156 8524 4746 6680 9828
6478 11542 19656 40 19725 934 2481 16261 16371 11542
15542 17679 6053 6771 10204
10396 5432
12030 7889 17456 16760 12772 1309 6147 8199 7442 7698 12889 7698 568
12030 11863 15733 9378 8626 8626 10278 19145 16261 11858 14139 19278 1179 9756 17501 16760 10278 13529 11606 6193 12929 10417 999 179 3009
7526 19659 12276 1135 4302 3017 17683 6771 2317 9756 6338 14111 14077 14666 14077 14666
18438 4302 18771 6771 40 19723 15282 9165 1230 9255 14129 1540 2380 9699 6501 18614 10278
19737 13591
5973 11573 4838 4239 8862 16778
5943 7698 17314 18729 7101 5888 13194 533
605 3082 11807 5743 6422 12381 19583 12381 6422 3308
2378 6201 6198 9756 6285 12381 12716 16760 6255 9192 7022 11997 19749 10740 11997 10278
9926 12865 2812 6782 6693 2310 5237
2378 7475 5985 9276 3082 10414 2832
13941 7188 10278 11606 9279 15946 16258 5804 13186 11080 10171 18527
12276 17459 6787 6183 19138 17683 10958 13235
8784 7698 7025 3083 40 19725
934 527 12773 1309 6147 8199 6422 13317 12381 12865 14148 14059 146 16593 12276
2754 15398 7698 6771
16269 10886 12554 10121
4536 960 17026 15455 947 3068 18415
2015 9467 6771 12030 8106

933 10519 10278 11636 2317 8863 1173 5549 19145 16258 5804 6195 10278
10317 2007 2521 7025 12865 40 19725
2378 11808 16261 9276 8102 14687 1497 9378 146 8028 8627 11416 19145
1965 6787 12290 5707 18894 744
5707 2309
12345 11334
15410 2053 2053 146 14921 15653 6142 11961 3597 14429 3422 17549 6771
729 10151 3622 17550
2378 11831 7319 9201 1173 13332 10937
8037 6771 6693 19478 5797 3577 5006 18040 2821 467 16261 16299 9756 13532 6771 6183 13607
3774 6771 16453 12276 9871
18508 12030 5803 14429 9279
13171 15161 213 8627 16261 5803
5658 5083 10272 1856 16091 1289 16031 14464 146 8028 8627 7585 8028 8626 16353
1173 10999 1173 1982 6771
7747 10402 11542
3082 10151 664 11740 15455 14132 18317 1002 4549 16701 19089 19136 11542
11573 6107 19145 2754 15398 1306 6193 4547
10317 1171 11542 6693 16298 13283 9850 7898 1654 2504 6533 2504 11623 17830
17122 8106 17816 19086 19136 11542
4822
9872 19087 16062 19646
17124 19087 17742 8627 10278 1620 16410 19145
15423
12030 3376 19656 2914 3346
2378
12030 16911 19656 2317 1115
3422 17742 8627 3717 18966 514 17967
579 12415
6882 7020
17816 15528 16887 12865 4593
751 11542 7529 10534 12290 2086 17502 10040 3923 16212 7823 5707 13036 8322 14588 14921 1849 12707 6107 7412 15798 10519 16988 10317
9839 13036 19603 6408 18960 17764 14921
6478 1583 18113 3296 8396 14060 9756 10559 12337 8691
5408 2317 12396 14863 15521 5178 13561 2891
19145 3082 6771 7898 644 12622 17539 11542 6430 13469 10402 8626
17598 14719 10368 15797 18716 356 1000 2380 6349 5743 5073 9054 7899 348
10743 4232 11542 10644 7105 19725 15406 2317 17459 7243 4863 12354 6062 6121 146 16903 15540 8578
6685 1370 10223 6879 17816 6939 3874 12081
7927 9756 14352 9836
11409 17987
14588 2317
19145 11542 6679 4874 1982 7526 1965 10278 7629 17729 10278
11542 15407 13240
947 2754 15398 10804 12865 14118 10278
7927 9756 2902
19086 15398 13916 14168 2317 17992 10278 9836 7899 15398 11542
6174 18696 5409 10278 9756 9872 6978 19171
5917
7927 10156 19164 4618 5917 19418
15170 1231 5719 6779 11542 4144 40 19725 579 15406 10317 11606 5719 17305 4232 15360 11542
16266 9850 8125 3047 1209 11542 9756 9741 1120 16766 19488 6183 14556 3819 10056 15217 10171 19549 8277 9756 8103
17830 9850 12157 7904 16507 16897 9756 15771 294 8992 12276 15217 11877 14118 14551 10056 16766
12221 17830 12865 17325 16760 1268 11542 40 1880 1268 14118 3396 14551 13341 6257 11281 16766 9403 19576 14590
17040 11542 3747 40 10501 4139 15221 12735 1306 11542
3950 19145 40 6063 15423 11542
14139 19087 10317 11542 19086 6787 18227 5016 9756 4396 17414
231 2378 14125 16760 15895 16964 18038 9704 3188 19749 663 19488 12944 17680
3295 7184 18508 5185 17319 16482 17626 7805 13941 10406 15282 13617 5916 12016 18146 10056 6746 19725 579 3505 7867 16760 3645
6771 1670 524 14351 4656 5851 16778 7214 15771 16490 11334 10843
9165 16914 10396 19145 3082 7898 7587 6771 18966 8447 15861
9769 13235 6771 17042 13286 1591 3230 4741 18303 17474 1497 2847 10402
16298 8941
17679 9279 6771 769 9928 14118
16760 10350 16069 9976 2317
17830 1466 13264
10709 14274 18793 10318 5168 13267 11499 4843 7101
9711 11573 10700 17683 6675
7698 12290 10361 10155 14393 16760 8865 5019
11542 10644 17683 11606 17816 9756 19132
7136 12030 14234 18770 9740 1306
5910 17683 7822 12058 2754 7526 14588 4547
40 19725 10284 15748 7698 3774 9756 5508 5100 11542
13529 11606 774 6201 15073 13191 17654 5450 17527 5608
18438 17113 14118 10278 8543 10414 11606 18299 7299 751 85
12888 3577 9836 1184 9083 10706 8935 14352 10684 3068
6174 13018 14535 8202 3250 527 15977 6076 11957 6315
5693 1643 3082 15949 3630 12061 5091 16992 11982 9756 10317 11096 13191
12226 19733
9756 7144 16593 10686 8784 17551 6291 1310 5719 14063 7698 12414 19455 10917 1176
12231 12276 18542 11542 10709 18204 40 14118 19725 17422 12865 19418 15170 7822
14139
12030 40 19725 10709 6478
920 17742 8627 17061 14616 2373 7899
16280 2317
2754 19136 920 6201
11606
8863 6198 18716 10709 11542 6063 18204 40 19725
9756 4426 3408 13861 12276 244 11542
15512 12695 2058 5489 13593 6852 15247 10550
15634
9756 15797 11472 11997 9849 10278
1565 11542 19418 7526 50
2317 4860
2007 5101
14139 19145 17799 17742 8627 6276 11542
7442 146 16593 12276 12396 8784 10709 12276 6632 6147 8199 12773 1309
2317 11542 10317 19145 12625 5526
14430 7567 18722 14404 2317 16166 6709 16760 12030 6422 12197 9756 7026 10278 9279 12276 594
568 7698 7698 11542 10700
6675 10317 3850
9914 10317 6194 5803
9926 14666 11606 3936 11831 11542 11606 2754
16627 3368 8570 11573 16744 4235 7569 4239 13389 1893 13658
18722 277 294 5016 9850 11542 277 8871 14064 11858 3880 1565
7927 12865 10317 3850

16627 19164
19138 2373 8553 4547 2754 15170 12548 6771 15410 19737
213 8626 6771 1721 16760 10350 17593
2754 15170 14148 4302 7442 19374 13 14666 4302 10537 6478 13617 6775 6771 40 19725 18729 12865
19733 8784 15401 12929 7898 3187 19749 661 213 8627 7698 8784 10317 15398 16760 10350
12337 10278 3195 11503 6562 5970 6276 2373 577 6771 1748
16298 7588 260 7484
10537 10369 11573 12276 12276 10472 2317 5496 2513 2373 16040 10278 11631 12994 11667 920 11939 16033
13191 16766 6174 15337
12030 14139 8106 6026 213 8627
15161 19618 6481 11542 9034 15771 12901 40 19725 2754 15398 10684 3068 579 751 15319 12030 11542 4862 12414 11953
9756 13528 15435 9064 6771 11884 16317 17777
10537 12773 1309 17718
7698 2754 15398 7526 12618 11606 14878
2754 15398 12620 6448 7752 16987 13656 40 10472 19725 11416
8570 19456 12414
12231 14139 16766
10999 18438 7899 9756 15407 10317 9815 7680 14139 11858 5916
5917 13529 1643 934
8106
8106 15935 11503 1171
10961 18266 6816 10961 12276 19418 6183 9926
15409 10317 14139 9346 11542 6183
9872 1879 19278 9872 9756 5432 16073
17946 15409 10317 15221 11858 14139 6826 19488 7680 147 19725 10064
4144 6230 11858 9926 19324 13591 11863 12276 15217 920
10961 9756 18314 11542 15410 13182 7654 12318 11252
11858 9756 13028 12276 7496
10961 5749 13593
10317 8103 16660 9850
13588 596 10402 12725 10171 12429
7822 8784
13286 6291
15324 5338 6485 2046
11269 6414 3940 14274
7616 9296 16870 5388 12072 3220
3296
7698 14129 15787
1928
14148 146
252 8627
16951 12485 8447 15528 6179
18831 15886 18079 16001 19051 10278 10684 3068 13336 12950 6080 12997 16565
8116 5028 3380 4853 13264 13461 16197 3345
11409 5821 934 3082 15406 14485 17284
5100 6771 6183
17549
12396 19305
9756 15046
15046
12548
3921 3504 13191 11606 3261 15528 10501 3845 18905
17735 18312 17889 3005 3819 1085 3082
12865 17329 17939 40 19725 10700 12865 19058 17939 40 19725 10700 12865 15003 17939 40 19725 10700 12865 10081 17939 40 19725 10700 12865 4363 17939 40 19725 10700 9279 16889 15073 6771
10396 14148 6312
9756 7026 14318 2317 10278 14318 9523 9836 7903 14318 11838 17466
12030 16371 5450 8106 9756 14318 2317 9850 3188
11542 7586 11606 10537 13407 17939 40 19725 10700
8945 405 9800 2722 1620 568 40 19725
12226
8983 9926 2378 11542 17939 40 19725 10700
934 2317 13046 18258
14449 2381 19138 15577 4549 14132 8785 18896 6348
16701 10482 7129 5098
15410 13539 18303
15540 5075 7136 3103
19582 3900 17816 7167 19573 3630 751 16760
16760 14952 11003 10317 11606 10278 13459 1330 14440
40 19725 6779 16316 1493 579 9756 16901
5943 3082 13191
11999 3134 6661 2381 15984 6771
12276 19601 11573 6183 15410
1643 527 17549 15337 13191 10472
3158 741 16371 15221 3378 12276 5046 3082
10536 10513 4445
15922 11406 13793 2298
786 445 206 8738
9663
7526 16596 9836
7585 14071 1377 2317 2417
11818 16593
12276 2317 11573 6183 19138
10999 13235
10644 1076 19132 11795 213 8627 4202
484 14064 8871 277 294
15409 18136 19262 3082 10072 6249 11573 14129 17310 3082 10700 16760 19582
2378 16351 40 19725 18973 3082 19737 8116 11719 11542
3819
9467 11670 14554
9983 3819 11281 17679
7587 7170 6771 18894 16261 3145
11858 6693 12452 3145
4661 11538
8243 17987
17011 19136 11542
17598
3447 9756 19138 13240 7088 11573 19723
19733 7526 15468 13235 11542 3630 751 11542 7023 2373 644 16346 327 19725
19733 12050 13611 4860 13407 7252
10396 16766
19595 16466 5743 2169 11961
16772 10700 11573 4549 11203 9756 6771 16346 4547 7680 19573 16583 2564 14632 8524
19086 19136 18397 2317 11542
1203 8436 7442 18461 333
11542 1835 15771 15398 2373 7898 12240 7252 18716 9027 19737 972 16600 13235 11542 13656 6519 15755 15902 13191 11542
16760 2373 6431 3990 4890 19418 5075 2479 5445 18864 3728 14359 12695
5910 6680 10317 1465 1204 6200 12015 15797 11080 18716 19353 11192 12865 15648 12123 12748 2833 10317 7388 6141
579 7654 19365 11542 2310 4578 13918 18448 13741 15401 2373 7898 12240 2734 9279 6478 11542
187 11858 7526 1620
2335 16601 2058 16069 16080 4219 14588
5910 19044 16261 8102
8871 15170 19647 12 10358 14666 16298 13341 6771 9756 6276 5985
14139 9926 5803 15170 6255 18771 17816 7585 12276 11332 10628 15406 10402 8152 18891
3774 6771 5349 568 575 10414 7698 16298 3774 15060 1982 6771
16298 19498 6764 14666 2364 5483 19737 7747 4084 1011 10358
10485 10317 12058
18155 19136 6787 11952 167 12414 1565 1965 13036
11350 6771 143 6320 2959 1474 10480 9926 11953
10056 327 10481 14139 10317 12276 10402 2058
7475 1173 6771 16409 19046 8102 16261 3005 14565 19737 12030 8106
9741 17816 947 10836 920 952 8884 14191
11473 3001 10537 17229 6349 11503 3187 12733 17471
952 10402 9105 15285 15398 8871 17683 14148 376 8028
8643 1643 11872
14193 6478 6775 15577 19725 40 11350 9025 751 3082 3372 12026
16298 5954 11352
15410 14719 10369 11573 15170 10537 19573
16377 11573 10317 19051 10278 18166 972
12058 3612 11542 15398 11542 1465 13856 9850 12381 10278 2007 15319
8542 2380 10278 12381
11542 7747 10804 7698 14065
12865 7136 5016 17939 40 19725 4206 2919 2912 7698 16766 15612
17277 10564 3378 12994 17330 5523 12865
10999 19086 12994 4202 19136 19051 10283 6562 1982
18438 9259 11542
12865 19083 15398 16261 15398 6196 9836 7903 10317 1000 9853 19089 15398
5065
19722 9871
16701 16907
9871 7588 277
8570 14719 10368 1982 11877 11542
