324
429 10583 10256 11814 17750 7496 12058 7188 9756 10519 7299
7136 16122 7556 15877 4474 5972 19365 17816
11814 13163 804 10857 14175 17584 15769 6947 3640 10429 11416 4815 18656 1699 486 12736 19418 9857 6193 147 11292
6771 3375 5985 10700 8935 7927 944 13529 11606 17162 6198 8570 10317 13793 12240 10257 18295
6771 8415 4015 13182 13191 8495
18914 14645 15170 11858 1909 5657
4084
11858 1909
16701 13941 5971 19145
11858 8675 6540 10256 11815 533 6942 19278 15398 7698 14671
11542 17169 7822 19363 11542
15648 533 15221 11858 19278 17946
6174 10317 10256 11814 11542 19603 15401 7919 7698 17816
10523 18299 17174 3082 10155 7930 10320 19659
10523 5684 19757 15221 10644 15873 10469 6675 8315 18438 6201 7680
12504 11542 7822 17750 19488 12605 7291 533
9756 19138 11542 17616 7228
19145 6852 17816 17749
10256 11814 13163 16258 17312 6947 10465
13155 14194 9726 11458 11606 10143 11746 6255 17310 10519 6950 3630 18228 4547
12226 12141 533 10256 17330 4262 2210 4285 8106
13182 18299 8102 18228 7927 12736 14587 17739 3648 11815 17282 13220
19568 14806 17771
14139 15170 12058 7228 8396 14196 11983
19138 6771 3287 17881 6339 9756 1540 533 6771 1540 12865 1540 16766
19618 4684 19659
8295 3894 17168 14139 5683 15371 6771
11606 17526 17168 18604
6771 14139 7698 17771 16069 2317 2065
14139 6276 9029 4401 9926 18914 15504 11128 17739 9856 11 12736 6193 147 11292
17137 6812 8411 15487 11128 10056 12941 6335
8111 5917 952 7822 5767 6771
7698 17679 16067 14894 16468 6771 952 2267
2912 7698 13154 17316 19266 570 3082 9279 12865 5016 16755 10414
8941 12276 12276 11815 1965
13588 1965 13191 6174 12882 4262 568 1961 10256 11814 7698 13235 11542 11961 17748 7587 3016 11409
10156 9800 18228 17683 7927 14587 1893 15221 9803 1306 3447 19418 10700 6448 6884 15319 19086 9926 1893
934 7747 1474 3016 11409 6201 3047 7929 19659 1630 1
9279 11542 10482 533 11542 11542 15748 15217 11542 9871 11542 9402 17559 16632 17750 18314
19278 11542 6339 7481 533 6771 11203 16784 5591
9344 13477 7442 7654 7592
19418 639 6852 12 11292 7442 1643 18866 13941 16069 2317 13125 7698
6693 17168 17771 6771 7136 18228 7927 1643 7977 10163 15375 7930 13941 2058
10318 12625 12083 16760 4138 18299 18273 6339
1563 19453
15131 8524 12376 13108 1862 2754 9756 15938 1620 14364 5969 6771
7698 17750 11542 17310 17816 7530 9181 13125 16776 15565 17310 13110 10241 7299 1877
10256 11814 6249 9633 10709 3068 11542 2814 7299 6174 17110 2912 9984 15496 13497 12934
6257 9726 11458 7136 12231 11542
533 15221 7136 1115 19136 2734 19818 3422 8125 10233 2335
10056 147 11292 16596 10512 10402 9276 12337 12504 7698 17756 11542 17605 9800 7930 5683 15371
10142 14748 804 10858 13154 10256 11814 10698 12485 9468 4571
17310 13125 12882 7167 11247
10706 804 10858 12882 7171
533 17310
11983
4580 2210 18303 15375 804 10858 13066
6201 10485 1643 804 10858 553 12737 18217
934 8309 7888 1909 6205 7946 4271 495
6201 3612 5910 2610 2540 7383
9756 15938 1620 5969
10317 11542 7592 9002 11542 12707 11542 3539
14139 1173 1982 17429 9600 10256 11814 533 6771
10961 12276 16592 9560 16614
10175 9602 2538 7550 18716 18502 1290 10537 1120 14422 8503 9756 7752 1982 12603 2998 15509 8341 1447
7698 6174 17718 13028 1180 14375 4292 375 6391 18615 15036 3380 5910 4656 6812 14930 10256 17167 5108 5828 13724 6608 846 6495 17560 1377 9832
17305 1982 12897 1965 7496 12276 10482 7129 11983 2060
4401 15846 17931 19138 11983 15375 17816 17939 213 15291 856 17713 5969 11606 6852 17816
11542 9200 17559
11542 10142 18716 13721 2754 7134 17559
8643
10317 8784 5075 18123 15215
16596
10485 5075 7291 8791 5936
11190 11542 6557 8860 19082
8410 813 10480 9844 17456 963 12865 5910 15398 1643 7979 19179 13018 13130 6201 12886 10741 6174 19191 8076
5910 2599
5075 3423 15215 13283 1643 8784
16100
7698 10577 11877 11542
10256 11814 9726 11458 11178 5295 10372 14809 16583 166 533 17750
11814 17305 13163 18324
15033
804 10857 2032 10843 7529 17584 2723 11697 12736 17739 9856 12429 6193 147 11292 18564 7529 68 11233 5326
2032 18095 11909 16748 12030 6812 12737 12656
11458 8098 13163 9584 17044 12736 2032 1872 5295 13163 6947 1470 11733 7228 2038 14809 1783 1881 13163 13066 4540 10986
7698 533 17750 11814 7822 18730 9648 12434 15284
14196
15170 6339 11542 533 11542
18731 5969 17755 429 972
10539 6193 15375
10256 11814 4013 3068 3082 1626 613 16760
2474 11542 8643 428 1965
16766 11542 13529 7698 7867
15170 17754 6771 533 12504 10706 13529 9279 11542
15170 14125 11542 6183 10644 13529 3422
11858 15410 10256 11814 11573 11542 10706 19086 19136 11573
11542 4739 797 7585 1497
7442 17759 17168 11699
527 5349 17718 3082 9984 3163 10350 4741 16869 13241
19654 7698 16760 12397
14118 13591 5917 10317 813 4212 5265 2246 8382 10245 533 17168 18622 5880 5917
7698 11542 2611 10017 5917 5970 11542 19365 6533 2754 5969
14064 11983 294 16760 3082 5946 4684 613 17168 18894
19737 9988 14690 401 5542 9983 3163 568 1643 10350 4741 4207 10017 5917
10256 11814 13163 2032 10843 804 10858 10517 4536 12254 2760 846 12736 406 813 14175 17584 11127 18560 12929 18564 68 11233 4815 486 12737 19418 9857 6193 147 11292 6771 2032 18155 6812 12276 15487 17739 17584 11128 7529 8309 9584 13154 9726 11458 6947 1470 11733
6174 17718 14878 6680 16267 15886 2455 11237 14878 17305 10256 11814 13731 13941 1907 533 16583
12504 15170 6771 14063 5970 7698 6107
533 6771 12204 9279 13477 923 10256 11814 10128 10740 12276 6340 12030 15755 6276 5970 6348 11983 13729 15148 6174 16267 11979
10040 12707 1497 6392 7822 10247 18592 11697 3307 804 10857 1468 15161 6688 12737 18058 6947 17560 1459
6771 7867 17758 17771 13182 17525 11409 10691 6677 17168 8643 3017 4861 11606 3375 6800 524 14063 3786 3990 533 6771
947 10256 11814 12887 10128 533 14878 12276 8309 1279 14588 2912 9003 12019 11730 9726 11458 18735 6562 1982
12504 11983 3612 523 6017 533 6771 14063 10583 16766 9139 19257 18508 15409 9983 6876 5910
6540 10256 11814 6272 15398 11542
6010 6765 18299 18273 8738 5098 11542
3679 10804 12429 15407 10317 9277 13191 18299 6011
10804 17680 7526 1124
6236 13841 3936 2467
12929 12942 1893 7526 464 13125
10256 11814 8733 7526 8524 19087 18267
7442 294 14064 17683 7484
952 7822 527 10256 11814 11542 16267 2317
9800 7930 17718 6629
14139 8570 11961 3880 16466
18155 13856 13913 7482 13341
15886 16914 17305 11 146 11542 11957 16744 533 6663 10256 11814 6787 8338
12504 6276 9815 7930 14748 5910
527 12669 16914 11542 10256 11814 7442 16854 12888
16760 3378 5615
7353 13125 17561 2238 8338 15164 4547 6562 18317 558 7654 12276 8493 1474 17771
14382 15398 17560 6771 1255 5653 6161
10684 5410 6771 5917 13286 525 6431 3158
16701 10482 6771 9255 533 11269 16760 10350 10256 11814 9833 1377 11542
527 5349 15557 14125
11606 13191 682 6771 10700 17683
4239 13191 10523 7698 17168
10699 6771 15557 9181 10040 9609
5349
16371 5711 807 6947 13191 14354 18102 5349
18721 17445 19578 16100 13005 17584 11128 807 11853 3769 9005 5697 11152 10241 18716 7022 923
9726 11458 11178 5295 1833 10260 11814 15280 10988 11757 12700 6249 9633 527
1909 11542 1879 19723
10256 11814 3948 8940 967 2007 15319
9138 2145 17305 17134
17305 146 6501 19179 10644 10480 17549
11957 16744 10467 17179 4176 12992 998 8741 1965 11573 3597 14178
12504 7585 11542 16233 344
1
14196 762 40
17058 6306 576 8346 19737 17168
17859 11542 11247 18297 533 12605 14522 17725 19496 6758
10858 12737
10256 11814 15922 8067 2879 12276
11542 1881 3346 19164 14424 7850
5985 533 9800 14805 17771 11542 10204 6174 17718 6026 16760 17310 13110 813
7654 19136 12276 19488 15375 17720 8382 12173 15011
17110 2912 9726 11458 7698 14878 9800 6026 16760 7466 17889
16760 934 2879 8371 11128 17985 12932 12027 18894 14424 17002 3016 17830
16094 10204 6771 5995 10804 10499 5927 5075 17801 12504 6771 6018 1497 533 17168 5445
7530 8382 14065
13941 8111 17165 5108 5969 16568 15878 17750 12276 9756 19278 19164 1989 13235 14630
553 3068 13154 10256 9756 16907 19568 947 8111 906 3082 10700 5552 4624 7529 17459 14738 9800 10709 6102 5113 14148 8102 5495 10583 13191 12431 6515 1180 3719
10256 9445 12540 766 10857 10699 2912 19578 17066
12086 13191 8495 10523 16945 19278 12061 15634 16675 1115 12570 14244 19365 15221 5073 16727 1982 11573 15886 17631
16869 19136 19164
19136 6947 13124 14228 6437 9213
10256 11814 18267 17720 295 7822 533 6787 6771 12030 10317 17305 19365 13125 7291 12865 10097 13125 16760 7822 12865 2210 6815 7680 5005 17899 8309 6812 18228 2210 13125 18045 6771 9759 17758 16760 17058 6771 140 273 10472 6675 10317 10317 16148 13125 9637 7132 6787 10317 2754 10256 3068 15161 4547 7299 19136 6771 10706 17683 19418 1368 12929 12929 19418 9800 17686 14748 11795 5910 7822 19164 10700 6771 14064 333 9800 10256
14178 15169 11983 4138 4549 771 12936 5971
9756 4055 12749 17305 10317 12865 15406 1909
18542 4239 7698 4568 7299
7698 11542 17755
14139 1643 17679
10958 17169 7822 17755 10317 12882 2188 14147 19446 9756 6010
11983 13529 15878 11409 5431 10402 10473 14139 11808 16701 1965 9800 10515 7001 9800 1497 6007
429 972 11542

5349 11542
19733
12414 19609
17683 14139 11011
4610 17750 6771 13729 7822 17816 11573
16760 7698 533 7698 3082 7088 10315 10256 11814 10256 11814
9756 7299 11542 19136 17683 19603 10151 12276 18896
13235 360
360 13553 533 11573 9800 18894 6007 5683 8442 15371 9800 7930
11542 501 7656 12886
10256 11814 972 14878 2032 10843
527 7473 6554
7233 3713 15337 6255 10396 18303 10358 2730 17294 3158 12030
4683 11670 15398 11542 6119 10537 533 17630 11573
19488 5383 11542 10021 17946 213 6631 533 11573 17816
12058 4144
19143 19138 11542 10318 15886 11542 934 14196 16322 3484
13529 11606 16914 15170 11957 16744 1982 17526 952 8382 527 1982 3719 18593 6174 17718 9800 17686 6759
11542 1643 19278 1648
9756 10317 7781
19164 9764 11542 10644
19737 16701 16054 6010
10537 13125 17750 11573
815 2129 11247 9836 15196 4202
9756 8589 11542
2719 12801 11542 11727 568 5415 16066 2836
7835 10304 16885 6289
10644 18278 11542 11203 459 198 15797 10698 11511 13036
14148 11858 8240 11542 6174 17718 10256 11814 16591 8615 17793 15911 17305
8871 6629 1540 19005 311 14064
13171
19418 13343 16466 14666 11983 7698
1965 11542 6183 15410
7698 11542 14196 1171 10482 11542 19418 9800 7930 5910 19418 10700 15375 7927 6193 3068 6193 11537 6193 533
11983 11727 10958 10123 1909 11983 533 17750 19418 2178 6464
10482 18314 11542 7680 17004 5005 8116 9035 4547
533 17750 11542 19418 10155 18228 6758 17680 5910
19418 13028 1879
19722 17122
18731 7698 9928 429 3447 579 14645
934 10317 13127 15911 356 8106 13125
2342 10350 19603 15401 10317 533 17755 10256 11814 13529 7698 11573
10537 14139 7698 533 11573 10256 11814 18213 1848 16258 19136
11542 9255 9815 7930 17771
12414 19453 14063 1497 13173 7654 14418 5969
6694 7822 9726 11458 11178 5295 14497 6501 16955 12725 1885 10317 549 2040 15148
12226 2732 1122 11527 1231
1965 14198 2754 7585 8738 19518 11479 15073 14139 5971 11542 10056 11904 13941 17137
16462 14666
17122 533 6939
19733 10256 11814 10123 14878
14139 10317 10256 11814 11573
10482 7129 15401 11542
11542 13364 12276 10698 17549 18558 6923
7680 17499 14416 15073
19131 11416 11542
19418 17593 10064 14671 17127 12762 11542
13171 13171 17304 15170 12058 7654 15398
19043 15398 14671 17127 19418 17593 7654
19043 7526 12837 14671 18223 19418 17899
15073 12030 14644 13191
15173 16660 1568 18266 1620 6771
2015 10233 6787 5068 4426
13131 3814 16543 15922 3479 11807 7526 6174 4239
16760 13191 7291 8495
10961 10556 2570 10684 13591 19737 596 10519 3562 4426 15221 2583 11028 7747 9926 10402 12865 19086 5005 2212 6141
2754 17683 12276 7698 15217 6026 6771 14196 6771 1171
2754 7585 6237 9756 1643 13191 8167 19654 16466
7526 10256 11814 9726 11458 11670 8028 2570 19278 12226
15886 16914 17305 11 146 11542 11957 16744 533 6663 10256 11814 6787 8338
12504 6276 9815 7930 14748 5910
527 12669 16914 11542 10256 11814 7442 16854 12888
16760 3378 5615
7353 13125 17561 2238 8338 15164 4547 6562 18317 558 7654 12276 8493 1474 17771
14382 15398 17560 6771 1255 5653 6161
10684 5410 6771 5917 13286 525 6431 3158
16701 10482 6771 9255 533 11269 16760 10350 10256 11814 9833 1377 11542
14139 5971 11542
4684 12276 6631 10256 11846 11573
10317 10256 11846 11573 533 12605 10519 6753 15221 11542
15565 11542 18058 9610 2349 10465
11542 17310 669 15565 16094 15565 7526 10142 10519 9111 12737 13125 7526 19136 4939 3082 11542 10706 8795 3082
19418 10700 6758 7698 7979 1643 7979
10256 11846 7822 9633 13320 804 10857
17771 11542 5683 15371 18228 7927 19418 8102 19365 11542 19418 9800 7930
12504 12276 6631 533 11573 15398 11606 19659 6255 15221 9984 14124
11542 4684 12276 6053 11573 6183 15410
295 9255 17748 14733 8562 10233 7654 6800 14260
11670 15073 480 15557 6010 19488 12509 5552
11814 590 6816 13289 6008 13159 14878 6562 7850
19164 17013 920 1171 9859 2015 16818 12685 10488 6198 920 5910 4610 18148 13793
11606 11542 19603 10480 14861 14450 10932 3287 17793 10961 7291 13544 7698 2474
10804 812 8409 16755 13856 6771 7698 19603 2335
11983 7698 8409 11542 9803 7930 10317 11699 15625 4202
10318 10256 11814 15239 10381 131 17305 157 16583 19115 6062 12970 11085 138 1783 1881 155
4740 1120 4249 10123 14878 11983 10706 19573
11203 15406 7530 751 14882 3916 565 17926 533
2754 3017 8491 9243 12706 295 11292 9317 15794
11542 13523 1173 11638 6193 147 11292 1508 1438 18566 11638 12391 6397
11983 11542 19603 13544 15398
19418 19135 11416
6804 14118 533 11542
10256 4407 18268 6852 533 8338 8503
16528 16614
17307 7822 533 11542 17939 16054 9095 15521 12337 7291 11983 8452
9354 16760 17513 11292 8626 8028 17526 6646 12685 14659 8929 17982 18593
6771 10958 10402 11352 533 5649 8824
9280 6775 533 8106 356 17816 13125
13856 14029 14009 5005 8116
17593 10256 15797 12865 6782 17427 10700 13695 533 11542
12231 7927 10402 15733 14106 4138 14671 15073 14738 15878 11858 8102 10462 6225 1324 14588 19583 10870 18717
1171 19138 11872
2373 7526 815 13125
1176 11542 7822
8243 13962 11542
12662
14139 9815 7680 1620 7118 13125 11517
10537 2396 17440 17720 10256 6461 9633
7822 565
7680 18295 9729
19136
15046 7654 11573 15398 8524 18278
1909 11573 10317 7698 6010 10700 17683
7822 11542 17750 14733
6010 14522 16852 17172 5108
10256 11814 7822 952
13529 7698 9633 14228 8350 6174 7928 10402 5626 13588 17114
6759 12929 16261 19324 1643 7977 9756 476
9800 7930 10151 19324 922
11517 1893 15407 10402 7053
7747 6677 19650 19087 7526 6562 13264 907
19426 1974 5626 5430 11606 19333 16187
6827 13616 12030 7526 19575 17718
4610 17822
19549 13347 15771 11814 10139 804 6848 7953 13125 579 12164 11542
17838 12167 13546 12707
12226 15911 6916 1620 16914
11757 12700 10481 10317 17641 8746
11983 7822 11542 9815 5683 15371
14684 1306 16299 19120 804 10857 5927 17369 15830 7387 13154 17560 13125 12221 10156 11901 10335 12362 11861 4924
13191 13529 4239 18542 5985 7585 15771 19145 13731 19603
8116 10700 533 11542 16566 12059 12276 6646 17168
4885 19088 9926
11542 9803 7930
639 1643 11542 15398 12276 12276 10961 19603 17608 18173
19474 15410 12276 17610 9213 18560
10233 11542 16744 15401 12276
10258 16701 7747 13731 11542
