932
1909 10804 12865 17683 7698 11542
19145 7977 16868 17154 146 8627
3597 12865
9926 10804 7698 11573 10644 19565
10804 17680 18375
1817 1459 2885 11792 4557 7977 19409 11528
7680 3388 8604 7530 8735
16408 10472 12904 17816 7209 3515 19151
17158 6430 3515 12543 9181 4557 8604
7663 10381 5921
10218 2721 527 7526 16596
10519 4222 11373 7877
19365 17679 10234 14139 19131 17816
934 17499 5075 1620 2734 2058 6472 3431
934 14738
18217 15161 11416 7654 15398 8170 5736
18739 18739 18739 18739 19131 146
277 8627 10278
12276 2317 6787 15410
18532 4973 14118 16760
10216 4966 2803 6816 565 7586 12414 19520 19060 16813 9213 18174 8125 524
12231 3797 8152 8152 15938 3287 19136
17909 8132 11632 6183 15407 1649 15081
8626 10482 14946 3287 15398 1171 5803 2310
4966 2804 3068 7600 10950 3896 7263 19291 16602 4711 19495 4734 16269 11639 14736 3388 19737 14139 15496 17001
2031
18113
15220 15773 2317 2842 17286 4232 5186 18932 15536 11770 1406 14139 1654 5349
17683 17114 1347
19136 18043 7719 13035 2756 10022 19764 15217 16583 19115 17395 1758 19138 11542
19131 11416
16309 12414 7007 2481 12030 11863 3287 19086 19136 12240 16760 7977 17158 12181 14653 10792 13391 5501 7058 7654
13588 5969
19086 19136 16261 1833 5693 15220 4106 4866 19164 1982 6787 10519 1982 12396 16771 19164 15797 16766
7136 5549 10213 4860 12414
10961 17909 8132
10640 10953 1982 19442
15771 18729 11766 10303 14652 12276 7737 6787 19418 6183 15398
10216 4985 4862 6852 12414 9029 4646 12888 5649 1965 2834 17909 8132 7587 12414 19609 12888 14878 8187 1823 9648 6877
6852 524 6771 4684 8945
16899 18969 6926 4185 9255 533 15221 6693 10317 19145 14118 7043 88
18796 16177 19409 9831 10699 17816 2447
17830 14652 7747 10402 10517 19409 16266 6693 2058 14474 16701 18593 17169 672 10804 17138
5383 12276 19725 1965 6787
12276 19601 11573 6183 15410
19087 10155 214 11292 16878 17698 8578 7526 1982
1843 12154 7600 17154 7526 14653 1120 8626 8028 2317 533 10171
13191 2317 12154
19474 7526 13544 638 1620
15060 2007 19131 17816 11416
1965 6771 9067 2754
8574
14196 1171
579 5818 639 16878 10472
17549
17549
17549
16462 852
14139
13191 12154
4971 16907
3068 4944 11966
6141
6141
6141
10958 3921 16466
16298 8503 10278 17739 9150 2260 15579 10698 18814 16108 17519 9756 8235
922 10644 7585 14658 15769 8604 19278 3388
5628 4985 2965 4656 19615 11805 6836 17899 2568 1974 19058 16278
19488 2773
14748
11296 2661 7042 8064 8228 4138 4549
17899 15666 6699 4220 2654 19031 523 16810 4220 17779 19560 1893 13697 4549 4117 2730 16874 10317 12030 8103
10406 8507 10278 17739 9149 15902 5092
607 12276 2754 17224 7209 19151 19488 9061 8764
3141
17011 11542 3612 17497 1982 19145 7560 9453 14526
6771 5692 7127 11292
7747 11127 10740 19012
10740 19012
11770 13918
11770 1833 4341 10740 11766 10100 16607 4341
17122 13011 1833 568 13705 11606 5016 3019 1817
3068 15798 3430 7601 12429 2203 1820 6467 7586 16361 1721 1335 4973
9044 19568 474 16963 19568 16472 5954
8125 19647 16462 14551 12707 10684 3082 672
12936 7136 11542 2317
4684 12276 2317 11573 6183 15410
19733 10485 7698 18968 7680
6174 16261 8104 12030 8103
5649 4420 8626 16701 2317 10151 10472 5461
6675 13588 12276 11573 12865 19418 3325 10317 13298 17679
15542 10804 17830 2754 10480 3019 18129 16701 968 14118 10480
5910 18303 8028 8627 10278 11858 7526 1620
8884 7088 5851 3847 6131 3082 1497
19145 6812 1368 19578
19053 17608 16701 19549
12276 1123 3082 15922 5046 1120 5693 3831 3229
17690 15221 11770 12456 6047 10437 6141 9235 5856 6212 15406 6775 9311 12903 14148 10402 5707
4540 10132 18721 10437 17499 16760
5075
16298 15170 17680 14139 10482 7129 11542
13409 6771 17939 17816 19136
1758 6771 1833 19458 15221 19201 2754
11770 15221 7136 2317 5238 16907 13235 8803 3016 3307 934 8132 2754 8125 18448 3068 14738 6478 10218 3068 5005 8764
19136 11542 15398 17329 9607 11542 16760 10794 17152 19409
19418 15170 1817 15221 1421 7800 14125 13235 972 6174 17155 1459
19086 19136 7931 19418 19136
14196 7233 19131 17816 11542
6771 14196 19145 10740 19409 114 16588 14719 8145 9648 8742 934 5075 6771 11606 1982
11978
8570
3124 19606 10213 1643 6780
6771 1339 624 14173 12414
5098 10216 4966 2803 13152
14878 12414
10804 13191 2195
6236 8604 7973 10171 4420 11017
9926 8607 5658 6598
10684 565 13154 15895
11035 565 13154
14878 6608
10485 19749
13154 1120 565 14878 18914 17544 5450 7393
15375 17816 12717 19086 19136 11542
15375 17816 12717 19086 19136 11542
10804 1338 18604 17525 14527 13718
16993 9871 10467 9041
5661 14082 11017 15946 11877 17742 6844
8543 17683 9756 19138 5539 4219 16174 146 8627 18228 9856 1120 5539 11274 19568 15073
12889 6053 17909 1013 10213
5383 13191 9756 2317 12030 9279 16760 7600 17155 19087 10155 6852 10317 12 11284 952 8572 7526 1982 18043 14281 11542 18043 11542 15409 6053 14139 11542 9756 2317 2317 2317 7747 471 19547 12889 1011 19573 5349 6740 3296 7003 11606 7097 7001 6220 16760 3082 5854 3844 11542 6183 5098
2373 5023 17816 19145 11542
9756 11606 17679 5850
4985 5657 17816 10144 10358 10804 19568 2730 11534 10519 7912 9213 7529 1115 13941 13918
10519 10086 1009 1497 11542 7319 10804 17830 17946 8396 18568
19733 11770 1833 14063 19136 6062 1803 5640 10519 18689
12504 11542 13941 5100
7526 13407
15337 2754 17038 12276 12616 7698 17679
1583 11542
19601 12276 19138 19723
6562
8863 15830 12953 16258 11670 10700 4206 14514 6771
1540 15215 6911 4974 527 7387
9756 14803 2159 6204
11606 17380 934 17385 10804 12865 3287 17608 17881 8028 9756 10171 6852 5155 15217
10804
8784 11542 9871 6329 13816 1497
17683 14652 1242 12865 10537 2159 765 9864 11095 15115 12865
19145 11542 17982 19131 17816
6771 14031 12276 19601 6787 6183 15410 2054 2092 19481 13046 18174 6164 12912 10649
19054 6787 1982
15542 7020 19131 10414 18575 7412
17720 1817 2474 16174 13529 6141
4973 15407 13451 18532 11632 4566 8116 8241 3950 14975
5615
1819 7904 401 10303 6844 8898 5711 3515
1817 17683 1823 18228 18716 6634 1467 9856 10684 3068 9756 12337 4144 12195 11011
1120 9043 19353 10749 11542
10472
5434
13265 4084
9041 9836 10402 2059
15314 10317
1643 1643 19353 7977 14118 13235
7210 1643
1075 1643
5513 16348 1203
7698 17679 2754 18266 11936 15158 9222 3360 18694 10417
17720 14139 12762 11096 10804 8627 19278 10709 11542 10317 17114 7526 9953 1565 1748 5719 9213 12452
6963 14802 17830 16037 10707 17202 10448 16037 8604 2827 14118 14148 19654 7775 13751 5030 3399 6518 2966 1666 7209 13792 4222 16191 13588 5006 17578
10472 2754 19136 16299 17679 3946 6007
17742 8627
11993
12226 9926 7977 17114 9756 17255 1748 6478 920 9041 14805
11993
19086 15398 11542 1833 3296 8717 1121 585 7167 11542
19086 7874 8447 11542 1015 7734 11542
19086 14125 13191 14125 17152 15949 10958 19086 13028 1120 11542
8916 17152 15949 16990 14748 11542 19426 17172 5108 2183 18227 7526 1620 11542
8103 12897 7096 17683 4985 9740 15173 9756 6935 19613
7747 3622 14738
17122 2754 7092 10804 11352 7654 15398 11542
14652 1835 15771 16760 13286 17899
12276 8626 11542 16701 2832 3082
10706 6431 5549 7526
10317 19145 5303 19488 9354 11745 16766
3296 12030 13332 15170 6771
18438 11542 7526 11606 1229
5692 223 15767 18303 8627 17699 11292 10472
18303 8627 17699 11292 3719 19132 17816 7526 1620
2754 1366 18721 17816 19654
1125
3044 1551 19135 17816 11542
9756 15170 10402 19136 10519 11573
9926 11542 17446 16312 15337 11035
6272 7680 15398 11542
6201 15407 9279 4985 17909 8132 851 5075
8643 11542 5946 17771 11542
6852 233 11292 11542 7698 1306 15375 524 7529 4334 5549 10056 233 11292 7698 13191 15337 11542 9346
11542 15765 1982 12337
3082 6911 8643 17909 8133 3068 6562 11620 3074
3296 1418 6193 1371 527 7822 16760 11438 16069 12597
14196 11542
6787 6393 10216 4985 11035 565
11858 13235 18894 405 7526 12748 1591 12503 5461 6771
4985 6027 11307 14878
16701 10485 19749 17467 16269 10708 8018 6771 3047 12879
11961 4013
6174 10746 10700 14118 16904 10480 6511
1363 6771 17551 16069 19086
7814 3622 10245 18932 3126 10706 7570
579 10077 6787 3396 435
17909 8132 16726 11542 8643
19136 11542 12888 6201 5803 19418 10233 527 13191 4973
6174 1817 13004
18331 11542 5100 2337 10804 12865 10539
8169 11542
10804 11573 2754 15170 5743
18438 15922 19565 16327 15173
16963 10029 6675 10317 11808 5954
6174 19601 12707
6201 14020 9756 12276 17679 1120 12030 15407 10700 15496
14148 7585 12 10358 18227 7585 1173 1568
8167 11573 12276 7634 14039
8167 15787 1083 7530 15771 13235 2101
7977 7529 15771 10414 7529 10950 1817 10414 7529 2629 883 10414 7677 19153 10414
6804 19054 14039 15217 19474 7526 11416 17816 1620
146
277 8627 19606 18099
6771 1583
19601 6771 6183 15410 19365 10278
6174
10216 4222 16174 1460 1817 7530 16269 9857
4222 9148 8028 5604 10317 16091 8215 5522 15753 3006 5660 4245 14082 6862
11296 7529 16818 6750 1620 9856 12865 7526 14653 16274 4578 2962 6852 13110
11718 17909 8132 7973 10317 13060 10171 6174 2336 6826 11858 11247 9871 5985 5027 7816
10482 7129 6771 5153 19474 1817 7914 9738 18128 14774 10217 6464 8570 17909 8132 6829 9633
10216 9756 10233 1817 6826 16269 5006
11863 5917
10216 1460 1817 6198 5803 9756 5661 10414 8108 6183 19677
1575 11542 19418 17124 7526 10804 12414 1565 1965 565 10216 4985 17110 565 17909 8132 3296 10708 1965 5075 1965 13036 13342 4106 4866 5693
1817 1459 15217 11452 11077 14416 15410 1817 1459 4851 19413 6771 5303
10804 10023 19407 11770 1833
10216 4986 19615 17962 6464 14439 9926 12276 2754 10512 12414 10708
17771 6771 10213 13163 429 2474 17909 8132 934 6249
11542 2589 4910 11077 15221 10317 12276 9740 8604 3388 17158 7209 11904 7023 4812 16868 17154 8152 11766 3797 7254 1274 17830
1575 3287 6348 18894 3839 19365 6771 4262 9633 5349
10233 16595 15173 17720 10216 4985 17552 6771 4861 12414 14878
8643 10402 13191 11542 14139 14139 8950 15949 3068 14528 1053 6109 12504 6677 12276 14118 5101
17909 8132 16409 11542 17329 10317 7747 11536 8130 6174 2754 3372 18438 14139 15173 11606
5075 10151 15407 18438 10402 13191 16760 579 11542 18729 15221 14802 3440 10370 15221 10364 10364 15221 14802 3440
934 7734 1189 8309 16824 15003 17816
1363 4985 13407 8237 11542 11703
6017 16760 6461 15220 2475 525 4986 12414 17982 4861
4124 6771 10151 8029 15765 13342 15577 5462 15221 12030 5960 17314 11007 17544 3068 4944
9255 6017 6801 17982 14984 3894 8400 6431 9445 19347 14477 10767 1695 13046 15690 11136 10171 5683 18355 4961 7291 1474 17758 4785
10171 6677 19132 146 40 8627 10278 19145 6771 5971 11606
6771 19601
2959 11542 2043
17057 6272 15398 17148 2682
6771 18099
10213 14174 13099 12414 9299
12888 6183
10480 17909 8132 6787 15165 7765 9756 1120 7481 14878 1748 18210 16760 6771
5916 6814 6592 7131 12725 10218 12503
13831 18099 10801 10894 16261 6764 1563 15800
7696 19131 1169 17816 6148
17909 8132 6540 17009 2511 10444
19418 11606 1982 14733 6911 7481 6771
14652 19164 12548
11542 18612 7856 9986 13235
10213 4966 2803 11606 2721 527
7858 11373 19766 7912
10961 12 10358 4973 12798 17115 9619 8132 14139 4861 1563
16261 1982 12414 9027 3076 6877 6209 1127
16726 15787
6183 19136 19418 9027 1838 3296 9619 8133 12888
16701 10537 8974 19573 11702 17988 19573 6771 1965

17683 12058 6515 327
1 14666 8871 3657 17968 5550 13240 6771 15410 146
277 8627 10414 18228 10700 9871 4973 11754 11946 1626 16316 10317 19217 19217 18152 18715 15316 17731 11721 523 2077
13235 19145 11961 19473 14148 7586 18303 16593 15220 2961 16530
13048 5567 7526 11952 12415 1989
14063 16407 146 8028 8627 19145 16274 1088 18729 3846 13141 2459 14891 6448 10151 6956 16760 6562 6011
19364 14060 6771 327
1 4743
17978 18739 13061 4822 8604 10803 19136 12 11292 6348 17679
19677
19054 11542 183 19164
8446 10482 7129 6771
18210 486 8677 7600 9027 17152 16760
18508 16760 13831 6460 16852 13264 16009 1456
7822 4568 17261 11764 1002 12154 10704 6771 19278 1989 18911 7256
7335 8996 11542 7600 2730 523 11795 17057 8338
15636
4610 527 7698 3296 16760 9756 10005
16583 16880 2912 11542 10156 10402 4875
14653 10402 10062
6771 4684 12414 19609
6771 1881 89 13894 8727 12726 18096 8726 8727 12847 18631 19409 10533 13829 3634 2806 1054 8327
8614 11764 1000 1284 9045 10129 992 8727 12726
8028 8726 10741 6107 12276 13979 15101 11606 2754 16701 6836 1461 1284
8327 10129 6110 12726 9928 16701 13847 12798
12726 16073 8677 7600 12276 6349 8726 16894 11503 7875 1817 4374 15513 14588 12726
12234 14139 7698 533 6771 7739 13443
6877 9436 1643 7977
6026 15215 7698 18210
10216 4985 17552 527 12707 3068 344 12 10414 11542
13341 12929 11792 4578 17154 10804 12375
12276 9740 3388 17158 6515 16701 11606 7822 15642 14411 18375
4144 9914 6606 2806 5910 18896 10056 15221 4986 18148 7526 6877 5910 18722 13538 11542
6939 14421 12276 14828 14242 9595 9652
17909 8132 13154 6877 5023 17830 18438 15173
10501 1748 10278 139 3009 7255 8677 7600 14652 2546 19737 18968 16899 19287 12276 10216 4986 1965 12889 19737
6771 7026 7600 10950 1817 10171 4557 6688 7325 18031
12276 7256 9648 6877 9866 16269 7600 19011 148 11217 6224 14653
14652 12276 18936 11573 15410 167 947 9027 15220 3296 934 10700 12276 1418 11573 10480
3593 9255 5025 15221 972 15220 10706 12276 1833 18936 6787 15410
10218 3660 4749 12888 3017 12276 1965 2834 6119 9983 4971 6771
73 11291 15003 17816 14375 2547 10335 4971 17304 2058 3658 6826 14652 10900 5065 6771 10706 16929 10941 9346 16760
15755 17040 11542 1758 11542
7255 7325 18032 6342 88 6755 17152 10950 1817 10171 4557 11073 8727 17422
3612 1620 7529 14653
5431 146 8028 8627
19545 10804 15773 15991
1965 565

5660 14082 10413
17310 7526 1965 565 17662
9279 4973 3825
9756 1643 11542
1643 5067
527 1643 3017 12414 19609
10961 19603 15911 12414 19603 7412 17662
19722 8503 565 2754 17154 10951 8675 1817
2754 17154 2629 8034 7209 17506
2754 17154 922 8028 4557 19614 7209 17506 19488 7034 19193 17225 7209 3515 19151 17158 19291 3437 7209 17506
11296 8503 565 2754 16993 14998 11802 10341 9756 15375 771
17718 6804 1321 15063 16486 16701 8028 4557 8884 405 7654 6750 5934
8028 11542 3423 6448 4874 19136 7734 6709 1833 15220 16727 1121 585 8857 10700 14588
7023 9138 9216
19145 13535 17720 11542 14748
11858 19418 6515 8751
18375
5155 2159 12390
7526 19659 7586 11542 10556 14064
952 10539 4986 12888
13568 14370 14106 17269 2058 7720 8677 7600 16596 5619 19046 11542
8643 19145 17683 6174 11542 6183 10644 11938 19612 2833
13591 527 5068 3296 6141
9756 17683 11808 10644 12030 7822
12058 9926 13182 11573 2832
10216 4985 16592 11542 10317 11670 19136 5969
11573 17152 8393 8572 14653
13591 146 17680 16299 8824 5075
15398 10523 14228 9045 7210 2073 2073
8116 6361 12897 16258 1982 3634 10028 2754 6361 1982 19145
11542 1575 579 4011 19654 6852 14666
16595 7698 11884 19458 15220 17946 12022 527 10215 4985
934 10523 533 15221 6812 2857 11606 12452
1643 16069 12597 16760 3263 12002 4222 16174 87
6852 146 8627 7600 17158 1817 10949 1459 10171 4557 7263 7078 19151 7034 17156 5432 7209 14802 11217 17156 6518 8604 3388 6141
3597 14139
14653 12707 17310 147 11292 1643 7977 6932 1300 7117 11416 146 12865 7654
14139
2310 579 12035 16312 18017 14139 19235 16313 10317 2504 5491 6617 10171 19549 14139 16312 2754 8240 7263 7078 19458
1176 17032 14139 5098 19135 146
277 8627 15398
3925 16462 6338 11542 12337 3921 14653 16760 14063 3921 12276 1748 4048 11770 17152
7335 5468 15221 10684 3068 1583 4232 7698 14357 1441 11542
4668 7585 11542 12
17718 18003 10684 568 13152 14878 15976 4974 2474 11542 9002 2819 16384 10023 17724 3995
6464 6201 10213 11542 5349
5658 14082 11017 14082 6862
13585
4219 9181 6511 4557 8604
2418 1643 19201
1540 565
10396 10077 10528 17246 19512 1289 18228 3228 2409 17910
15398 11651 3831 2721 18690 10799 9973
17975 18690 13061 17092 11766 7761 15785
5910
3679 10213 16406 18024 16682 10989 18303 568 14118 10278
19575 15551 11223 6141
17680 1909 17680
10218 12414 10560 16568 527 6248 19364 2754 1817 6430 3797 12431 18722 19700 2975 19520 19060 16530
10417
8973 19575 1306 15081 4985 2412 8863 9797 16451 15318 19164 2054
15173 19544
10233 13856 19164 17593 17816 10213 4985 524
10216 4985 17909 8132 16583 167 5445 1748 12050 9199 18210 6179
17310 13110 87 4985 17862 13163 8677 7600 7255 10129 8727 6342
16278 7600 9148 1817 10171 4557 12276 11084 9648 6877 8132 1980 11643 16269
7600 16870 17154 19409 14302 16818 8231 6812 6877
7822 6771 17169 8250 11409 4985 4684 7587 12420 12888 1833 14428 15566
6771 934 15650 15887 7850 4736 2912 1568
14196
6174 8028 19136 7291 11542 9926 17549
10482 18043 15409 920 18608 2272 8103 14106 18303 4549
10684 8784 16760 15026 6751 3048 19365 13710 596 3082 16302 11808
6852 6174 16269 7577 19399 5006 15354 410
17114 1748 14118 10794 16760 17982 5207 3048 8450
10320 18722 594 10537 9276 16299 13332 6154 8855 15911 10519 11765 13319 1643 18578 9756 15046
17939 1568 19365 8784 13737 12865 10171 5005
17158 7526 14653 16269 19399
6089 19365 11005 17009 7588 2272 18227
19365 10519 1982 16530
19618 9756 19132 146
277 8627 19145
9001 16744 147 11292 16985
11542 18156 8116 10804 5016 7498 16089 18721 17451 6771 5078 5200

19544 1965 12414
13121 6236 8503 8844 3975 7007
10213 1643 565 19618
8542 10318 15410 19749 15664 565
11770 5303 8597 6771 18721 2735 1499 10317 4884 7218 6771 16881 15797 3231
19364 19664 5065
1643
10804 19568 8447 11766 8965 17771 3378 6491 8523 17310 10519 15973 2433 7148 19060 13298 12058 13856 13046 2599 229
1879 12231 14588 4202
10740 11687 7875 1817 6209 11084 10233 10619 5604 920 2629
16278 6592 14215 18485 2754 6201 19409
6338 15398 9279 6322 11542 18268 6258 1643 2317 12276 19601 11573 6183 6349
19583 2754 14738 18673 7319 11542 7526 7698 14671
16997 16579 19059 17330 4221 923 10207 11542
2754 15398 13841 6771 7663 19242 2796 10239
6675 1173 9756 10081 14245 18624 11542
18266
14139 10317 10213 7585 6816 12888 1540 11542 6183 1115 17909 2754 995 456 8132 14139 13969
19086 18122 3134
10740 19409 114
5628 87 7894 7325 18096 9041 18031 14632 7709 3323 10709 4884 1465 1825 12274 19458
7936 19777 1765 9148 1817 1459 4618 7695 10155 1893 5005
14215 9213 17201 14653 18022 12686 6342 10124
16760 10350 16316 6530
14719 8145 9648 8742 2474
16298 12290 10539 6771 16255 10317
5910 9756 18317 8452 1643 19418 7526 5910 19624 1833 3515 10023 8447 1626
10317 10216 10519 565 10999 6787 7698
12276 4551 1568 11407 5023 10472 15221
19049 17683 19145 6852 2159
6338 16261 11606 6053 15895 14653 16760
19164 14139 11802 9856 1817
9756 13722 1613 1822
14139 11802 15787 18716 11606 18932 15398 930 5985 11872
17122 14139 11807 9871 6771 5078
15410 11573 4966 2803 6562 1982
7698 527 10213 2317 2317 11542
1176 10213 1848 11606 1982 565 1879 5383
11884 13200 10317 11770 18932 15221
12231
12414 4684
952
952 1965 7530 12414
12578 10213 12414
7586 5626
11542 7442 12414
9756
16760 9724 14830
14139 7747 5098
1540 327 2317 11542 10317 16792
8288 327 11606 1982 1982 13191
1909 10804 12865 17683 7698 11542
19145 7977 16868 17154 146 8627
3597 12865
9926 10804 7698 11573 10644 19565
10804 17680 18375
1817 1459 2885 11792 4557 7977 19409 11528
7680 3388 8604 7530 8735
16408 10472 12904 17816 7209 3515 19151
17158 6430 3515 12543 9181 4557 8604
7663 10381 5921
10218 2721 527 7526 16596
10519 4222 11373 7877
19365 17679 10234 14139 19131 17816
934 17499 5075 1620 2734 2058 6472 3431
934 14738
18217 15161 11416 7654 15398 8170 5736
18739 18739 18739 18739 19131 146
277 8627 10278
12276 2317 6787 15410
18532 4973 14118 16760
10216 4966 2803 6816 565 7586 12414 19520 19060 16813 9213 18174 8125 524
12231 3797 8152 8152 15938 3287 19136
17909 8132 11632 6183 15407 1649 15081
8626 10482 14946 3287 15398 1171 5803 2310
4966 2804 3068 7600 10950 3896 7263 19291 16602 4711 19495 4734 16269 11639 14736 3388 19737 14139 15496 17001
2031
18113
15220 15773 2317 2842 17286 4232 5186 18932 15536 11770 1406 14139 1654 5349
17683 17114 1347
19136 18043 7719 13035 2756 10022 19764 15217 16583 19115 17395 1758 19138 11542
19131 11416
16309 12414 7007 2481 12030 11863 3287 19086 19136 12240 16760 7977 17158 12181 14653 10792 13391 5501 7058 7654
13588 5969
19086 19136 16261 1833 5693 15220 4106 4866 19164 1982 6787 10519 1982 12396 16771 19164 15797 16766
7136 5549 10213 4860 12414
10961 17909 8132
10640 10953 1982 19442
15771 18729 11766 10303 14652 12276 7737 6787 19418 6183 15398
10216 4985 4862 6852 12414 9029 4646 12888 5649 1965 2834 17909 8132 7587 12414 19609 12888 14878 8187 1823 9648 6877
6852 524 6771 4684 8945
16899 18969 6926 4185 9255 533 15221 6693 10317 19145 14118 7043 88
18796 16177 19409 9831 10699 17816 2447
17830 14652 7747 10402 10517 19409 16266 6693 2058 14474 16701 18593 17169 672 10804 17138
5383 12276 19725 1965 6787
12276 19601 11573 6183 15410
19087 10155 214 11292 16878 17698 8578 7526 1982
1843 12154 7600 17154 7526 14653 1120 8626 8028 2317 533 10171
13191 2317 12154
19474 7526 13544 638 1620
15060 2007 19131 17816 11416
1965 6771 9067 2754
8574
14196 1171
579 5818 639 16878 10472
17549
17549
17549
16462 852
14139
13191 12154
4971 16907
3068 4944 11966
6141
6141
6141
10958 3921 16466
16298 8503 10278 17739 9150 2260 15579 10698 18814 16108 17519 9756 8235
922 10644 7585 14658 15769 8604 19278 3388
5628 4985 2965 4656 19615 11805 6836 17899 2568 1974 19058 16278
19488 2773
14748
11296 2661 7042 8064 8228 4138 4549
17899 15666 6699 4220 2654 19031 523 16810 4220 17779 19560 1893 13697 4549 4117 2730 16874 10317 12030 8103
10406 8507 10278 17739 9149 15902 5092
607 12276 2754 17224 7209 19151 19488 9061 8764
3141
17011 11542 3612 17497 1982 19145 7560 9453 14526
6771 5692 7127 11292
7747 11127 10740 19012
10740 19012
11770 13918
11770 1833 4341 10740 11766 10100 16607 4341
17122 13011 1833 568 13705 11606 5016 3019 1817
3068 15798 3430 7601 12429 2203 1820 6467 7586 16361 1721 1335 4973
9044 19568 474 16963 19568 16472 5954
8125 19647 16462 14551 12707 10684 3082 672
12936 7136 11542 2317
4684 12276 2317 11573 6183 15410
19733 10485 7698 18968 7680
6174 16261 8104 12030 8103
5649 4420 8626 16701 2317 10151 10472 5461
6675 13588 12276 11573 12865 19418 3325 10317 13298 17679
15542 10804 17830 2754 10480 3019 18129 16701 968 14118 10480
5910 18303 8028 8627 10278 11858 7526 1620
8884 7088 5851 3847 6131 3082 1497
19145 6812 1368 19578
19053 17608 16701 19549
12276 1123 3082 15922 5046 1120 5693 3831 3229
17690 15221 11770 12456 6047 10437 6141 9235 5856 6212 15406 6775 9311 12903 14148 10402 5707
4540 10132 18721 10437 17499 16760
5075
16298 15170 17680 14139 10482 7129 11542
13409 6771 17939 17816 19136
1758 6771 1833 19458 15221 19201 2754
11770 15221 7136 2317 5238 16907 13235 8803 3016 3307 934 8132 2754 8125 18448 3068 14738 6478 10218 3068 5005 8764
19136 11542 15398 17329 9607 11542 16760 10794 17152 19409
19418 15170 1817 15221 1421 7800 14125 13235 972 6174 17155 1459
19086 19136 7931 19418 19136
14196 7233 19131 17816 11542
6771 14196 19145 10740 19409 114 16588 14719 8145 9648 8742 934 5075 6771 11606 1982
11978
8570
3124 19606 10213 1643 6780
6771 1339 624 14173 12414
5098 10216 4966 2803 13152
14878 12414
10804 13191 2195
6236 8604 7973 10171 4420 11017
9926 8607 5658 6598
10684 565 13154 15895
11035 565 13154
14878 6608
10485 19749
13154 1120 565 14878 18914 17544 5450 7393
15375 17816 12717 19086 19136 11542
15375 17816 12717 19086 19136 11542
10804 1338 18604 17525 14527 13718
16993 9871 10467 9041
5661 14082 11017 15946 11877 17742 6844
8543 17683 9756 19138 5539 4219 16174 146 8627 18228 9856 1120 5539 11274 19568 15073
12889 6053 17909 1013 10213
5383 13191 9756 2317 12030 9279 16760 7600 17155 19087 10155 6852 10317 12 11284 952 8572 7526 1982 18043 14281 11542 18043 11542 15409 6053 14139 11542 9756 2317 2317 2317 7747 471 19547 12889 1011 19573 5349 6740 3296 7003 11606 7097 7001 6220 16760 3082 5854 3844 11542 6183 5098
2373 5023 17816 19145 11542
9756 11606 17679 5850
4985 5657 17816 10144 10358 10804 19568 2730 11534 10519 7912 9213 7529 1115 13941 13918
10519 10086 1009 1497 11542 7319 10804 17830 17946 8396 18568
19733 11770 1833 14063 19136 6062 1803 5640 10519 18689
12504 11542 13941 5100
7526 13407
15337 2754 17038 12276 12616 7698 17679
1583 11542
19601 12276 19138 19723
6562
8863 15830 12953 16258 11670 10700 4206 14514 6771
1540 15215 6911 4974 527 7387
9756 14803 2159 6204
11606 17380 934 17385 10804 12865 3287 17608 17881 8028 9756 10171 6852 5155 15217
10804
8784 11542 9871 6329 13816 1497
17683 14652 1242 12865 10537 2159 765 9864 11095 15115 12865
19145 11542 17982 19131 17816
6771 14031 12276 19601 6787 6183 15410 2054 2092 19481 13046 18174 6164 12912 10649
19054 6787 1982
15542 7020 19131 10414 18575 7412
17720 1817 2474 16174 13529 6141
4973 15407 13451 18532 11632 4566 8116 8241 3950 14975
5615
1819 7904 401 10303 6844 8898 5711 3515
1817 17683 1823 18228 18716 6634 1467 9856 10684 3068 9756 12337 4144 12195 11011
1120 9043 19353 10749 11542
10472
5434
13265 4084
9041 9836 10402 2059
15314 10317
1643 1643 19353 7977 14118 13235
7210 1643
1075 1643
5513 16348 1203
7698 17679 2754 18266 11936 15158 9222 3360 18694 10417
17720 14139 12762 11096 10804 8627 19278 10709 11542 10317 17114 7526 9953 1565 1748 5719 9213 12452
6963 14802 17830 16037 10707 17202 10448 16037 8604 2827 14118 14148 19654 7775 13751 5030 3399 6518 2966 1666 7209 13792 4222 16191 13588 5006 17578
10472 2754 19136 16299 17679 3946 6007
17742 8627
11993
12226 9926 7977 17114 9756 17255 1748 6478 920 9041 14805
11993
19086 15398 11542 1833 3296 8717 1121 585 7167 11542
19086 7874 8447 11542 1015 7734 11542
19086 14125 13191 14125 17152 15949 10958 19086 13028 1120 11542
8916 17152 15949 16990 14748 11542 19426 17172 5108 2183 18227 7526 1620 11542
8103 12897 7096 17683 4985 9740 15173 9756 6935 19613
7747 3622 14738
17122 2754 7092 10804 11352 7654 15398 11542
14652 1835 15771 16760 13286 17899
12276 8626 11542 16701 2832 3082
10706 6431 5549 7526
10317 19145 5303 19488 9354 11745 16766
3296 12030 13332 15170 6771
18438 11542 7526 11606 1229
5692 223 15767 18303 8627 17699 11292 10472
18303 8627 17699 11292 3719 19132 17816 7526 1620
2754 1366 18721 17816 19654
1125
3044 1551 19135 17816 11542
9756 15170 10402 19136 10519 11573
9926 11542 17446 16312 15337 11035
6272 7680 15398 11542
6201 15407 9279 4985 17909 8132 851 5075
8643 11542 5946 17771 11542
6852 233 11292 11542 7698 1306 15375 524 7529 4334 5549 10056 233 11292 7698 13191 15337 11542 9346
11542 15765 1982 12337
3082 6911 8643 17909 8133 3068 6562 11620 3074
3296 1418 6193 1371 527 7822 16760 11438 16069 12597
14196 11542
6787 6393 10216 4985 11035 565
11858 13235 18894 405 7526 12748 1591 12503 5461 6771
4985 6027 11307 14878
16701 10485 19749 17467 16269 10708 8018 6771 3047 12879
11961 4013
6174 10746 10700 14118 16904 10480 6511
1363 6771 17551 16069 19086
7814 3622 10245 18932 3126 10706 7570
579 10077 6787 3396 435
17909 8132 16726 11542 8643
19136 11542 12888 6201 5803 19418 10233 527 13191 4973
6174 1817 13004
18331 11542 5100 2337 10804 12865 10539
8169 11542
10804 11573 2754 15170 5743
18438 15922 19565 16327 15173
16963 10029 6675 10317 11808 5954
6174 19601 12707
6201 14020 9756 12276 17679 1120 12030 15407 10700 15496
14148 7585 12 10358 18227 7585 1173 1568
8167 11573 12276 7634 14039
8167 15787 1083 7530 15771 13235 2101
7977 7529 15771 10414 7529 10950 1817 10414 7529 2629 883 10414 7677 19153 10414
6804 19054 14039 15217 19474 7526 11416 17816 1620
146
277 8627 19606 18099
6771 1583
19601 6771 6183 15410 19365 10278
6174
10216 4222 16174 1460 1817 7530 16269 9857
4222 9148 8028 5604 10317 16091 8215 5522 15753 3006 5660 4245 14082 6862
11296 7529 16818 6750 1620 9856 12865 7526 14653 16274 4578 2962 6852 13110
11718 17909 8132 7973 10317 13060 10171 6174 2336 6826 11858 11247 9871 5985 5027 7816
10482 7129 6771 5153 19474 1817 7914 9738 18128 14774 10217 6464 8570 17909 8132 6829 9633
10216 9756 10233 1817 6826 16269 5006
11863 5917
10216 1460 1817 6198 5803 9756 5661 10414 8108 6183 19677
1575 11542 19418 17124 7526 10804 12414 1565 1965 565 10216 4985 17110 565 17909 8132 3296 10708 1965 5075 1965 13036 13342 4106 4866 5693
1817 1459 15217 11452 11077 14416 15410 1817 1459 4851 19413 6771 5303
10804 10023 19407 11770 1833
10216 4986 19615 17962 6464 14439 9926 12276 2754 10512 12414 10708
17771 6771 10213 13163 429 2474 17909 8132 934 6249
11542 2589 4910 11077 15221 10317 12276 9740 8604 3388 17158 7209 11904 7023 4812 16868 17154 8152 11766 3797 7254 1274 17830
1575 3287 6348 18894 3839 19365 6771 4262 9633 5349
10233 16595 15173 17720 10216 4985 17552 6771 4861 12414 14878
8643 10402 13191 11542 14139 14139 8950 15949 3068 14528 1053 6109 12504 6677 12276 14118 5101
17909 8132 16409 11542 17329 10317 7747 11536 8130 6174 2754 3372 18438 14139 15173 11606
5075 10151 15407 18438 10402 13191 16760 579 11542 18729 15221 14802 3440 10370 15221 10364 10364 15221 14802 3440
934 7734 1189 8309 16824 15003 17816
1363 4985 13407 8237 11542 11703
6017 16760 6461 15220 2475 525 4986 12414 17982 4861
4124 6771 10151 8029 15765 13342 15577 5462 15221 12030 5960 17314 11007 17544 3068 4944
9255 6017 6801 17982 14984 3894 8400 6431 9445 19347 14477 10767 1695 13046 15690 11136 10171 5683 18355 4961 7291 1474 17758 4785
10171 6677 19132 146 40 8627 10278 19145 6771 5971 11606
6771 19601
2959 11542 2043
17057 6272 15398 17148 2682
6771 18099
10213 14174 13099 12414 9299
12888 6183
10480 17909 8132 6787 15165 7765 9756 1120 7481 14878 1748 18210 16760 6771
5916 6814 6592 7131 12725 10218 12503
13831 18099 10801 10894 16261 6764 1563 15800
7696 19131 1169 17816 6148
17909 8132 6540 17009 2511 10444
19418 11606 1982 14733 6911 7481 6771
14652 19164 12548
11542 18612 7856 9986 13235
10213 4966 2803 11606 2721 527
7858 11373 19766 7912
10961 12 10358 4973 12798 17115 9619 8132 14139 4861 1563
16261 1982 12414 9027 3076 6877 6209 1127
16726 15787
6183 19136 19418 9027 1838 3296 9619 8133 12888
16701 10537 8974 19573 11702 17988 19573 6771 1965

17683 12058 6515 327
1 14666 8871 3657 17968 5550 13240 6771 15410 146
277 8627 10414 18228 10700 9871 4973 11754 11946 1626 16316 10317 19217 19217 18152 18715 15316 17731 11721 523 2077
13235 19145 11961 19473 14148 7586 18303 16593 15220 2961 16530
13048 5567 7526 11952 12415 1989
14063 16407 146 8028 8627 19145 16274 1088 18729 3846 13141 2459 14891 6448 10151 6956 16760 6562 6011
19364 14060 6771 327
1 4743
17978 18739 13061 4822 8604 10803 19136 12 11292 6348 17679
19677
19054 11542 183 19164
8446 10482 7129 6771
18210 486 8677 7600 9027 17152 16760
18508 16760 13831 6460 16852 13264 16009 1456
7822 4568 17261 11764 1002 12154 10704 6771 19278 1989 18911 7256
7335 8996 11542 7600 2730 523 11795 17057 8338
15636
4610 527 7698 3296 16760 9756 10005
16583 16880 2912 11542 10156 10402 4875
14653 10402 10062
6771 4684 12414 19609
6771 1881 89 13894 8727 12726 18096 8726 8727 12847 18631 19409 10533 13829 3634 2806 1054 8327
8614 11764 1000 1284 9045 10129 992 8727 12726
8028 8726 10741 6107 12276 13979 15101 11606 2754 16701 6836 1461 1284
8327 10129 6110 12726 9928 16701 13847 12798
12726 16073 8677 7600 12276 6349 8726 16894 11503 7875 1817 4374 15513 14588 12726
12234 14139 7698 533 6771 7739 13443
6877 9436 1643 7977
6026 15215 7698 18210
10216 4985 17552 527 12707 3068 344 12 10414 11542
13341 12929 11792 4578 17154 10804 12375
12276 9740 3388 17158 6515 16701 11606 7822 15642 14411 18375
4144 9914 6606 2806 5910 18896 10056 15221 4986 18148 7526 6877 5910 18722 13538 11542
6939 14421 12276 14828 14242 9595 9652
17909 8132 13154 6877 5023 17830 18438 15173
10501 1748 10278 139 3009 7255 8677 7600 14652 2546 19737 18968 16899 19287 12276 10216 4986 1965 12889 19737
6771 7026 7600 10950 1817 10171 4557 6688 7325 18031
12276 7256 9648 6877 9866 16269 7600 19011 148 11217 6224 14653
14652 12276 18936 11573 15410 167 947 9027 15220 3296 934 10700 12276 1418 11573 10480
3593 9255 5025 15221 972 15220 10706 12276 1833 18936 6787 15410
10218 3660 4749 12888 3017 12276 1965 2834 6119 9983 4971 6771
73 11291 15003 17816 14375 2547 10335 4971 17304 2058 3658 6826 14652 10900 5065 6771 10706 16929 10941 9346 16760
15755 17040 11542 1758 11542
7255 7325 18032 6342 88 6755 17152 10950 1817 10171 4557 11073 8727 17422
3612 1620 7529 14653
5431 146 8028 8627
19545 10804 15773 15991
1965 565

5660 14082 10413
17310 7526 1965 565 17662
9279 4973 3825
9756 1643 11542
1643 5067
527 1643 3017 12414 19609
10961 19603 15911 12414 19603 7412 17662
19722 8503 565 2754 17154 10951 8675 1817
2754 17154 2629 8034 7209 17506
2754 17154 922 8028 4557 19614 7209 17506 19488 7034 19193 17225 7209 3515 19151 17158 19291 3437 7209 17506
11296 8503 565 2754 16993 14998 11802 10341 9756 15375 771
17718 6804 1321 15063 16486 16701 8028 4557 8884 405 7654 6750 5934
8028 11542 3423 6448 4874 19136 7734 6709 1833 15220 16727 1121 585 8857 10700 14588
7023 9138 9216
19145 13535 17720 11542 14748
11858 19418 6515 8751
18375
5155 2159 12390
7526 19659 7586 11542 10556 14064
952 10539 4986 12888
13568 14370 14106 17269 2058 7720 8677 7600 16596 5619 19046 11542
8643 19145 17683 6174 11542 6183 10644 11938 19612 2833
13591 527 5068 3296 6141
9756 17683 11808 10644 12030 7822
12058 9926 13182 11573 2832
10216 4985 16592 11542 10317 11670 19136 5969
11573 17152 8393 8572 14653
13591 146 17680 16299 8824 5075
15398 10523 14228 9045 7210 2073 2073
8116 6361 12897 16258 1982 3634 10028 2754 6361 1982 19145
11542 1575 579 4011 19654 6852 14666
16595 7698 11884 19458 15220 17946 12022 527 10215 4985
934 10523 533 15221 6812 2857 11606 12452
1643 16069 12597 16760 3263 12002 4222 16174 87
6852 146 8627 7600 17158 1817 10949 1459 10171 4557 7263 7078 19151 7034 17156 5432 7209 14802 11217 17156 6518 8604 3388 6141
3597 14139
14653 12707 17310 147 11292 1643 7977 6932 1300 7117 11416 146 12865 7654
14139
2310 579 12035 16312 18017 14139 19235 16313 10317 2504 5491 6617 10171 19549 14139 16312 2754 8240 7263 7078 19458
1176 17032 14139 5098 19135 146
277 8627 15398
3925 16462 6338 11542 12337 3921 14653 16760 14063 3921 12276 1748 4048 11770 17152
7335 5468 15221 10684 3068 1583 4232 7698 14357 1441 11542
4668 7585 11542 12
17718 18003 10684 568 13152 14878 15976 4974 2474 11542 9002 2819 16384 10023 17724 3995
6464 6201 10213 11542 5349
5658 14082 11017 14082 6862
13585
4219 9181 6511 4557 8604
2418 1643 19201
1540 565
10396 10077 10528 17246 19512 1289 18228 3228 2409 17910
15398 11651 3831 2721 18690 10799 9973
17975 18690 13061 17092 11766 7761 15785
5910
3679 10213 16406 18024 16682 10989 18303 568 14118 10278
19575 15551 11223 6141
17680 1909 17680
10218 12414 10560 16568 527 6248 19364 2754 1817 6430 3797 12431 18722 19700 2975 19520 19060 16530
10417
8973 19575 1306 15081 4985 2412 8863 9797 16451 15318 19164 2054
15173 19544
10233 13856 19164 17593 17816 10213 4985 524
10216 4985 17909 8132 16583 167 5445 1748 12050 9199 18210 6179
17310 13110 87 4985 17862 13163 8677 7600 7255 10129 8727 6342
16278 7600 9148 1817 10171 4557 12276 11084 9648 6877 8132 1980 11643 16269
7600 16870 17154 19409 14302 16818 8231 6812 6877
7822 6771 17169 8250 11409 4985 4684 7587 12420 12888 1833 14428 15566
6771 934 15650 15887 7850 4736 2912 1568
14196
6174 8028 19136 7291 11542 9926 17549
10482 18043 15409 920 18608 2272 8103 14106 18303 4549
10684 8784 16760 15026 6751 3048 19365 13710 596 3082 16302 11808
6852 6174 16269 7577 19399 5006 15354 410
17114 1748 14118 10794 16760 17982 5207 3048 8450
10320 18722 594 10537 9276 16299 13332 6154 8855 15911 10519 11765 13319 1643 18578 9756 15046
17939 1568 19365 8784 13737 12865 10171 5005
17158 7526 14653 16269 19399
6089 19365 11005 17009 7588 2272 18227
19365 10519 1982 16530
19618 9756 19132 146
277 8627 19145
9001 16744 147 11292 16985
11542 18156 8116 10804 5016 7498 16089 18721 17451 6771 5078 5200

19544 1965 12414
13121 6236 8503 8844 3975 7007
10213 1643 565 19618
8542 10318 15410 19749 15664 565
11770 5303 8597 6771 18721 2735 1499 10317 4884 7218 6771 16881 15797 3231
19364 19664 5065
1643
10804 19568 8447 11766 8965 17771 3378 6491 8523 17310 10519 15973 2433 7148 19060 13298 12058 13856 13046 2599 229
1879 12231 14588 4202
10740 11687 7875 1817 6209 11084 10233 10619 5604 920 2629
16278 6592 14215 18485 2754 6201 19409
6338 15398 9279 6322 11542 18268 6258 1643 2317 12276 19601 11573 6183 6349
19583 2754 14738 18673 7319 11542 7526 7698 14671
16997 16579 19059 17330 4221 923 10207 11542
2754 15398 13841 6771 7663 19242 2796 10239
6675 1173 9756 10081 14245 18624 11542
18266
14139 10317 10213 7585 6816 12888 1540 11542 6183 1115 17909 2754 995 456 8132 14139 13969
19086 18122 3134
10740 19409 114
5628 87 7894 7325 18096 9041 18031 14632 7709 3323 10709 4884 1465 1825 12274 19458
7936 19777 1765 9148 1817 1459 4618 7695 10155 1893 5005
14215 9213 17201 14653 18022 12686 6342 10124
16760 10350 16316 6530
14719 8145 9648 8742 2474
16298 12290 10539 6771 16255 10317
5910 9756 18317 8452 1643 19418 7526 5910 19624 1833 3515 10023 8447 1626
10317 10216 10519 565 10999 6787 7698
12276 4551 1568 11407 5023 10472 15221
19049 17683 19145 6852 2159
6338 16261 11606 6053 15895 14653 16760
19164 14139 11802 9856 1817
9756 13722 1613 1822
14139 11802 15787 18716 11606 18932 15398 930 5985 11872
17122 14139 11807 9871 6771 5078
15410 11573 4966 2803 6562 1982
7698 527 10213 2317 2317 11542
1176 10213 1848 11606 1982 565 1879 5383
11884 13200 10317 11770 18932 15221
12231
12414 4684
952
952 1965 7530 12414
12578 10213 12414
7586 5626
11542 7442 12414
9756
16760 9724 14830
14139 7747 5098
1540 327 2317 11542 10317 16792
8288 327 11606 1982 1982 13191
