414
9829 146 4684 6771 6549 6530 9829 15540 11542
15073 6540 3628 11542 1575
6750 15221 4229 8458 952 15006 15787
8167 4291 15285 10556 8543 9871 6759 15398 10644 10556 6787 4062 6771 10481 10903 6225 14609 15732 6481 6852 12276 8458 33 40 19725 12240
17680 1363 13529 6010 6771 17683 12865 14139 5969
9829 13169 17136 9829 146 2007 5101
4684 7698 6852 11542
17816 9668 7319 19787 17138 13191
4241 10171 1893
1203 13611 17720 9983 9249 9668 3694 604 7881 8714 12865 17775 15729 13110
17114 7319
7136 18932 18577 7800 5173 414 2159 12030
17114 17466 533 3604
11807 15787 7734
15797 2922 10706 3910 579 13908 13704
429 17549 6771
7694 16914 19479 9248 6852 6771
12626 15521 11348 6193 13235
7630 18932 9213 4305
3082 2317 2855 17110 2912 2891 3082 10396
9829 14118 12865 14738 3307 15521 14738 12865 14738 17680 1202 14148
8459 16760 19235 17854 8382 15247 10999 7582 3378 5927 8452 7576 7530 14653 10709 19000 13278
8681
7654 6771 9756 19235 7822 2007 5101
12276 19601 11573 6183 15410
13235 11542
16760 16907
12618 19136 11542
14452
1171 17687 11542 7698 11812 7654 17647
1643 12865 9400 6771 19151 2211
6478 1171 3845 11542 907 10700 1120 11542 6183
16885 10644 6771 11005 6771 16261 3360 15928 17890 2640 4762 2629 17513 6682 7796
19399 16746 19145 214 11292
10171 5153 9983 13191 17978 14774 6852 6771
17466 11542
11542 3621 2272
8597 11542 1783 16420
9926 12030 3621 1748 17720 6852 11542 12234
19086 1620 17816 16410 19145 1200 6771
12234 639 8675 9829 6540
15375 6635 11542 17816 6852 9829
4538 19365 10519 17994 6852 12276 934 15800 1645 15837 9619 2873
9619 2873 952 10706 10073 5552 5553 497 18828 10882 15800 17978 1645 15837 3559 16593 16842 6325 5941 18268 14118 10278 17069 2320 3247
5315 5742 15254
17982 1575 13814 18914 3223 1678
8458 6174 7135 11535 12276 6852 12276 67 19723 12240 12276 12276 11503 15018 17057 18914 13815 4054 18937 10519 533
10402 16466 7927
17122 10804 12865 7588 6771 11 16583 14671
6787 6174 19136 277 11292 13286 13607 527 17549 4862 11 16583
11542 12276
7526 12868 17304 18932 6141
6771 14060 13954 1748 3621 12865
7166 15081
7698 16317 7822 527 1907 14351 19583 8339 18917
10537 10864 19691 6787 12707 1909 16258 7530 17241 15784 10700 2114 13642 9756 8802
9829 7176 579 14125 15496 15800 2159
10317 7654 19136 19691 6852 3344
13982 6852 3344
9756 15173
2159

7822 11542
11884 2876 16760 12396
12865 10958 17683 11542 2058 16907 9815 3068 11542
16766 7822 8712 3936 11366 533 14139 19278 17889
2480 11863 3082 7822 13220
9756 10644 11542 9279 10142 11863 3082 14882 11542
12936 1909 533 11542 10056 12276
8315 9800 9277 11542
12504 7822 6010 11542
5649 19136 9756 10317 6852 9828 1377 11542
8574 10700 246 11542
19418 11670 15398
8945 1011 17816 12865 16407 19654 14671 7698 1643 17830 3016 14671 14065 9756 10700 1076
10317 2902 429 972 11542 7586 13497
10317 10699 14669 7585 11542 327 9828 1377
7526 1076 2754 14489 3643 14671 6119 7526 10583 14064 11 11481 14666
13298 15942 8871 6498 11573 18894 401 4582 10171 19449 14748 19449 14666
4144 12337 9756 6198 14671
6502 17718 6771 527 5700 12337 19603 13976 3875 1171 19296 757
15073 9829 146 17057 7319 19388 18936 923 7822 11463 16760
11606 15170 11542
2481 9756 13672 18932 7739 17992 14139 7526 8167 16195 6431 2169 18932 11542 15398 10402 2058 2159 12950 8707 942 10303 4512 17925 17771
1758 9756 10317 6852 11542 8243 533
9756 311 12 6852 12276 5649 344 12
14139 9926 13764 17679 7927
6852 12276 7215 11863 3983
12276 12030 4055 6201
10539 6852 12276 19418 10537 12276 10537 6174 11858 15169 6852 12276 9926 10999
316
13283 19654 5075 6491 10123 16760 1179 9279
10519 3834 15557 17928 6852 6771
6693 10317 19145 16760 15952 7770 19656
15755 19474 16410 11416 15398 15169 10157 8626 17513 11292
6675 12396 17422 3088 4235 6771 17552 18213 5100 13656 16579
11807 3423 2809 1566 6939
11011 19136 17122 16878 1176 18884 13888 13283 7780
18935 17180
10317
9828 1378 8452 7581 10836 13497 17072 16596 14678
3256 11286 13140 14507 14878 3597 1620 11863 17057 18914 12058 3891 17422 17304 14653
8452 7576 18156 1667 10278 16881 14143 1238 10318 10519
17422 17072 10163 3559 16593 16842 13154 9619 2873 17982 13794
11542 5851 15221 9255 5769 9756 10317 13538 12707
18324 10318 9828 1377 11 19418 4684 10537 6550 15521
18213 16905 15521 11117 11542
5971 19330 8786 12396 9828 1377 1982 16929 15521 950 5016 1823
6478 1982 19136 11542 3422 10997
13627 9558 3951 6643 6193 213 11292 16370 8803 11727 3184 18914 11505
18343 18344 14426 13903 17360 6939
5173 4601 6388 19001 4981 4322 5320 6141
5023 19647 16462 11542 13191 19179
3876 19105 1551 7869 18261
14106 3628 6852 9829 9914 6335 7680 6771
9914 7680 19565 19565 3422 3628 11831 6852 12276
16889 3628 19575 6771 18438 3016 3051 10644
9619 2874 12888 3559 16593 16842 10396 16486 3621 4126
3213 7765 11474 7822 8452 7576 947 18777 3109 15528 10402 3158
5098 6167 12960 14630 12276
8643 533 7698 3068 4973 3163 19575 17141
14196 11542 1171 3621 2272 10548 1171 9756 19089 15398 7299 11542
9829 146 16596 13673
16760 8458 7053 14620 10128 9829 7101 17422 6816 16595
9619 2873 7299 3559 16593 16842 11542 15646
11407 3244 4471 1319 1115 9756 7747 19599
11503 15018 17057 18917 1583 6478 4539 7458 7233 1848 8339 10317 1377 9832 1790 3124
12540 18936 7299 19164 10317 6852 12276 2317 13241 14776
6852 12276 11606 1982
17718 14196 6549 6852 1173 6826 15068 9829 146 12504 5101
3717 18739 11126 6771
13110 15150 3082 13191 10358
4420 10317 213 252 13191 10358 10317 12 3082 9926
5349 7003 533 14359 9829 8458
19087 11542

19131 17816 8458 5037 8458 8458 11997 16676 17467 7576 9829 4991 1306 14020 17069 7894 11606 4202 10317
11961 11802
18508 10171 10171 3456 18497 4202
5100 11542
4684 1551
9829 146 164 372 17406 3213 7765 11474 9619 2873 3256 11287 11485 3171 9648 10190 5347 6506 14828 5846 10348 2295 3338 5548 1503 13540 7428 10626
2530 10623 7031 19707 2667
5100 15521 3621 2272 588 7025 738 17870 8348 553 5063 3870 14800 18916 4876 12800 3612 5392 13544 12799 7698 9262
12400 2912 1620 12717 18303 10129 6771 14362 10223 7299 8302 4809 18932 18934 15081 19733 7526 14118 10278 18932 12622 11537 12287 15324 5075 9579 19033
934 8309 2873 4202 6771 13568 14370 6677 11127 12576 19049 4406 14137 18936 6179 9403 17471 17122 3134 3370 14748 9619
11606 11863 7176 16261 15170
11542 1583 7526 2396 4468 6201 11542 8169 10381 19601 11573 164 19474 12081 11 19601 10381 164 6107 13128 5640 15162 7412 2671 6107 13128 5640 11 8169 11606 19087 12794 11542 6193 17816 19138 16907 19131 17816 11416 19603 16907 11542
5167 11542 6201 6201 18099 19365 11542 16985 16466 12231 14666 7199 19722 19603 4684 7588 11542 11 16583 8675 5101 7585 11542 934 6452 5971 11 11542 11542 19603 19722 7654 19136 5910 16701 17613 16143 146 1909 15173 16583 18130 4518 12276 8675 11126
10318 6174 1982 6852 11542
16600 8338 10402 6753 7576 7822 15375 12707 16760 10402 1982
15169 3082 6193 4547 10278 17072 1169
639 8572 15398 14894 9829 8458 15407 10454
11858 14106 3621 2272 15169 11542
4107 1575
16318 7822
10317 4580 4539 6608 4144 3244
19164 6693 19659
1643 8452 7576 10171 18009 5910 9871 15046
8643 5917 7442 8942 2754 6335 17690 11542 10317 10519
10318 6771 12276 6635 533 6787 17816 164 10318 6771 15221 11499 533 15221
14196 6771 6198 533 6787
16371 5711 6771 429 972 19418 10537 19136 6771 19418 19136 6852 9829 19136 206 6771
15337 6771 14139 7319 6787 16593 9756 10317 9619 2873 934 14139 7698 568 2474 569 10317 372 17405 9652 3213 7765 11474
7496 6771 533 3604 4267
16595 6771 7576 7677 15247 16627 9756 7677 18050 3006
5910 6771 10895 6753 15217
15217 6276
12234 7188 10317 3604 6771 19136 9828 1377 7739 7496
17720 19418 10073 9213 19418 10640 3604 15217 19659 10073 10528 14921 16813 10028 16008 19568 18722 11542
11542 18542 7496 533 15217
14416 7734 15217 9856 2032
10317 18917 11542
8215 18914 10005
8015
14059 11542 311
11 3296 5719 5711
10317 2169 16525 5711 14034 18721 11542 8322 11542 10946
17683 11281 19142 11542 19418 8877 13171 19136 11283
12276 17830 15170 15331 4302
9829 146 10958 7698 6852 16701 13529 4473 7698 15521
10523 10083 11409 923 13182 7698 6750 15221
3213 7765 11491 3256 11287 9619 2873 11719 14882 16638 9756 6193 15217
947 17683 2873 18453 19612 10318 15398
6771 1848 2058 2893 2058 9016 11606 7299 19145 17304 11606 5973
6540 6852 2754 920 7918 19418 5969 12276
6562 7299 11573 19723 1982 3624 17069 11542 14371 19723
4485 6273 11606 6771 17775 13808 10417 14921 9828 1377 8452 7576
18438 8179 18004 6939
6010 7165
7799 11606 12397 6852 9828 1377 15665 15081 15521 4685 12396
9711 11573 13888 12397 7698 527 8169 16583 19115 6062 9505 18745 18863 8827 8829 12400 1748 822 9957 8371 7121 5969 6062 18745 1965 2556
18564 6771 15247 16881 16692 1427 11542 19603 345 11292 17310 19136 5383 1165 3447 6771 19142 19418 5098
6800 1123
6939 12976
16986 17057 8338 11573 17057 8339 14118 12865 17094 400
10318 11573 17057 9829 15521 9828 1377 5097
14118
12234 9850 405 17304 9835 13808 10317 1363 13529 14125 10151 14125 5985 17165 5108 10472 5985 5969 11542
10537 4214 8707 19014 10028
3597
13744
3082 17325
10317 9829 9829 146 7822 16760
17946 7822 16760 7822 533 4610 527 10523 7319 10358 6174 10402 2058 5445
8570 9829 213
15073 11542 9850
11606 19014 10028 15594 14274
13941 7698 6852 16701 12276 6631 11573 17043
9023 2159 7734 13220 11542 17310 15541 17925 6852 12276
3047 5078 9872 10644 12276 12231 6771 13364 7822
9619 2884 14139 7698 8116 17816 17501 15541 17925 13938 18986
3068 4944 7698 3881 17816 3044 11542 10644 8626 10473 9756 15221 6675 15012
5971 6852 12276 11542 19603 19145
15613 11542
333
7680 7654 4905 13191 19418 9756 7526 13235
6852 9828 1377 11542 12276 17816 6631 6787 15170 9828 1377 146 6174 2013 1013 1982 6852 12276
9828 1377 146 5377 533 7822 7319 2065 5988 2912 972
11503 9619 2884 14139 16638 15787 568 7822
15409 10317 11542 7530 1982 14671 6198 17326 10539 15073 17683 7698 1982 12396
10383 4302 15173 7654 15398 6939 11203 13170 17137
7086 11948 1783 16184 17089
10835 11232 9829 491 4810 17072 6183 15410
15800 7698 1643 15837 18228 14748
15401 9829 146 10644 19086 1848 17069 5542 6646 4578
6198 2754 14352 9829 8125 1171 2754 14352 16417 10740 1783 9426 10740 12276 2754 14352 17089
6562 14106 9828 1377 208 3621 2272 4124 12707 6076 7698 6771
9829 11877 7822 8338 9926 16784 9695 19308 760 15033
7995
5615
9965
4442 3650
11807 13394 17057
10539 6852 11542 14139 10318 12276
14064 327 9756 6675 10317 1982 11542 3082 15541 16760 10350
11542 10519 7698 10084 14139 5971 8707 577 16760 14148 1893 6201 8106 11542 11606 15541 3680 9668 5078 18155 6876 11542
10999 7526 11573 17114 7319 18891 10278 16870 12381 12865 19086 8339
14139 18155 8116 11542 920 2007 19691 6174 4512 9917
7822 533 6339 17718 14139 10318 2159 9400 8708 18932
9872 6693 10317 19145 17532 6771
11670 19136 17122 6119 10318 6852 11542
6852 15170 2104 19145 6852 9829 6771 17720 7822 12504
18508 12337 15521 6494 6193 15922 1371 10644 6852 12276 5970
9829 146 7319 2065 10804 12623 18511 3719 14738 11409 10644 19086 19053 17608 17830
934 1115 3082 10317 11503 15018 5199 12290 7586 19164 11606 15319 17816
605 3256 11288 3068 13529 10005 17816 934 1115
12058 533 15530 14139 9255 9279 6852 6771 1643 3021
8167 15170 9829 10698 5101 6174 14429 7698
8675 6540 6852 11542 12276 9756 1575
568 12889 17552 19654
17122 9619 2851 14748 14139 7698 14878
934 3256 13140 14139 17316 19164 1989 10985
12504 6249 16760 7822 11365 3604 16837 15541 6209
8452 7576 8338 14139 3145
5971 3375 19654 5068 12889 6852 12276 10317 12276
12226 10539 2159 18932 11542 18932 14118 18932
13793 17339 9619
9829 146 3878 4515 12396 19737 16701 14611 8714
16233 2912 10233 17069 18198 426 11883 2706 14139 6693
13191 14139 5349 4578 17069 6787 10473 15735 10539 8338 8092 2792 14623 11606 17136 13539 7698 8338 18273 4512 15837 15404 14653
10519 18932 436 6072 11013
2015 3712 9619 2873 15319 17816
6549 3621 19418 2058 13863 3221 10644 15337 1643 588
5970 19442 12415
333
15170 6540 3621 2279 11858 15410 9828 1377 3628 15401 14081 14671 13529 3813 11542 12231
8675 11349
6852 17679 2933 6437 8215 575 13382
6204 13110 952 6511 9161 10480 6448 13382
18644 11766 11243 17686 7491 8784 14878
14588 568 12231 3213 11474 10644 6675 10317 19365 2912 8589
10318 9619 2873 527 16233 1643 7979 6816 19136
13191 18730 17069 17679 12030 16371 952 13529 1643 6255 1783 11573
4974 9828 1377 146 10644 6675 5818 9756 9196 19084 3995 1008 9850 9756 9663
1982 1643 7979 16471 17718
146 16593 1643 7979 9619 2873
160 9829 16973 17136 6540 2380 4302 17628 3422 14129 17475 1889
11542 7299 8413
934 10706 16583 3214 10943 18799 13298 4549
19545 16885 6023 4232 15521 7176
18508 9829 146 17003 10804 13191 8495 9016 16766
16907 15221 11542 10317 13601 3244 4471 18273 11504 15221 9400 17885 9832
9579 19033 5075 18156 10700 920 7111 13437 9756 6494 586 4657 5851 3068 9107 1371 6852 11542
13332 13235 9829 146 6314 9619 2873 5970 15398 2169 18936 533 15217 947 16701 12030 3680 9829
12504 9829 146 18578 15521 10644
11542 9756 14983 8855 10943 18799 2589 19725 771
2007 6540 13538 11584 5085 11542 19392 17978 6273 15398 17978 4202 11542
19545 11126 15521 1655 19365 16914 17925 6852 11542 9756 5095 18799 10233 11863 5075 7654 784 19392 4203 19601 12707 3396 17072 18917 9756 3992 7199 916
10317 19145 17466 8382 15247 11542 10519 4416 2162 8570 4529 12707 213 11710 19315 14371 7529 1620 19455 19171 4529 5085 9828 1377 7176 18213 4862
10056 11542 9625 5085 15521 9756 13831 4204
12204 12030 9279 3375 6276 15854 7319
6478 13588 10151 7319 17069 6771 15410 19725 1989 17140 9174 4822
8542 11542 9756 9983 15496 8707 934 13799
2754 8543 17683 12030 13332 15170 6255 10961 9619 2873 7698 15496 7698 7125 17304 13028 6000 10062 6320 5628 1213 17597 14878 2834
18227 10396 7586 12030 19573
13283 8243 16230 12276 5046 2732 14878
16298 9619 9756
686 16194 14587 1893 7176 5743 2479 1620 10943 18799 10700 8452 7576 16438 9756 10233 12276 5005 7526 10414
9756 3032 459 10516 9756 19053 1568 1169 4467 2754 5349
12276 2075 6437 16701 1982 18303
10804 12865 6852 12276 2058 2371 17720 19749 16583 6376 11606 7020 15521 19599
6852 11542 804 9160 10684 3082 17777 5362 6852 15217
11542 7291 18932 7291 7135 10028 3215 2143 5252 15221 6201 15073 6852 12276 5378 8493 12030 1620
16760 14653 16760 14653 18296 14139 5252
15221 9403 8458 17816 1306 6496 8249 15221 9403 11163 5252 8413
11542 11606 7299
10318 6852 12276 6201 12276 5378 15521 16371 11096 3212 7765 11474 12337 6554 575 6193 11542 15410 16726 15787
7299 18932
316
19733 4302 7526 14748
17549
6852 9829 10151 12050 16766 7299
15521 9756 2317 13443 9756 11416 16989 6287 10700 1120
4890 6478 14968 7526 6675 9248 10245 10644 9756 19749 9850 17598 18884 7393 5969 18932
7188 15398 19609 3880 17069 17057 17057 18914 9756 8881 19085 14118 10535 15337
8578 5927 2481 5985 11416 17122 10233 14588
10472 10706 2561 8503 13613 9800 10709 16583 1849 8460 7576
12593
5971 6852 9829 9828 1377 146 11606 1982
533 17057 7319 4144 8452 7576 7900 12058
4421
9756 19475 10537 9276 8452 7576 9829 7694 9756 8578 1363 6174 10804 3082 11542 7822 16094 14882 2007 14882
7822 13191 16760 10350
15409 11542 6291
934 10537 6753 15221 6119 8452 7576 15164 9829 1643 7979
934 16217 15837 9829 7747 10640 13297 7680 1315 4445 17939 13110
8570 9829 213
13171
12337 6771 6174 1982 6852 12276
19656 16100 4974 3375 8707 4022 3237 6755
568 7822 12716 3212 7765 11474 14139 17316 574 972 9633
14139 5971 19145 7696 19005 12 12
10317 6852 12276 15742 1643 6800
7696 16460 3628
6852 12276 4538 8557 10623 7031 3628 8702 7233 1825
12058 3378 6800 9896 3068 9756 10155
6464 12644 9213 13256 1316 6198
19164 6958 8452 7576 9829 9756
19659
6174 18227 16744 9896
15046 12337 13617 5246 3675 7053 146 6805 6174 12886 491 3628 15073 11573 7822 6201 1960 6805 15409 19656 16258 5803
5971 6771 9756 11606 6852 12276 8643 6693 10317 18228 8116
3922 10523 12276 10357 7319 9756 15406 4884
934 6693 11542 8503 3680 6852 12276 10999 17946
14139 10318 6478 8339 19280 9039 10317 17089 11416 7359 10317 1783 4549 9756 11997 3520
11009 9756 10706 6771 15406 14353 13593 12381 6532 6464
14196 6771 1171 10550 6852 9828 1377 1171 5974 3604 533 4267
7291 533 13938 4107
9829 14139 11807 15521
1203 16885 12865 17720 11416 10644
9774 16811 7003 9773
1961 14137 17077 934 10519 17631 10317 13298 8404 12117 12695 6518 10537 6141
16266 14139 8116 15398 6771 18228 15221 11203 9252 3604 7319 11657 952 15409 12540 5450 5851 15221 3158 9261
7814 2169 18932 9966 9856 2032
6771 10644 10556 197 18860 16266 10480 6511 3124 13016 6750 15221 13529 7698
15170 11366 6679 12276 12276 8064 7136 5970 19136 8064 6675 10317 10519 1982 11807 10644
13778 15409 774 10644 8028 11416 6852 12276 13588 5910 10350
15410 10318 6852 12276 7585 7654
14139 15398 14139 1643
19087 15398 1654 11938 14196
19278 15398 1176 13941 17137
17122 11606 19014 13538 12276 19164 5155 11573
17679 6771 9988 14139 5946 17748 7526 6852 12276
934 5168 6511 2159 5711 9828 1377 16568 9619 2851 14139 7526 2013 14878 11542 3881 13347
3604 13941 7698 7822 10358 11542 799 15541 17925 7529 15375 8028 11542
16910 11730 14139 7747
11505 11904 1809 1788 7977 18243 6804 12932 6635 18011 11050
12504 5708 11542 5943 17771
13191 9828 1377 9660 7894 963 17077 9667 579 10123 3559 16593 16842 11262 18228 1848 11997 3544 7576 3307 7052 1848 18904
12889 10123 2912 18156 8116 9759 14882 15337 12197 11606
14118 13591 15521 15337
16760 18932 7734 13492
12276 15217 4273 7747 9857 1120 8348 4445 7747 9857
15375 17683 19145 533 3604 19145 14653 5445
6174 18914 11504 14228 11694 11606 6255 15805 7722
9668 10223 8714 579 15497
9619 2874 3068 11007 12556 9829
5917 9199 4512 9917 157 11262 7680 2021 6592
19131 11416 2680 5591 12276
16701 19086 19136 19136 16583 11573 8213
9829 9085 17057 8338 9660 7894 10883 8339 17816 8458 18156 10406 11997 10278 10157 17057 8338 4549 1893
15375 11542 17136 7698 6852
8707 17549 1643 9668 10556 13888 15221 13965 10358
533 15221 12234 1982 17718
6800 1788 3378 19365 13191
6119 17470 15247 5445 6174 6872 11542
17680 7747 1982 8452 7576 2730 1620 17939 533 19365 11542 12276 4578 9276
12889 12234 9619 2851 11884 17136 11474 7822
4107 7698
9828 1377 146 10406 6337
9756 16303 15521 9828 1377
213 12 146 7233 9189 18541 9509 6481
18932 18721 14943 10028 2481 5769 6852 11542
2754 14139 7319
6174 14465 6852 11542 15515 11885 11573 9871
2547 4518 2754 15732 18894 6174 15410 6852 11542
11542 18542 19164 13152 11512 3604
934 10519 15221 18324 13485
10804 17830 16744 17683 9756 8103
5917 12707 10317 11606 9508 16420 17628 8215 10804 17830
7585 12
16595 6826 14139 6010 17057 7319
947 10317 143 9829 10402 1982 12276 16701 7698 11542
5970 15398 3213 7765 10402 7900 1013 10946
15221 3235
372 17406 7822 9633 14456 14878
10318 19164 11542 1874
7299 11542 19136 8028 1643 15521
13591 13191 7747 10402 4074 17830 7927 6338 17069 18314 11542
16701 8295 1474 12707
2342 10350 9829 146 9831 1603
8574 19418 16744 12276
10462
