548
2754 6771 1643 4104 20 7526 12748 661 14666 13601
15407 10317 15283 4985 10644 5730 2007 2572 17618 6469 14577
4985 7698 9633 14878 751 14023 190 302 9815 19046 11542 3597 13235
8627 14254 13191 7814 18721 17199 15584 15221 11127 3939 4737 15953 12877 10223 9815 19046 6603 5517 12525 3047 5068 13191 7585 13841
920 19054 4138 17830 19044 13191 3597 13235
17000 7291 17742 8627
6562 1965 11542 19723 1965 565 1965 5075
19365 17110 2912 6249
11542 19418 5097 11606 1982 6338 5580 11542 6693
4684 6675 10317 213 8626 13617
15289 13856 11542 17889 2475
17887 5943 17771 1879 5910
10216 4985 1965
19418 17304 8403 10566 11542 12414 19455 12888
14106 9687 1901 1213 15289 4985 10644 11542 491 13341 14139 1230
3641 15289 4985 9802 6053 13036 1518 13341
8503
19474 15170 1173 13332 6675 14586 9800 12865 6119 9850 17474 1568 11542
10396 19601 11542 6183 12276 19054
18438 11542 2754 6010 19164
15221 11112 12084 17816 16346 14252 8626
13191 12030 11863
6174 19599 10171 922 15409
13341 11463 18771 2884 18015
1213 13611 2959 11606 16760
17654 15398 579 5195 16261 2941 661 15387
6201 12059 8752 10317 2437 1643 4512 9917 12058 4202 11542 11126 3604 213 8627 10472 14748 3604 10472 17946 5439
11542 4135 15398 18716 16907 12865 16407 11416 5520 17304 12865 19131
11542 16907 19418 1366 15435 14139 12799 338 19418 6812 4547 19132
11542 9756 11542 19418 7098 19723 12058 12276 19418 9926 12276 19418 14416 4202 3346 10317 15201 1133 1000 6771 15787 15787 7822 9687 1900 11190 15247 10028 9242 10700 6675 5552 19136
18101 11542 14118 11005 19131 17816 10278 16627 1568 12276 11542 9756 11851 6053 6490 11203 7526 1563 12532 11542 19418 1563 11349 10381 11792 7343
7894 18716 19138 6771 8382 6337 17690 19164 6194 15407 15819 15373 14474 2312 11992 4510 579 15170 10528 17686
15407 9064 10542 13888 568 12545 6201 5075 18228 15787 6592 7526 2912 17325 9438 6285 10472 3995 9276 1165 6255 13519 19648 6193 3068 14738 12544 2891 4423
6174 16634 9382 4038 1848 19470 2803 10835 146 12630 6804 7747 17889 15793
11542 7888 14376 12390 3513 16173 15221 12231 15410 2754 13171 2754 13191 12058 10142 11606 4905 7747 17946 6685 7765
19131 11606 17816
10861 15289 10515 7549 5075
19520 19060 16813 1120 14442 15290 11573
11745 553 6974 19520 19060 16813 15886 7701 2908 10999 16815
4966 2795 10123 3068 9756 1120 18849 8327 8417 3068 11542 7701
16816 11745 4966 2794 12276 10145 17274 15180 6350 5612 1891 5520 13715
3082 9983 11469 4234 18730 5445 16686 10556 10414
15289 18156 16413 12240 14226 7111 12078 10895 5517 18721 17946 15584 2754 3693 9983 16760 4828
213 8627 19164 10472 8028 8626 16760
6879 16593 17513
9210 2754 14196 7680 11542
8413 11409 7529 11987 14064 14139 11606 16729 213 17742
8627 5552 9514 1888 10317 19407 14183 5552 9514 10317 19583 6319 15550 14687
17816 17816 3827 18223 553 6182 8152 3870 6490 14100 14070 6183 7526 17680 7526 8615 553 17304 4292 13235 14630 9800 6110 9077 6201 6519 1180
16760 15409 9756 6287 4807 16910
9926 10804 12865 19418 1817 14139
14381 15398 11542 5910
10317 19145 3124 16217 13303 6939
5520 7597 8139 10317 4178 16128 8135 3282
15584 10317 19145 3124 13303 6939 7291 7253 6694 12078 15577 15221 15584 15221 10171 10402 8860
17679 15798 15584 15221 12852
15584 2841 15584 10317 19376 18721 3799 18564 12799 3327 1120 16610 19278 12091 1833 19535 2832 7529 794 9756 19089 15584
11542 14184 2842 5349 19750 18895
17549 11542
12276 4138 10171 17608 262 11292
18741 2317 11542 5432 213 8627
9926 12707 11542 10644 4426 14921 6968
6026 13191 2754 809 8626 8028
1909 15169 17872 12748 4593 11542
1011 5517 11416 7631 15832 5349 10684 3068 13808 19399 16641 9836 3474 8382 4211 2821 3187 7252 15371
15060 16629 5910 4147 12475 7932
12431 1661
7491 16011 15283 10215 4985 17889 9914 19583 10537 18258 1613 19520 19060 16813
594 5520 8560 11739 16257 6174 15334 18317 10538 1394 12030 10315 17255 3068
327
285
14139
12030 16579 11542 6255 6478 3017 18845 10491 19445 19618 17683 19136 1120 3081 10861 15289 6771 19488 14421 2067 16659 16711
19520 19060 16813 7663
10318 9675 8417
5549
13283 527
18531
9756 10317 15170 7747 429 12030 18896 19520 19060 16813
5649 19601 5719 6183 10861 15289
16760 10350 920 11957 6315 4985 9756 10513 10528 11534 17148 3082 12276 5046
15398 11463 1788 7134 2832 15401 8560 10523 5520 17305 16907 12718 2317
14118 14878 11383 16760 3312 8348 7728 7464 19060 16813 5346 9652 11169 18870 14719 7516 13529 19535 3719 15634 10513 6174 17883 2342 6673 999
19365 5719 15895 1604 11542 17556 9756 331 348 15566
4138 6771 1000 8741 13529 1583 16607 166 6782
10216 12276 17316 565 9027 9633 11542 6771 15763 146 8627 10700 13235
16853 2968 3936
13306 3372 6207 15577 12865 10171 17608 17720 11201
15407 10317 149 6643 18851 14492 279 18983
10318 10216 19164 1982 2931 17675 17862
12865 11097 13341 12414 11939 11599
4602 13460 7526 12276 4547 7343 2223 19573
579 19654 14666 7698 18721 17816
16747
17122 18228 7596 10161
11542 12396 17628 2754 17499 16760 19418 13650 1879 9034 6174 9756 10482 17865
968 11542 13502 12414 11953
429 12030 9279 12396
17978 19131 17816 19145 6119 4473 10472
7130 17816
934 14286 13393 1000 13779 1848 2754 10473 16653 10644 19136 13391 11028
8570 12081 11818 14671 19418 15550 13856 11542 1620 13695 13110
8707 1643 4610 1011 17771 11542
316 527 10686 10216 6554
344
285 16760 2058 15634
1758 2612 12865 10620 3132 16640 15004 19060 16813 10709 10519 5084 8835 11416
17329 17325 17329 1643 12865 8542 10700 10223
11542 13321 13036 11416 8928 17679 2481 8109
177 11792 5910 15800 3977 11416 1643 13319 18228 1279 11416 2480 8109
15800 2612 14718 7020 12030 11416 17686 6198 5803
8231 14360 9239 10789 14569 8544 17816 12030 11416 1082 5495 7526 4898 6201 19164
11542 14060 19677
16701 8941 1000 13779 4877 13303 5520 18721
17687 7319
3839 15289 9928 1497
9279 15398 10804 12865 85 10081 5517 441
8871 14522 12 10358 17584 9467 14666 14139 10472 15290 12468 11542
5383 10472
15398 15787 10523 11726 2222 17772 3951 12196 10028 16172 3474 11726 2222 18920 16721
19731 7822 7111 7530 8382 14065 10709 10523 11416
1171 6680 15801 11116 11542 11812 17304 15375 10480 5863 3437
8778 5075 10317 15289 6587 9769 9064 18339 2317 13046 18099 10317 18523
15627 12848 4138 6063 7560 9453 11595 3735 9621 9766 2005
11952 452 1965 13036 2942 6280 11573 10317 2667 9181 10424 4542 14496
934 12762 11599
15289 15409 7025 5084 12240 10756 7046 16582 9952 6448 19393 15822 12199 11606 12078 15584 13341 1202 14148 4214 17864
2015 13591
13591 13040 4568 15584 390 14360 18932 6262 10472 4233 1342
13591 13040 15902 17459
15636 11599
15289
19278 11542 7894 15950 12865
15950 15573 18716 4661 19475 19132 11416 14139 16907 19535 8178 11542
1171 17502 11542 4301 19535 8178 1483 19060 16814 11542 8826 6478 15922 19535 11542 7529 15170 1173 16053 2058 9248 4296 1483 11084 18005 1120 6780 5349 10700 19541 1497 10151 16258 8795 3145 6174 18303 11292 17742 8626 15435 9064 4202
1000 8741 7822 11542 7902 18566 19520 19060 16813 19737 9872 17792 4288 1675 527 10317 14828 4779 10216 4985 19088 11877 9512 11889
19520 15541 12725 14588 11254 2865 2593 17137 1643 6201 6174 8169 4986 12888 6852 17816 12976 5283 2007 6337 11542 18156 17304 16531 10519 6771 16917 16975 11961 15637 11542 7822 1340 5153 19058 18124
19418 19136 4799 17830 7526 17274
7585 4985 17782 8908 13317 12914 7834 9687 1901 12504 5168 11542
1748 11076 9687 1901 12044 16720 15460 11234 12860 16719 2507 4694 69 3387 148 11233 129
18722 766 15089 17292 654 3088 10446 14921 11515 3059 12945 18754 7894 14 19085 7022 10123 7526 14718 4101 6119 3386 10700 11727 2507 16806 12107
17742 8627 11542 12540 10472 7586 12086 15221 5517 18721 5489 15584 14074 12206 12718 11096 11983 7135 10028 17771
12276 3372 7529 11127 11599
1901 4584 7650 5170 10253 8894 6542 4091 4749 988 8322 17865
18303 8627 17005 9255 14887 3466 14733 7833
19545 11599
15289 18869 18228 14391 19407 297 6771
2007 15289 13620 12717 7030 10317 7402 11863 19742 751 9160 6852 15289 13036 579 5168
12030 2754 3047 6478 10861 15289 12276 7822 1000 6771 1517
2223 19573 18947 18587
13036 2007 11347 7822 5075
6491 15140 9034 11011 15140
12536 12576 18339 2317
11010 15787 18716 16261 19640 6262 17113 6494 4232 15922 3068 11203 7585 4473 6255 1127 5910 2754 19715 8111
19520 19060 16813 14437 6798 14718
18303 8627 6749 11919 11292 6797
11322 13536 6663 17946 12022 565 4985 5075 15286
13554 14148 19278 15398 6771
1909 6771 15794 7800 15584 7135 10028 15221 920 213 8627
19145 6771 1009 278 12865 994 17608 15131 16897 5108
11807 14 19568 4850 5098 19135 11429 15401 6798 6771
8570 14194 1171 9914 3630 994 17608
19087 15398 13304 11542 12799 11429 15398 13304 11542
13611 6817 11323 11542 7676
7822 568 11542
16760 10350 1583
3082 1583
2317 10278 16760 4308 19060 16813
2832
14118
2317
327
146
12276 19601 4267 5449 6183
11542 1965 18210 16760 2754 7698
12276
10804 12865 10317 11573 9756 1965 18210 16760
10937 19654 16714
7698 568 19132 17816 1583 11542
19131 11416
19131 17816
15398 1583 11542
1643 11542 1643 11542 1643 11542
11807 10358 15003 17680 15170
19488 5383 5155 11542 15410 19725
19243 11389 4547 1617 7020
17720 7822 11542 17304 7698 10480 11301
12929 5974 7698 7822 11542 16869 7526 12276
10937 8691 17881 19600 17676 900 1173 7833
18213 16298 1377 19583 10406 17881 8503 14697 7979 12748
10804 18219 7020 13856 11416 4310 8076 10512 10278 15166
5349 6533 4557
19520 19060 16813 18741 1583 11542 3717 19131 17742 8627
11542 12204 429 12030 17544 4828 9183 1989 16719 2509 1643
16951 13191 11541 12623 16075 3082 4866 3047 12276 2058 17771 6026 11542
12234 7526 8784
7979 16984
19418 11858 3047
9759 17274 15334
15794 18716 277 11292
9213 7526 17742 8627 15634 11007 14474 3719 18511 12031 16719 2509 15335 13715 16173 3474
4828
12030 3124 6011 6812 16261 15634 13319 6010 16588 19136 17742 8627 19549 17816 2754 12730 16075
12276 14234 6658 4986 527
3717 19131 17816 11416
18210 16760 1910 16701 3948 4547 19583
11542 5349 3936 16760 14139 1643 5100
5520 12135 6026 6771 1748 10277 4613 14818 9161 12865 11416 7367 19187
11542 19603 15402 17304 10144 11463 11542
16204 7301 7698 10787 9871 1889 461 9198 12429 16979 11463 4632 12865 11858 1888 5148 1643
11416 10804 18210 7655 10278 1982 10278 13389 12429 7367
18508 19734 18210 4101
10700 12429 16999 7526 8735
17593
14063 16627 13283 8111 14718 11311
19418 15398 11542 1643 11542 19164 5065 10644 11463 3936 4822 15047
17683 4185 11542
12889 6249 5075 16541 10644 19547 9633
1965 4971 8240 19725 4890 7213 7351
19733 12276 13985 11542
16257 11334 10043 3068 7728 7464 930 1848 10417 10179 947 6730 16737 19060 16813
10684 3068 9756 2417 602 5517 15584 11416
10317 17473 18314
11858 7903 11858 10145
5910 16701 10709 11416 1550 10385
8570 11153 10183 12058
18947 14273 12485 19583
13264 12994 3859
17816 9181 19060 16813 8104 10519
10064 7136
3712 11542 18156 12050 1203 6053 12050 213 8627
10746 15755 16760
10216 9676 527 12556 15576 19015 6771
18438 13341 6771 7747 13954 14064 11789
7526 5075 19087 2817 6126 18210 16760 7680 7800 11789 7585 1497 19107
15169 1171 9914 8784 6431 19014
18324 15410 14106 8873 12692 7936 4854 4684 9926
9756 19474 12735 15401 6369 19014 6771
4684 14111 8871 12692 7940 13954 14060 6787 15398 7343 15911 1203 4302 10537 19696 6787 10887 13954 14060
11573 15587 11416 15645 7110 8505 11542 9756 14514
7526 11195 17775 12707 19138 18043
14139
11235 11482
7319 11409
13120 16907 10358
9871 11542 14314 19145 6174 8626 19136
14139 10644 16744 19145 15217 8559 9180 2768 4986 1377
15787 16889
2832 12865 13577 11807 15398 15217 10317
12799
14514
11542 15290 19601 9633 6192 11542 11888 2706 13529 4206
12276 579 5155
19136
320 11542 3883 15594 3936 3917 7051 16953
19278 15398 8572 15398 1120 1549 2931 2754
18508 11542 6174 3422 11097 10904
10684 3068 12381 3975 7193 3896 1162 17968 6646 10515 3975 18156 14415 15584 5520 2300
17474 19418 8111 19136 16261 8089 14587 661 10684 3068 10480 4887 12196
17471 15398 11542 17122 19418 2931 10464 7299
7901 10740 15496 14586 10958 13122 2317
7663 7050 17312 19399 19136 17889
6771 11203 10644 1965 19164 10644
15401 3260 14118 10278 16719 10837 4091 17422
5970
11203 15551 14878 9115 18716 16719 10837 19577 4091
17683 12865 7680 930 4011
17304 16929 16719 10837 4093 1982 4154 4512 3604 15886 16914 5427
16793
6771 6010 6026 17679 4154 12943 4054 17939 1901
19164 6771 10644 9756 10706 8167 19583 13615 11753 14118 19583 2007 15319
6787 8111
8570 9400 16760 16268
17122 7977 19278 9535 5910
15505 16094 6693 9756 10317 1120 4665
934 6771 14095 10472
8125 10903
18478 17544 13888
7698 11409 4985 17830 5708
17830
13941 4618 19089
14139 6361 3005 3082 4630 4585 15446 9213 9871 2987 4595
8707 18213 9769 3894 12671 15584 14052 14647 3068 7336 13191
15409 12345 5075 6381 13305 9282
579 7529 2317
9034 6771 10151 8626 10472
9756 17683 4602 14097 5910 10350 1120 11007 8626 784
16792 3589 10472 15221 6395 14044 11588 4595
19573
16298 15170 6852 17816 4302 13529 16486
527 12889 10216 4602 9675 8417 17946 12022 4684 19609 473 14174 11542 15435 15407 10317 10895 13889 5520
7822 16760 17899 3230 10787 15221 17946 6693 10317 19145 1120 18237 10957 11542
14139 8578
7822 527 14818 14335 4861 12414 11953
12231 11542
19164 10472
9926 15289 10743 5431 920 213 7291 8627
213 8626 18849 7701 4799 10743 6407 10278 213 8627
14139 8578
6771 16595 19145 4602 6939 19488 15375 17720 9926 11542 7680 2474 11542 3048
947 5767 6011 12889 7698 5068 7698 11606 4214 5767
10740 14569 10097 14569 12868 6679 15502 18004 1171 10740 15798 8338 9756 18655
11858 6338 10565 9871 6771 2474 1343 10317 4602 15289
947 10937 1171 10473 6675 10317 2722 4602 6540
19164 7654
9926 1748 14118 12929 17122 11670 8234 1012 10397 10271 17312 13110
9756 12524 16907 16907 16907
10396 10644 19086 9856 4986 6026 17422
10396
9756 5552
14139 5098 15911 6339 7698 11542
17137 7747 7698 14671 4302 9926
1620 19546 11542 14173 12415 8382 14671 471
7927 12058 9926
10317 19145 1081 8629 19060 16813 1173 5803
19295
1909 5098 4985 15289
17549 6771 15902 213 8627 15782
14474 9986 11746 13191 5445 3068 4944 19479 10303 15615 9185 15755 12030 14196
18210 4985 7587 7698 12888 17980 6771 1643 19603 19145 9756 15398
7822 13862 5075 10861 15289 18017 14205 3597 14975
6478 7529 7698 14671 9756 3818 12865 7526 4552 16583 11730 5078 10512 15496 9712
15398 6365 327
146 8871 14064
11542 15800 1643 8000 9200 19749 12865 8570 16261 10317
5657 11416 15181 11463 8691
10961 18721 11542 1643 6236
18438 16258 10317 11542
11542 10318 12865 2320 10519 11416 16461 15365 11863 19171 1020
14588 19583 1120 8928 17679 2721 10278
12376 10406 19573 8542 18227 8116 3132 15761
12337
10216 4966 2803 7698 11573 10063 10519 1643 12290
1909 12865 10317 8784 10406
10278 1171 8570
11946 16907 11542
14474
8626 4420 6771 8135 5349
12180 10317 5445 3256 10846 12276 10226 5794 13167 14118 13191 10350 3068 4944 14063 3894 9026 7211 14471 7694
15453 19365 14282 12889
10977 3172 15217 12622 19136
9675 8417 18730 17679
10216 4985 16123 19164 6771 17718 641 10958 17017 3068
13099 5628 6024 14276 10582 15217 2474
2469 16490 9963 3046 6642 758 641 10958 10318 8572 1314 9687 4420 11542 15755
10821 14823 8643 18354 17552 14139 14148 19145
10216 4985 2474 565
6198 11542 12890 12030 15755 6248
10861 15289 5349 19547 19573 11542 12429 2480 1965 3082
19138 15577 11573 19544 473 18793 12889
10153 19519 19060 16813 14411 7822 19582
19138 11542 2191 19474 6348 17608 17305 6348 11863 10245
13568 19145 11542 19138 18043 14106 13191 13732 7615
19145 11542 7867 6017 2814 7698 10144 6348
16462 852 11542 15584 5520 6798 10028
577 6807 1173 11542
19022 11606 12078 7135 10028
11542 14060 19677 13954
527 8589
13191 13443
13011 15221 13240 18529
15170 10152 13304
14748 7167 11247 10700 11542 10233 922 12799 10700 11542 6174 12799 19136 11542
14139 17683 13611 11808 14139 17683 13656 13598
8169 14196 18099 1171 10482 4610 11542 19136
3717 19131 11416
19418 3719 8542
10056 13658 10216 4985 14139 7694 8417
12276 8775 2710
12058 11542 3612 10213
19418 9926 15398 1551 4101
19418 1643 1643 8590 1643
3100 18317 15289 11542
10213 7822 6201 920 6026 11537 6680 12279
9988 4828 10129 4659 17686 14283 17122 11599
15289 10537 1497
12865 15170 9675 8417 7822 17122 2754 8491 2007 17110 14878 10213 5542 14569 4144
10539 16094 14882 523 2210 429 8413 12276 17683 14878 9988 4828
15073 10943 10976 429 2474 15755 1209
7592 10213 19544 7684 7626 7696 7654 12414 6174 17718 10213 10472 5542 17122
7680 9800 15755 17212 4985 10684 14148 19278 19136 6771 15289
11542 7491
17978 7412 146 40 8627 17199 5517 441 15584
19043 15584
40 8626 16267 17168
9675 8417 19131 17816 11542 3082 4473 3447 16306 13841 6771 11542 9988 16951 6459 18223 9756 7526 7747 16985 19145
11542 2721 4985 2961 14148 11542 19603 19145
17304 1620
19474 11858 19138
8752 12548
4985 4861 7783 17718
9926 11542 17325 19583 9799 19136 19043 15170
15410 11606 1982 568 13611
7526 19659 7698 11542 11606 8751 1565 11542 7530 7698 17720 2046 9687 1901 14139 15794 15003 11608 7698 17816 5719 15797 7747 9756 12030 13814 13529 11606 14776 13660 14059 11542 285 10317 15073 7698 19136 12030 6198 10700
9756 1620 19520 19060 16813
16760 1748 1526 19656 9687 1901
18730 1526 1520 19418 13316 8338
6010 6771 16907 6771
14748 15468 17451 4555 2803 11416 10091 17231 1703 6201 3986 17830 13120 16907
17114 4512 3604 17925 17946
4555 2803 7698 15221 12502 10519 15221
15217 6264 5708 5517 10528 5439 11606 920 9445
10485 10317 12529 9836 19645
9675 8417 934 7698 15221 8053 10804
10821 14823 13163 4555 2804 19399
10485 8615 576 1965 1008 2912
17137 19544 10804 1563 11954 10958 5542 2007 11730 1401
9755 1306 19583 19582
18438 11542 3887 7586 8382 14065
13191 2754 17042 214 11292 19737 11542 10472
8626 8028 4962 6133 9687 1902 4585 12533
11807 10804 15221 4809 10292
527 3296 7698 15911 18303 1372 13191 18303 17742 8928 13048 4860 8386 304
607 17816 11542 18893 1901 10706 11416
14519 7585 278 13638 18877 16701 12582 11236 5326
6775 12873 18730 15283 7319 12725 12707 13591 7319 7996 7996 10895 7833 601
16760 11126 14139 9926 17680 8835 12865 14139 15319 16999 11606 602 10402 1669 2988 5410 11858 14139 7526 15496 577 3870 19568 1341 11127 11610 3082 3597 7654
11499 15798 19547 19583 10618 10402 14118 9433 10937 6670 1468 15787 5410
15723
19365 16760 19737 18123 10317 10046
10961 17113 2891 6557 14259 12153 7586 10895 9072 18716
16792 11315 15283
18438 11542 7530 471 7530
19733 10804 10317 7136 17742 8627 16524 11606 11807 5693 15278
11606 1982 3220 16929 10937 18227 2229 14921 1982 527 1982 16760 11606 5115 5068 5693
947 3964 11770 6174 17718 19654 14666 6128 15173 11542 12536 19571 14474 5692 14430 17066 6985 6812 14465 6174 17718 4248 16258 1232 3783 12058 9594
19520 19060 16813 2075 3604 7588 8430 5445
11766 3684 19418 6993 12252 16737 19060 16813 491 2754 15398 16964 8430 6787 10317 18032 13115 7608 7607 14940 6174 1000 13763
17566 15290 12490 5068 17534 19459 10899 15324
15289 9803 19520 10290 16503 3082 7492 11482 7303 11482
10317 7190 12601 7894 15131 4068 3544 2751 10528 12130 10644 17549 10278 3221 16701 1566 4547
15289 13859 17889 911 2912 9129 1899 9004 4985 9675 8417 10821 14823 10943 10976 9674 1958 9963 3046
15406 17816 10414
15454 6771 7633 9213 15143 6262
254 4420 11542 1982
5922 14474 6174 14429 1907 12726 15221 1202 8805 1497 19737 7298 7806 8784 3082 7894 18213 1583 12865 8980 6216 14239
11514 9800 19145
5349 15217 9687 10430 19053 4133 3446 16553
10482 7129 9857 12278 467 4220 13308 6804 13856 5910 11542
10577 17595 16744 2675 14428
7592 19131 11416 7680 17608 12276
4165 14081 11542 19226
8240 6128 13303 16760 9983 1982 9715 19138 13940 6852 12 11292 19086 213 8627 10278 1620
11542 345 11292 213 8627 13220
9756 14433 6643 4420 146 8627 11808 5696 16029
7319 10359 14148 14059 11
15289 15409 10317 13316 12865 14234 13887 10317 2367 13983 2593 15409 7997 5433 11573 19164 10472
13303 5520 13627 19418 10537 11542
11542 4202 14118 4202
13341 10804 12865 13407
6174 4860 15375 17816 19136
2317 13191 14139 1643
1982 19136 13825 15787
19069
19069 7979
15787
18032 16719
10558 10762 16914
17982 1643 11542 14118 18099
2939 16317 1643 568 15432
1643 5075
9871 11573 16701 10644 13907
18101 13291 4022 5523 16889
5803
11542 12197 16261
11606 10317 17854 13714 5412 11542 18155 8116 7747 12061
16760 9133 1643 11960 14150 13443 11542 17040 10382 12300
16257 16701 17939 213 8627 16518 6193 13342 12439 17854 18198
7977 11416
7977 10323 5520 19541
7977 13652 18317 15557 3307 13235 7129
11542 14174 4704 2987 13407 1989
8037 12032 12078 5520 2125 1626
2754 14569 1341 3220 2902 9756 15407 10317 596 8028 4396 10804 2269 17281 11606 3513 6771 14180 12276 8243 17499
8626 16596 19145 3413 19549 11606 10473 16824 16760
14051 11542 6677 7271 6175 19132
2902 2754 14566 15170 19132 11904 12716 11542
8240 11818 17680 11542 6804 5916 15401 6947
10472 11542 6675 10317 12276
4985 576 2475 19737
11542 18210 16760 19060 16813 7977 4812 9699 17946 17501 3645 8685 7833
6478 18210 16760 16257 10644 2013 8900
18770 9183 7747 11542 18716 16988 6562 766 15091 3778
2754 3130 18716 19737 9800 15468 18716
7833 11043
15283 7822 10709 2048
19520 2474 6548 8643 18805 16264 10684 5445 19060 16813 11606 15584 5517 441 7587 18462 8855 19060 16813 2803 15289 2474 6693 15922 3774 16737 19060 16813 14806 6771 10472 17830 14474
19365 18770 6348 8685 18053
11416 2481 9879 3620 13593 2475 13319
5988 527 7698
10861 9930 7403 6787 17289 6807 13967 6072 13243 17978 3975
7587 17830 10402 1643 17380 6368 8895 11416 10837 8643 8685 7833 2527
6562 6357 12337 9756 12276 3663 12929 19142 11573 11904 7299 5969 17816
12337 11542 1486 6592 7526 2310
7698 13191 2754 7526 10517 2310 15221 10700 10073 1176 2939 5985 2931 1474
1176 146 8627 15170 16596 10480 19136 17854

429 5985 19488 14433 1173 16371 13191 146 8627 11542
4966 2803 429 7822 10684 3082 7822
19005 344 19488 5388
15169 11542 19520 19060 16813 17683 7822 10317 6198 15173
15169 10523 12682 11542 11542 7701 127 5075 15283
9871 18985 9871 3082 13191 11540 6141
15283 4057 17720 14139 14139 19179 14448 5075
10317 12396 8791 12276 9756 10519 11726 19541 596
17683 11726 19541 15733 1000 1498 10644 11542 14411 14139 7698 11542
4309 15699 18031 19060 16813 16719 6268 10700 17934 11416 6592 13007 6513 18605 6228
4986 527 17946 10318 10519
1965 12707 11542 19145
14052 11542 3612 6010 19737 5100
19520 19060 16813 10706 19545 11807 17499 16760 12934 10317 9687 1901
9687 8338 14878 11383 19379 10278 2984 5882
10644 17934 11416 8836 5211 10097 17274 442 5520 11623 15584 12722
14148 12030 6422
11542 9687 10339
19302 19087 11606 19087
7828 10278 10228 10143
17122 11542 6765 7299 8707 2474 12889 2047 8338
16907 16976 16755
16907 11127 10370 16976 13716 5517 18721 10706 9161
10519 17816 16353 2754 7526 14729 7526 14114 213 8626 17967
6478 1643 6771 15284 11606 5907 13611 18721 6099
8685 10480
15046
7927 11858 11133 1171 10317 3082 11542 11203 15732 17136
7927 930 9926 15818 16309 16208 14998 19583 11542 11203 5690
8821 2138
10861 15289 10898 6771 10703
17816 15410 6583 1000 6348 16380 10414 1002 10700 7126 12485 10097
7526
10861 9756 6816
19520 19060 16813 5065 525 19656 19609 19302 13407 473 2754 7436
3712 16208 15818 2317 12865 16755 18675 7636
5862 9835 1377
11599
15289 10700 11542
1471 6771 15577 6533 11073 5016 7469 18795 762 9634
16294 5098 5153 579
13536 12043 2912 4232 6520 8784 13888 3936
17789 15180 12804 17795
8572 19248 9346 4810 4093 19060 16530
1758 18909 6228 12565 11438 11096 1591
6771 15409 7814 15584 5517 18721 15060 6557 10223 14129
8116 19136 3189 5552 5553 1889 3082
9228 18895
6771 15962 5542 19266 5075 13298 568
1758 2481 10245 6771 10709 10804 10247
8570 15410 12196 11978
