452
5810 16592 10936 4475 12882 17043 13289 11542
6201 19086 11542 7822 2912 15552 13841 18954 16371 5711 11203 6174 10013 17422 12414
6201 9005 6750 15221 6291 6926
3630 11542 3422 3713
19654 2058 5309 1274 7822 527 5711 13918 5457 1620 16760
11828 2151 4552 1498 5247 11919 252 19725 13568 6554 9633 6939
18959 10644 16760 14118 11542 7676 6204
12504 5810 19603 6193 12860 19136 17608
10077 2364 15175 16462 852 16460 1643
13182 533 2739 5150 13443 13200 18722 13538 6787 19725
527 4850 1643
10350 5810 15383 16607 9637 7132 15175 730 524
6685 3031 10081
28 11292 10278 11858 7526 1620
14063 4791 3031 10472
1974 17304 10472 19647
10936 4475 774
7585 34
13538 10556 15284 299
5466
6520 456
14421 4312 10640 10953 10872 13296
11542 1169 12154
7526
999 5810 10233 6198 13128 7585 7199 6201 1203 999 5985 14568 6198
11282 13283 4245 11807 8309 19353 9041 6586 934 16364 7210
17946 8841 13477 12198 12620 13065 1869
10453 3663 15496 4265 19365 17679
19131 17816
9756 19136 3461 18438 8589 8784 11760 10104
12318 6966 7435 10233 6198
10104 10999 18383 12865
13283 1361 2083 8444 12157 16100 5985 10644
9045 19353 12865
6693 10317 8452 8215 10262 10730
15911 11542 17616 7228 17881 11542 15410 16701 13159 19087 15398 3239
17720 1982 6338 13182 7822 533 15221 7698 15268 16760 10804 6816 5851 11409 3780 9997 7228 10936 4475 4536 5927 8312 2007 19164
12226 9637 7132 12276 18917 934 13941 3691 19136
17680 11537 923 13941 6592 12596 11606 18438 7680 12799 3422 1474 13941 4856 4973
12023 8396 14196 5810
16261 13910

15228
12598 14763
9871 1757
17679 11807 1219
11807 1367
10151 5810
7979 19426 13824
579 11807 14116
13591 10700 13591 11263
17513 10358 7822
7654
947 2427 14311 8784
13907 5810 19418
5910 10537 17304 6072 10537 10700
5810 19453 13906
19136 12598 14763 7654 5810
18716 15229 12407 6562 1982 5985
8558 7698 15852 7698
17683 7442 1643 14671 14139 18448 16760 15852 6022 19418 18438 5969
16371 5711 7698 527 10936 4476 11997 8382 16568 13191 14886 923
10123 9997 2058 10936 4476 3344 1643
934 10317 15410 10644 6082 6874 12620 19278 13856 12298
6365 16332 16618 934 8310 3774 15306 1907
5075 6836
6193 11542 13831 7682 17982 2184 11247
14718 4910 18213 972 533 15221 16486 4074 10396 13856 5683 15371
5349 9828 1377 16583 19115 18268 12197
10961 16100 11537 12707
6339 1120 5538 16583 19115 1176 5178 8438 7513 10575 690 6026 13656 19601 11349 6183 8450 6771 10709 8701 12337
10575 13856 12754 10472 17816 771 7373 6562 6562 1568
13171 12226 13171 10700 5247 12 5810 16515 9800 8570 883 7585 2190 7343
19418 7082 7811
5810 14291 8791 7343 10480 10317 13333 17137 1626 16760 10278 5640 3959 10278 5810
12681 17883 10278 10706 17683 10278 4946 5068
18969 15268 5769 7698
17453 9374 9119 10317 3207 1456 8685 2396 4530 18684 18864 18720 2699 4442 7822 533 5769 16266 5649 13443
934 16897 527 12889
4944 10537 16760 16267 2317 9988 5850 18494 18463
19603 19145 6194 10323 15268 11573
5970 6771 13182 8104 5657 7022 7698 2902 17720 13740 10917 6675 12396
10837 15409 15150 5644 11126 12865 10406 16332 18314 6787
5615
12128 17978 14165 6141
15173 1965 12276 7585 14125 15496 8102 7343 10112 7874 14129 15409 7585 4248
14020 5769 16325 732 3638 19302 16619 10511 1065 9756 6693 10317 2151 19089 16261 16325 731 6174 9438 3751 13150 6771
7698 19136 11247 13856 5985 9800 6771 6549 6007
9650 11370 19164 14490 11084 9709 10097 10451 14998
16665 1796 14139 7698 9633 6966 4659 16701 1288 15797 7756 4939 3515 8252 17449 4571 14786 6966 12865 10013 1849 15193
16371 5711 7822 9637 7132 9756 7587 975 1907 8252 2624 12888
7136 5971 11542 4610 15269 11542 7822 3220 7224 15152 11904 6635 16145
13617 17422 14139 13856 17889 1907 19583 2754 15398 6218 13499 4547
2353 8725 19418 5910 12276 6635 3082 6174 17718 19418 8167
5461 11542 2912 1013 19649 1013 12618 11606 11247 579 1746 16766
12897 12932 7271 12716 15215 10454 14149 12452 7119 2321 7833 17113 13235 14306 14059 11573 19136 10171 19088 1013 15938 6635 17946 5591 13155 14110 19138 17816 1013 17816

533 1013 15268 13235 18891 7585 351 2527 11863 8860 10245 1013 1906 2754 16266 12555 11573 4598 11410
1550 11542 7675 11542 14947 1758 13529 4022
13477 16760 9279 947 15268 8784 1907
17720 7132 11542 1643
19659
7132 7587 18730 16899 12888 19365 11542 14984 19164 19164 11606 18936 533
7592 6717 2675
15406 11573 7022 7496 7962 3111 6141
14139 12240 10005
8503 13265 7962 10537 11573
8433
4475 9188 14878
13443
9183 2730 8215 11542 14139 8508 13044 15991 1482 18004 10278
14295 19088 6107 5640 3372 14502 11159 16332 16618 4406 4547 18324
15033

14718 7526 1965 11030 18126 8891 7526 12030
16312 6530
19049 8503 6177 5005 8116 10264 15830 12240 12240
11606 15170 5810
19136 18043 6339 4610 6010 15268 11542 5810 9756
12030 11863 17544 16761 6852 220 11245 10233 17683 16261 7698 16371 5711 7698 528 7496 12504 7698 11542
10317 13407 15656 4051 12888 12276 13169 17136 13320 18914
17032 5810 11247 2180 11542 6010 19418 7526 11424 19603 12276 7654 11573 6007 5810 16701 13454 4610 6335 2007 18299 18273 13443
16701 16233 316
11542 10396 12276 1965 11573 6183 19138
11899 5247 344 6339 11606 14139 10317 5247 344
429 2183 1568 6771
947 16371 5711 7822 16760 10350 14139 7762
16204 9073 7903 4458 5023 16258 10317 3844 5376 15398 7343 16607 5790 6174 9457 10894 14397 6377 19187
15398 18137 6193 4133 5640
7747 6031 5203 19573 8542 19035 14139 5969 6771
8643 10317 3315 5810 2349 8167
7822 8792 8699 376 4762 5640 10618 16332 16618 10157 1893 13283 5143 3981 701 8824 15005 15268 533 6939
10519 13738 17680 7680 16201 3864 17950 2592 6771 3911 10123 10936 4475 7530 13235 13235 1604 6476 12150
7006 17128 533 10402 10644 12396 3767 6680 10317 19132 5719
429 17138 19649 11829 2152 8504 16778 6174 13957 15161 10402 7576 5604 10244 4828 3082
4475 7586 10402 9637 7132 13163 18919 11203 7299 19136 15398 12501 13152 18314 10317 6201 5803 11203 10938 2151 2832 10223
5810 13557 10700 14118 533 11542
14601 12396 10644 373 7108 14280 5694 9803 5856 17735 16923 3296 1008 17680
15259 6730 11573 6361 15262 17645 17816 15259 6730 6787 19379 13841 6006 5810 15375 2902 10706 1965 19164
7822 481 3021 18722 17830 11807
10936 4475 565 7698 3975 2836 10691 1667 14882 15429
5810 6741 4684 12276 1965 6787 19723
12276 19601 15268 6942 6183 15410
7585 18073 252 1175
3190 15878 13269 13191 8495 17231 3152 17385 1982
17680 8102 9756 13171 13283 15343 934 11573 5075 1203 6812 1171 5803 15742 17679
6585 18554 12865 3597 7654 13171
19365 18422 16204 8388 17456 1531
12276 19551 18721 4398 13283 3193
15722 7680 5640 5810 7526 15771 7526 19302 16760 11812
8396 18048 3375 17447 7529 8735 19164 12 19725 12240 3187
8254 11080 3188 16065 10432 11657 4144
2556 15284 10074
11858 15410 9637 7132 1643
7822 574 2754 13523 1643 11010 7491
18317 10171 19449 13690 1171 19190 13712
13677 8892 16198
10936 4475 19737 15800 8821
12865 5640 13111 5810 4880 19131 10013 10937 8627
19131 17816 11416
19418 10056 17816 19136 10936 4475 11542
17816 16744 17110 10262 8503 6797
14588 13343 6764 17513 10358 17584 2754 13343 19211 7585 12337 5542 6478 15830 14111 12429
17854 18314 10171 19449 10262 11573 13171 13343 14666 15173 2375 1173 5542 568 5078 19573
6193 17679 15073 6255 3719 11979 3756 8227 8839 9149 4138 11292 6174 9950 6464 2183
7846 7163 6001 2396 16595 6108 2396 4467
13220 7163 14431
7576 6562 12026 17742 3719 5016 8839
6852 4357 4968 11623 2504 2260 6174 4357 19058 10064 15425 934 10244 15886 3756 15410 11542 13664 12276 19723 10961 2323 8784
9637 7132 19132 11542 1758 19053 12707 17718 13657 13831 13770 2466 17816 15319
15170 11606 11542 19603
9756 15169 19132 3774 6992 5440
11542 16601 13364 7822 7176 5927 13443 4822 11126 15410 762
10961 7585 17742 18303 7769 7822 9349 6478 16461 12345 10706 19599
11542 7476 14118 4249 4304 8685 3796 16204 2134 11588 18005 15259 6730 4440
19545 5347 18214 1843 13507 15398 8503 13569 13364
15046 15398 19365 11542 9067 8503 6990 17890 12276 11542 19599 18217 12276 19599
11542 13641 11127 11127 8493 7343 19418 18716 8685 9871
5274 13964 18355 6812 3717 4398 15830 5005 9983 7034 14568
4333 6237 11389 19583 11389 16204 14139 15199 7343 1559 18716
17598 11094
8570 6201 3047 1982 5810 7822 11542 6236
3562 17305 3879 9239 708
8699 405 10700 19583 1982 1698 17559 8167 18005 1120
6154 14385 12932 1904 16261 5131
6072 15064 13110 10999 4236 18221 7343 17456 2754 9236 12887 19737 6474 10414 10278 12817
7822 11542
12234 10519 11352 13913
10317
15268 11542 4442 6201 14125 10453
5910 17718 11542 13443 10706 16371
9756 10317 15398 5810
11542 14139 7822
5971
1806 4144 15410 1982
934 11334 3846 568
17816 7526 5851 11573 5917 10317 12058 9756 19138 17720 8681

10317 8823 8167 11542
17816 9756 19136 9711
10539 5247 344 10481 7129 13485 10698 5101
7698 11542 6454 1761 16760 10350 6249 16371 5711
14139 6685 8626 920 17233 2311 11
262 8627
13172 2677 19044 1208 17548 18278
3847 2474 5247 344 1649 16325 732 454
9637 7132 10537 565 12276 10129 9756 2058 12707 4995 4138 15841 8270 10480 19365 13128
10936 4475 11670 5818 16591
6339 1982 7747 165 5810
2912 1643 6478 17683 7132 4475 7442 7698 12889 13529 7698 15319 3163 17889
9467 17939 5810 13283 19654 16300 19179 13191 17040
13191 17040 6292 13529 14998 11229 7113
19612 1231 10402 4241 12397
11542 1306 13529 2317 6348 9756 15902 6006
9637 7132 7698 10481 16899 19092 8946 7698 751
10936 4475 933 7927 17992 533 15530 11884 9984 2180 16530
14588 2912 12231 12030 1643
5810 4117 15779 1982
285 5810
5971 1757 13477 8643 3560 16332 934 15161 5640 11606 8121 2583 16332 3561 930 11010 15161 12865 5640 17456 9756 18721 11030 15722 18735 5910 6746 11291 11542 15504 6852 13110
934 11339 11670 17057 13692 6107 5640 15954
7654 13975 3039 13556 3422
13256 7052 3561
14849 13645 1314 3315 8699 3975 4267 14849 9283 8685 12210 10453 3314 1315 14849 6174 13466 13554 7301
18339 7698 6771 9984 1274
15170 11542 5101 7585 4250 4862
7799 6339 6812 19145 3314 9780 13057 16332 7586 13528 10429 5496 14998 11416
14718 12865 1643 15557 2740 10617 16332 16618 6562 6562
13283 12865 5413 10644 16627 5640 10482 6046 14718 12865 8224
11542 13588 13754 11127 7680 1626 16298 9034 2902 11236 16410 7530 19278 17982 5413 8215
7586 15410 829 14726 1321 16332 16618 9756 17680 8265 10481 2862 1306 15623 8215 17501 10383 13776
6540 15268 6557 10472 2754 14416
15410 1643 15410 7698 15410 10278 3054
5810 10278 3054 11010 7698 18228 478
15902 5810 3344 16868 17057 5790 16332 16618 5810 9029 13283 6198 5640
16760 15847 429 8589 17680 19737 4516 11409 15787 7614 8685 13957 2789 15455 1483 10163 8675 3344 5274 9213 14477 4031 4922
7585 5810 344 12882 11542 16824 8860 10123 13641 12994 13913 6562 8928 18966 5707 12414 19609 16760
11542 2754 9350 12994 11463 5038 10933 122 18745 18819 2087 15001 6141
19603 10480
19136 11542 10700 9716
18896 11542 18307 12337
12276 15837 17720 11829 2151 18228 15787 11542 14678 9073 5084 13134 1843 16292 4910
1120 15837 7291 3378 19145
9926 6677 19145 11542 11829 2151 18722 4639 18722 5247 344 159
9756 9396 9637 7132 10936 4475 867 2394 19421 6729 6563 17298
15656 4051 3048 4106 12934 3068

14148 10318 11542 698 5810 19189 3315 1926 10406
19654 19145 6335 11606 4905 4084 11730 3082
10895 15258 6721 6771 2575 10481 7129 12276 10936 4475 7698 19136
16595 6771 15557 7822 13036 9252 13191 10000 1746 7822 6771
10472 17686 784 7072 5910 13529 11606 16595
6771 6693 10317 16596 7698 12596 12376 2583 3393 6801 16278 1843 15012 6693 527 8732 11606 8103 11190 6771
1465 5851 5910 14426 2159 4976
8125 14118 11077 15221 5985 7043 579 10317 10417 5810 18299 13529 13283 16766 5910 10171 17686 5910 1879
13332 16371 5711 7822
11606 4197 12276 6771 10171 17686 17909 4344 12128 3702 11389 15268
6675 2058 10233
8382 8577 6771 5078 13538 6771 16583 13389 1401
5916 6677 13443 18537 15375 8028 10171 18896 5098
533 12231 9756 6675 18856 9276 3082
9637 7133 3068 15580 18453 6771 6675 13154 565 19488 707 6771
10936 4475 7698 9633 12221 11514 7530 5810 6693 2058 19179
10684 16574 12429 15073 9948 15656 4051
5094 14878 5016 13538 14882 7086 565 19145 11542
6852 15169 11542 16878 8784 7680 10317
16298 10317 10936 4475 17718 7347 15259 6730 11542
19731 1874 19136 11542 10556 16569 6337
17137 15895 16257 5716 16760 6478 10936 4475 7698 14878 972 19164 16371 5711 8915 14118 6047
14139 14139 5971 16371 5711 19575 12885 10245
13664 19164 14125 19164
16371 5711 15398 11542 1965
11542 13529 7698 6236 16371 5711
16760 14139 17140 17718 17005
15073 5626 17137 6478 7504 6001 15215 19488 6814 2317 17982 18537
1982 17720 19601
1643 6478 7698 17136
2832 5247 344 12276 2058 15169 18043 6852 17816 15073 12865 10537 5247 344 19418 8167 11542
12707 12865 9926 18210
10539 11542 4889 5247 344
11542 7822 6201 533 17759 10084 8520 15033 11409
16760 11542 12597 6675 10317 17680 18578
6174 12695 10317 15268 11573 10318
7698 16760
7698 11542 19164 1982 5247 344 11542 1367 14296 11542 6693 15146
12157 16760 17899 14718 12865 7530 11807 12429 16999 13385 3977 14849
16701 7822
4475 1575 17720 16760 10350 4013 5970
10539 18886 16371 5711 533
9815 5943 19145
10644 6675 1070 11538 19086 8309
11538 16197 1371
9637 7132 10335 14878 4475 12483
10318 15398 3068 4940 10402
10961 16760 5810 10644 19086
10537 7698 15268 11537 19603 19145 11463 10228
5910 10171 17435
13529 16568 7698 7017 18851 1643 7017 13046
16466 852 19418 18227 17718 751 12240 16760 4091 18477 5791 14990 10894 5972 10278 12429 4882
13529 16784 7129 16760 2188 6443 2373 5470 1982 10278 5917 7588 12429 7526 10278
11335 17718 10317 15393 15409 11340 6027 11792 5910 19318 1828 4202 6198 1879 9803 1456 6974
14118 3287 13046 7526 3044 8643 13529 16568 6939 17683 16760 7696 10155 15732 1571
10062 11904 19136
6771 10482 7129 15401 15911 15169 5247 344 5097 15496 6273 19365 8610 7822 533 15221 9375 19192 7747 18303 17782
6771 7698 11542 13591 11858 1849 12397 5247 11919 16914 16760
12090 14834 8553 16760 15268 6939 1363 6771 13856 17889 7698 533 8338 10684 10740 10936 4475 15656 4052 1643 7977 16726 19365 15787
11333 9637 7132 11203 17304 1568 10402 15319 17816 10233 13856
12504 7822 16045 6011
10936 4475 7822 11542
7822 11542 13191 533 5985 9800 5943 17771 19365 6771
3375 19164 10480 5613 7496 12276 6635 7498 11028
527 3082 5349 2916 17720
9756 15221 405 7526 1456 7576 5604 10244 10700 6675 3845 15922 11406 9844 9756 9928 10684 3068 18018 15382 7894 19486 7756
13132 4406 13506 3375 3663 13191 17628 7698 2279
12504 7698 11542 14196 1171 10550 533 10961 10936 4475
3346 14718 12865 7526 6201 2754 10406 7082
13283 5361 4578 10417 16084 7927 15947 13497
16760 17310 12707 11792 7343
7698 6338 13283 9365 14718 12707 19583
10519 533 7526 2310
11884 5711 11884 6750 15221
18604 8229 13389 10637 7698 11542
6501 14060 311 7585
12725 4154 6362
10317 13861 6328 8685 10317 11997 17679 5349 6193 4547
16760 5607 12231 11542
19083 533 11542 19488 11606 17686 19136
6771 13856 17889 19733 5971
7680 14774 1788 1063 882 9756 10700 1788 1063 882 11542 7959 13836
3047 5810 17849 10910 4475 6694 1057 7382 9983 11030 2832 8835 12383 8155
12226 10480
1788 1063 882 16760
15073 5626 5969 6771 13856 17889 11599 4475 17022 14878 1643 7979 17019 18296 13389 8720 4479 5244 9188 2317 579
13182 6995 2223 12725 6387 14946 533 10700
6771 7654 2677 5591 19603 10480 15398 10151
17057 5098 11542
6338 10519
18981 19573 11542 9857
10376 7654 18981 17771 11542 9636 7133 454 5238
10537 11573 565 17515 2058 4292 15895 17680 4085
12276 18981
15895 6882 11812 4085 6771 8464 17610
6883 11352 10517 15942 16766
10936 4475 9027 565 11352 17304 1568 12888
9636 7132 934 9027 565 10402 17680 12538
5810 7822 6771 12490 16371 5711
16760 17899 12234
6675 12740 3082 5910 3158
19138 11542 9756 2317 10396 5098 533 12725 5731
6771 17978 7822 3603 5075 11829
596 5445 15221 10999 15573 16593 16266 11818 19164
6771 7624 3797 18099 8688 8231 2832 16889 7136 19406
12276 6787 5084 18101 7343 5449
10317 19061 6255 19061 19164 1982 10804 19171 10317 14118
13235 5810 5098 19046 10317 18303 19365 11450 9756 16760 6276 17683
15911 11406 5649 6685 1370 19142 16069 11542 14452 12276 5098
11542 19268 6010 533 6771 2754 9800 19145 17813 5910
10317 19164 15557 13688 3082 11657 13916 12596 16760
8643 12030 2754 10142
15862 17628 9756 13120 13283 19418 12276 4547 6750 14718 1825 11606
2320 16261 10069 17109 11542 947 18155
6675 17987 11538 3847 10684 3082 3188 14359 3188 17216 2846 18184 5917
15337 7698
11606 18932 6771 16266 18578 12337
553 11573 11606 18932 4549 14051 15854
3787 19136 19086 5969 7299 14733
6335 12030 13427 17723
12058 15170 1643 6338 19599 13170 17137
7526 19659 15173 8111 11542
11024 1851 11606 7343 1035 14599 2223 16925 10245 14460 4469
14139 5640 15642
18314 17456 7343 821 16583 18130 14487 18091 5640 6249 3796
11807 16332 16618 19583
934 16618 11858 18155 16744 15823 4475 19737 3486 7586 6174 17899 3630 4672 7851 2931
3372 8494 2183 8215 18414 1393 19737 2396 16701 7303 2479 1620 13171 1643 13191 11537 146 12865 2114 4578 19615 19737 7977 6174 3422 1907
7654 19043 3597 18278
947 19046 19136 11542 6183 15911 7228 15794 18043 19138 5247 344 6693 6225 8572
13191 8495 19365 10157 5640 1321 16332 19486 10937 11292 6448 17288 2058 11723
5252 19145 6771 5711 7822 17771 3082 16267 13286 4940
15408 1643 7979 18270 10315 3082 19486 15380 18402 4973
9637 7132 7587 7698 12888 838 1965 10936 4475 1643 7979 1643 7698 7698
12092 14196 19145 6771 7698 8784 6335 16889 15410
3679 5247 344
9756
19046 2152 11863 6771 15911 5247 344 5098
972 7352 17771 15773 16618 18213 1833 14588 13011
12276 6010 17680 4872 10636 18810
6335 14139 19292 9400 12157 7680 7822
15656 4052 527 16486 3068 2480 10278 12276 2548 10315 18917 15410 10472 17816
4684 13289 11542 19136 6339 10278 3054 14649 16408 4138 8627 18213 6007 19086 17124 7822 6771
14718 12929 8227 10634 1595 14449
1443 10700 11416 12897
1590 7654 16332
1589 5646 2583 7999 5640
1588 6674 2037 5640
3368 19649 7943 6553 14718 12865 11858 9930 13283 12929 13283 12865 11158 7403 8116 19578 4610 3360 7698 12865
252 9756 3021 1575 14588 9003 9637 7133 12888 9988 11671 10932 18915
7086
6026 3484 17152 7999 12276 13110 11992 7925
6339 11606 11542 3766 7654 8738 14139 19087 19136
19318 12955 3612 11863 11573 18731 18584 18481 15410 7698 15259 6730 10472
17718 5810 10519 533 15221 16701 11606 15259 6730 6771
18959 7343 14125 7871 6771 7442 6677 8104 14139 8102
5810 2474 6771 16266 8116 19136 6478 10700 6675 5851 17683 10835 10644 11542
10317 15259 6730 533 6554 11542 8396 14196
5810 12276 17816 19136 11542
3774 11542 11863 13191 19145 15268 11573
16760 11606 13389 7052 2931 6193 15217
12596 11542 17982 16069
5810 15798 11542 16393 16899
533 6194 5349 2474 9633
11573 6974 3894 5942 17813 5910
3396 17058 7291 533
11190 12707 2317
11573 10204 62 8658 16701 7526 2310 10804 15221
7654 19136 12276 17816 9756 14364 15398 1120 19583
19418 15530 5810 5640 10868
12596 6592
9756 10317 1497 5969 3396 19365 16760 11670 5946
12507 17816 19136 14201
11828 2171 13505 5810 5247 344 12707 146
13477 13529 15895 7343 5640 7529 12546 14718 18106 16332 16618 2721 5810 10406 10617 10278
5810 5075 2171 3225 19164 16197 11127 10884 6010 18968 8945 533 5445
12030 2094
5067 6816 10804 7822 568 17758 13191 18210 2145
17679 17544 11383 6225 11542 5247 344 15651 8791 604 2013 2570 1982 2912 10515 10317 12397 5707 5247 344 13408 6174 2058 12548 17830
10317 5810 9756 3699 2145 12276 165 1965 3017 10903 10804 6339
18960 17621 2149
18213 1230 6781 18228 17499 9608 3252 17314 8643 7677 17946 7814 18932 10607 10683
9926 9871 11542 10644 19488 18932 17199 13627 6141
1230 18966 4910 5969 17720 16258 15165 8691 8643 2754 5349 11986 10787
9926 3245 3245 7095 11542 11573 3921 6526 14439 15063 15398
18713 12695 17304 3193 15398 11542 3925 11606 18932 13627 661 15949
5969 17720 3245 8243 9926 7093
9926 18314 6771 7677 6562 19659 5068 18004 10515 19164 9279 13477 10740 15165 8691 5141 8128 17001
18713 8503 16744 9005 11606 18932 11573 10233 16760 10123 19164
7585 233 16593
6010
1965 19601
15170 19618 1173 7299 11904
13191 7698 13443
527 4610
16371 5711
10936 4475 10936 4475
16568 12888 2355 18314 11542
533 15221 7698 1643 7977 13529 17992
14139 1907 11542 2754 18721 8860 2754 7526
686
14139 19086 15398 14449 5591
2754 1982
14139 15268 3134 11863 16583 18130 4518
12504 7585 311 12 1604 7769
