379
9756 15410 10056 11904 972 11542 7822 12889 568 12717 12258 3457 7822 18730
13011 8857 7822 17109 7698 3220 10443 17110 568 7698 11766 7822 9633 7585 7822 16233 1746 16760
14718 5856 15895 16760 12381 12865 1848 6422
7698 14498 16197 5015 7174 19488 8272
15895 1833 5716 10317 7698 7210 4378 10709 7822 5157 7291 17385 10658 11366 19138 6174 5851 9926 1748 18210 16760
17122 12276 17948 17947 11573 6183 15410
568 983 16760
15902 6201 12882 3589
6771 10130 6787 10317 5771 10740 11606 19394 1497
17865 15170 6771 14139 3876 14251 14065 15577 6787 15409 2058 18489 13856 10245 6771 947 1173 4298
12942 6771 1518 13154
10684 3082 17137 2474 12888
15170 568 14139 13159 6771
15398 7173 3457 16813 17137 15401 19310
5856 15798 10056 15528 6771 2474
12276 1965 11573 6183 15410
19399 15398 213 11573 19221 1540 12748 253 19725
15173 12276 1965 13941 16609
7210 11542 16924 17867 15902 16384
16766 9402 10740 4283 467 19399 12735 1568 6812 618 8309 14522 189
11047 18568 12865 2832
527 12258 17248 1013 11599
3457 1965
11542 6201 19086 11542
3686 16385 7319
14998 15398 11542
18303 13555 568 11670 14194 19365 8610 1565
19618
568 7585 7698 12889 15337 11542 18339 14730 3380 17551 17255
1171 12684 10787 4862 17261 18796 7125 1300 2850 6193 8858 3615 14567 10958 11807 10223 17261 12429
6781 18067 12004 732 11668
2848 15490
2075 734 3823 6193 3378 13371 18936 14035 11657 6174 4484 17114 14291 5743 12987 18894
11606 15902 1338 5481 12987 10317 5324 13159 1819 8018 2854 1222 1889 646 4536 3380 5615
7353
13256
11214 1023 17830 19164 10472 9756 19137
15169 17865 14139 15967 16766 1120 3604 5445 19418 11831 10700 10406 16760 925 3082 6675 5856 19418 10700 10073 17720
11084 19659
10537 19164 7173 3457 12258 17248 13152 11542 11766 7698
10408 6193 15375 11542 10317 10278
2730 10317 5493 12987 14118 3082 12058 5910 11542 19545 7654
9871 5850 11542 7477
6201 6335 7822 11542 16760 3082 10084 4266 17526
14314 15401 11542 922 16258
1230 7822 19573 15398 6771 10644 17304 3879 15401 7210 11573 8955 12337
5969 11542 6193 7167 4442
9335 11884 11542 10740 19310 2849 9144 10278 2317 10278 10740
12889 14139 7698 2902 12258 18484 7698 7586 10402 6348
10804 8712 15221 6771 12504 3394 4822
14148 7585 311 4656 5985 7526 9926 3082 10961 10402 15324 17816 1965
934 5917 14139 15148 10171 2058 9011
12504 14314 19145 9335 7918
19145 1833 6771 6693 18303 17680
15636 13568 10120 1554 11963 16367 6787 6273 19187 6787 5123
6771 19583 12485 18337 18717
1176 11606 15170 6771 7526 7698 8998 19145 18043
16929 10937 1407 13235 6771 11807 17860 5526 17435 10644 14111 16963 5023 17595
17830 15046 934 18689 17771
9756 10546 6771 10958 17772 2967 19443 19145 19488 16963
19136 15398 10289
19136 6812 7236
19136 8239 972 11657
19136 15398 10406 10278 6174 17683 8116 16266
19136 16701 1909 10278 19547
19136 2310 10278 17683 13235 8570
19136 16746 5972 15895 17680
13191 15902 17758 527 19275 10040 1011 6431 7698 8714 13220 7822 4568 6076 972 11657
2837 8643 19138 11542 6852 17816 19418 405 9800 11247 1833 11657 10706 6174 5023
19136
11542 7698 19138 18290 18303 4549
7235 8542 18210 11766 16261 9573 13332 19164
2007 17136 11812 10519 13332 3648 19086 11332 12276
947 10958 17683 5450 11542 579 19098 11542 10430 7698 8707
18045 682 934 5588 17869 579 6852 13856 18716 19136 11542
934 7210 11542 11999 3612 10519 13332 6337
5649 12575 19486 9756 6852 11292 11542 7529 17982 15666 10473 11542 10060
18213 6249 7210 6771 8395 17631 10537 3604
14139 5971 11657 19278 11542 2818 11453 1748 18210 16760 16766
10684 13046 6993 10587 5740
568 13152 16453 14878 4807 10278 14118 12683 10740 14118 2846
19138 10056 11904 19138 12396 7210
14177 6771 6775 12696 6812 6771 17023 19139 14148 3925 8406 13327 10293 3680 3120 16131 16397 10877
8714 2818 1965 12396 18849 8863 8712 9668 10958 19573 18080 5954
10539
18324 15398 12276 11542 163 18324 13028 12276
19547 6771 14357 18303 12942 11858 17683 7233
12258 17248 7181 3457 12882 3220 568
14139 17987 16299 8544 14357 13597 952 3990 19164 1965 19164 7654 952 18438 12865 18123 10799
3047 12258 17273 3068 19547 19136 4861 19544 3018 12888
3082 6771 10315 16856 14196 11542 762 6676 11542 10423 14748 16889
1120 7822 6771 7210 6771 9067 10644 7822 5667 7626
10556 2570 16760 9199 18210 6179
17580 12929 13154 4013 7173 3457
12258 17248 4737 17140 14571 12888
6812 9335 4860 10151 12414
10077 10519 7319 9668 672 15221
12276 15530 10519 5856 6193 4905 8071 10740 16883
15003 17816 10472
6335 1833 8111 5910
9756 15398 10233 17136 11884
24
13941 14051 6812 13176 5969 7505 11542 2124 3604 5445 11769 9335 18468 14051 1518 13036 6478 16760 9199 18210 12276 8310 10700 11542 9403
7319 17989 17816 13036 6219 15897 16852 12765 11116 1554 6193 12762 11069 1482 2546 8544 14502 14118 3796 12987 5494 9138 18396 1482
17989 11409 18210 1023 11409 474 7057 16317
527 13731 2474 15170 10151 12631 7181 3457 12258 17248 16357 2819 18895 1474
17221 1568 5528 7505 16120 12988 11060 6448 11409 17889 6765 1518 6678 15507
4684 11676 13036
12276 6249 11542
9040 7526 11606 7068 17867 17610
19138 11542 10056 11904 7698
3604 7235 18217 1748 18210 16760
9165 16760 8396 2570 6939 7920 7698 8714 13411
12058 12276 6631 11542
2474 527 6193 12276 11606 15507 3604
14064 24
12276 11542 19136 5005
17598 16852 2912 14412 15501 5069 11542 14063 18210 16760 18303 11084 11858 11134 13882 16813 3763
7173 3457 12987 12258 17248 5493 10700 15938 17806 3031 19365 11542 13151 5892
12276 10157 14671 15633 1465 4850 9335 17445 16577 12221 2902 14671 17544 10311 3296 6141 1965 9711 15496
6675 3690 8643 3643 6771 15902 5971 11542 11606 10472 17816 6119 7068 10028 6771 11606 11282 18896 8450
19547 8259 16760 18303 12865 13253 12348 19059 10278 7101 16854 2253 10417 12429 13226 934 17830 8413 10077 11606 10472 2754 14416
7136 525 18303 10129 17022 14882 17713 19603 19145 2754 10155 6677 7698 5910
18210 6771 12204 16760 10706 18894 6765 5856
18654 7737 16760 2439 4386 1738 15800 8685 15837 14358
10318 11542 8544 13405
3296 1833 527 12490
16760 7026 13882 1287 10481 16258 3612 4825 1626 9931 14139 10941
3082 12987 5493 12886 3714 947 3597 5016 19589
14359 16819 6771 13652 13231 19164 6765 8714
17982 14201
11332 6771 6183 12276
751 19418 6812 6771 12276 1965 6787 15410 19725
6174 17474 18318 19086 15398 533 6787 19418 5461 6771
12276 6174 14416 6771 16962
16760 13882 3944 11812 6812 11863 2840 1654 18127
6804 6815 8950 2763 8439
1881 6554 7319 14359 9815 16402 19365 11542 6026 1497
5916 1497 3333 10531
15398 11542 19086 10073 10519 1230 4944 18210 18542 7235
3044 15398 11550
1965 11542 15410 19725
16760 17989 19737 7319
10644 10073 4360
568 9756 13120 6249 17316 15787 16443
15337 19656 10668 7822 3995 8712 17988
2754 14139 17499 10519 5719 13856 13656
12030 19568 13407 11542
4291 14671 11542 13965 3719 6520
10961 11542 15800 2075 7977 16130 13360 10414 13283 6533 13965
10961 3378 2075 7977 13283
14416 1748 18210 16760
18217 15170 7654 19136 11542 14748 1568
19145 6336 14139 3604 5445 18303 10084
18273 3604 16964 17985 5445 11542 19603 6193 15375 17816
6927
9926 2663 5972 6193 11291
2814 568 1833 15337 7822 15496 8707
12276 14051 11573 10700 17847 3047 4656 9181 9926 8103 11542
19145 2754 10073 17581 15759 19488 6677 1643 429 7698 16443 2754 10073 15541 17680 10278 9856 16257 2754 952 6812 19164 7299 10937
11858 16941 14666 429 12490
4973 6249 10804 18482 14585 6119 1879
3082 6258 6119 16197 3966 9077 16197 3684 10644 5743 8073 7505 17142 5803 6359 2576
12154 6268 8073 18484 7933 1497
16760 19548 17989 19488 17271
18210 16760 10706 6174 17143 1205
9926 3932 11542 14059 12882 12
5349
19399 7241 16993 2642 10081 12262 17273 16477 527 15221
5971 19145 10903
12258 17248 7822 565 4862 12414 14878 11542
7136 12258 17273 14878 11606 3038 18662 9575 5546
4144 12865 10700 15873 6787 17881 3068 9029 16676
9335 14139 10318 6771 7136 6010 17723 17816
3163 18303 10129 19547
13941 9227 14628 16316 7113 6771 7529 2291 5912 12889 10129 12717 17248 19379 6282 9223 4389 2326 13177 313 16306 3349 13371 3364 11885
13961 13269 14400 15971 15941 9668 8156 19234 16115 8452 2346 11542 832 14753 14405
11858 15410 1833 11542
2527 17435 10804 13241 7822 16760
10539 10684 3082 10804 7319 15541 8259 12725 17771 11542 5349 975
16317 11542 1835
10056 15217 9756 11588 16120 5493 9756 7505 13831 17679 15410 15648 6800 11407 17889 11537 1982 17680
16701 5917 16270 13159 9756 10706 17683 10804 1833 17680 10278 3048 10480 10278 11542 1233 10804 17680 10317 1328 3347 11657 11770 6141
17680 11999 14139 10480 12058 9756 18737 14569
14196 11542 10396 10644 486 15942 9756 19647 14666 11606 18213 10539
6771 10741 19136 213 17830 185 8627
17749 12397 8707 16744 19145 17329 4549
3082 7505 19502 12396
15215 5985 9249 8707 14293 12168 1643 3602
6771 18040 12023 934 15800 18721 6193 11407 10278
6478 6771 1748 14118 12942 6179 10706 6174 16371
14196 6193 1497 12929 2754 10142 6771
16760 10278 10537 4458 13593 18039 15800 2754 3047 12943 6348 10956
934 15800 18303 17982 12348 12865 2754 2583 972 14359
9756 11807 7086 13469
13131 19136 7148 17816 15755 12032 7698 6771
18213 972 16760 18303 12865 7174 17982 5016 4388 10414 3630 17889 1848 7233 8309 923 19164
1909 10128 568 19544 451 1565
6771 7698 19544 1965 13036
972 18303 8685 1899 5015 2754 3597 17889 19583 5272 16261 1575 12865 6335 7235 10056
10537 19145 10558 2570 6787 10519 17816 1982 2007 2570 8503 11573 15406 10800 6193 19723
17989 6771 7654 11573 6348 16261 972 10317
1114 11573 11311 2075 12865 7534 18071 17212 7501 2958
6804 14882 14661
6804 11028 7766 11542 11311 2957 18071 17212 7501 2075 12929 7534
10537 15398 18416 10689 13332 12471 3192 6435 12359 1238 3920
19733 2131 15837 15886 17628 9335 17099 2075 12929 7534 11807 11095 4717 7698 8243
14196 11542 11247 14111 2810 7698 16760
527 12976 6478 18210 16760 9756 5965 1838 11542
11542 12276 1965 1965 3604 11542 6183 15410
8712 4974 563 19488 7039 10537 16258 14139 972 15398
6677 11542 19145 3068 11542
16600 11542 7698 16596 6675 17749
18448 17679 6448 19156 10081 6677 12620 1923 6431 7319 4974 1008 3082
527 5493 972 11125
8944 11540 5936 7319
4974 16266 10700 7319 7035
10443 2886 1346 3082 12886 10912 10700 7822 11542
17598 11606 5075 568 4262 10644 6053 11542 18716
8240 11542 10472 17816 6804 15169 10056 11904 14133 14748 12865 17325 7698 11542
5607 11542 14139 9279 6193 3068 3736 12276 5910 16760 9011 1173 10317
934 972 15398 5910 11542 16094 18884 14118 12987 5493
972 9756 17683 14118 16760 12865 2754 15170 18155 16958 3068 7747 8215 15410 11542 14118 12929 15169 5910
16760 5493 6533 730 7680 18722 11606 3047 3068 9756 10700 10480 5016 19164 11542 10578
11542 4684 7680 1965 11573 10381
10740 8158 10523 11417 11884 2007 12636 18508 2223 7698 12030
19733 6201 11807 14118 7229 11807 11044 16255 19418 10537 17304 2832 9756 11416
1120 10740 10408 13283 10280 10417 13283 10297 9931 5024 10297 2730 10999 17149
19418 15398 18303 5016 10740 13042 19418 15398 18375 7235
19418 10537 6249 11542
19136 5853 6771 5349 19737
8543 19127 1965 6771 6183 15410
17593
16054 12955 7680 11542 7210 5954 16963 7747 7210 10700 5014
11542 2474 8243 19100 16760 14139 5971
9815 6007 17771 14139 5098 6827
527 14139 2474 12086 7319 12725
934 10519 10142 11467 11542 9711 2272 4152
12504 17720 3375 6771 14139 14196
14060 11542 344 12 6010 16595 6826
15169 11542 7210 3344
14314
7747 12276 1965 7210 11573 6183 19138
14139 7822 6676 11542
7291 10084 17435 5856 1989 1173
14139 8941 12259 6852 10123 14878 527 13154 14139 9756 7319 12725 5854 525 12725
4674 11542 19136 14196 7233
4684 12276 1965 7210 11573 15410
7592 15169

6202 7698
16766 15324 5067
527 7822 8707 13588 7654 4131 9756 7174
19603 19136 4862 327
14139 5971 6771 6174 17718 16963 952 6675 10317 2058 3234 10804 10358 5250 577 18896 6771
5493 12258 9756 12884 13154 1171 5803
12934 15712 9756 19086 9800 19145
6771 6675 10317 19086 9926 8106 11877 7654 1848
3432 4252 12197 2058 9111 19086 9800 19145 14306
19488 7588 11606 1568 5917 10706 6771 3717
6693 10317 8243 7680 2642 14122 8103
9756 7698 10706 6675
1171 5971 6771 11606 14152 2754 579 6675 7698 19145 10740 2754 11537 12030 11805 14106 9662 11591
16899
9756 15738 1965 7068 10028 6771 164 12415 9759 19583 1965 6771 1965 565 1965 17110 565 7698
9260 16468 1166 5973 6771 16468
6771 9668 19164 5658 13289 3287
16278 3346 4481 15528 14748 8413 19388 1643 17380 19164 17376 11433
5392 18040 17577 17577 8230 862 8890 18691 3344 7210 2036 12030 16299 18689 7747 8243 13693 7210 6771 17057 16583 2385
19731 7698 8643 1909 7526 19364 19323 15798 1779 13046 3287 10656
10539 6193 15922 15375 10572
11588 9201 11473 17415 13565
2468 18210 10537 6397 16257 10537 19418 6392 7698 19164 10937 5087 12240 2075 19353 14718 13283
4896 934 17304 13110 11542 15787 6507 9815 1982 4549
7086 8927 6533 10278 6174 13 14354 2754 15398 11542 2721 13565
15902 1965 11542 15410 7585 12 907
2556 6852 17816 19654 14666
8685 9266 10317 12023 13154 13025
14748 3589 9821 7654 17889 7526 12023 15003
6193 12023 10706 17946 9336 11727 13941 4656
11542 6028 15800 16934 8141 8542 14359 468 8071 7502 16813 16100 2196 16129 2075 7977
11606 4850 13191 6677
12030 15410 16701 10278 9267 15798 14051 12979 6195 2663 10278
11542 10700 18721 1833 12697 10022 12485 3423 5363 14063 16632 9181 6381 19098 7349 6677 10850 13882 2839
19136 6758 8707 3100 2754 4898 12513 2527 4557 15541 10278
17816 19418 5005 17813 10406 10278
14139 14196 11542 10537 5449 11573 1748 18210 16755 6194 8543 17683 14411 5702 16701 16760 7291 8714 19418 10537 6198
11133 19737 12929 10317
4265 10077 17816
11542 14139 17987 4684 12276 1965 11573 6183 19138
568 13529 7698 9633 10317 19365 6771 4262
946 7210 11542 18716 18722 5954 10922 10028 19145 17982 7097 10961 14148 16701 3881 9756 16744
6201 11542 7822 2754 15170 5969
18731 6540 5449 2902 429 2183 1568
13163 10128 568 12977 14139 15794 18716 5856 8794 14118 12865 16760 1748
1879 11542 9668 15755 975 7319 9871 11542
12258 17248 7822 12888 14980 732 5492 2730 10796 3048 4458 10278 2677 934 3048 10278 13882 11234 12990 2527 16760 19365 11863 10245
7181 2474 16630 7003 1850 14125 13159 5087 10740 18228 10406 11997 10278
6771 7822 10523 7299 7698 8707 17982 14196 6193 12276 10317 10317 5445 19418 7299 19145 17122
11542 14425 7698 15847 8691 17515 7086 4458 10278
10706 6675 3616 7587 19103 8243 19145
10804 10229 7526 11542
14359 18303 5016 7478 10292 5673 5014 4388 15798 13631
11542 14422 18716 4312 2350 2583 16852 8690 14360
10229 10958 7526 11542 13546
6119 19136 226 11203 3047 19164 10480 10278 16197 11852
11203 579 8309 12514 16675 15398 14118 19583
11542 15800 18716 16205 5673 3344 13957 4388 1626 10999 11606 2754 18217 12929 11877
7585 15771
6771 7677 2255 10900 13321 16675 12868 1482 18005 8071 4273 14210
7824 1371 11542 10277 9266 10684 568 6193 15505 6680 10317 6267 14569 18442 10537 460 14139 2475 19656 11365 3604 14124
15221 7698 13888 568 6119 10684 5573 3719 16384
12258 17248 6554 14878 6206 17742 1565 18793 6711
3163 15319 7822 8116 1909 18303 11084 1965 7233 14118 10278
9335 17989 1833 16760 18662 7235
9335 7210 5450 3604 6771 12276 11963 11573 15410 19583
8382 15284 9334 18213 4861
13191 1748 18210 8103 16760 12987 13395 4966 2315 384 19712 15469
6771 16760 12987 14718 13882 10740 18156 6812 2846 8309 4458 10278
11047 5493 2075 18470 8890
5493 3698 17304 2832 12987 11861 463 9633
3939 15541 8891 18471 8070
1441 4635
5494 17293 10789 13604 18716 7698 11407
16744 19145 16744 10081
6174 15410 10519 17830
10684 568 12258 17248 7173 3457 13163 14878 12886
7526 1456 3082 16760
19418 14644 11606 15410 19737 5383 10804 19101 14196
1120 7822 11542 10644 370 7174
13687 7698 6771 11807 240 16371 5711 2007 2570
6771 6249 1372
12258 17248 12886 13154 14878 18202 7977 18228 10700 5927 11044
11831 14588 2912 1893
6193 9663 7319
14416 10077 8116 6771
17598 7822 12258 17248
1965 17679 527 8707 16760
16760 5349 14118 3082 2754 10155 1171 9051
6249 16760 7235 18303 3719 5016 12865
11542 6249 14196 6198 15398
19278 6771 14139 9928 15398 4729
16964 8707 8544 14291 1005 12541 11573 579 1748 18210 16760
18303 11084 6812 7235 6201 14576 4390 15175 12431
15791 18796 16206 5015 5493 12987 1738 12514
17683 12696 7174 7472 17683 16084 12485 10698 3313 13385 2506 8630 9756 12485 3317 10537
11542 15006 7397 5856
11409 17518 18223 16382 15221 10086 16266 17435
12504 17720 11542 6437 12321 17989 7319 17720 13740
7585 17865 15771
12221 7654 3287 2812 18688 16595 6826
16760 3082 2912 6201 19582 1835 5493 13159 10123 14885 12884
6490 10537 7977 14306 6621
8714 18081 9668 14400 7319 16963 12396 10028
6478 18210 16760 17955 930 12882 3589
6787 10317 19583 1982 13110 13591 12058 952 6339 15886 10245 6011 6193 16948 18960 3287
14177 6787 13856 12669 17702 18795 14152 14963 702 8722 9966 7787 1920 16312 3317 15368 17008 10740
15410 6771 18122
6771 7068 10028 16962 9926 7698 6771 5969 15170 429 10539 6771
18731 12276 19136 18314 6787 18731 13459 533 6787 8643 8714 6771 7442 923 16852 16766 13502 10709 10073 16120 17771 19365 11542
14139 14196 6771 10804 5016 1498 6119 18731 19136 18314 6771 18542 7867
568 12882 12725 13154 14882
14125 16760 10350 9819 16976 6771 19418 17122 19136 7698
7210 6771 9335 11588 16760 1748 18210 10278 3082
5065 12255 11725 6091 17900
19656 12255 11725 6091 17900
16760 9402 19190 13882 10740 793 2075 10740 10402 11010
13191 13918 6219 3136 2065 3621 14381 10804 15629 13163
11409 17431 12481 10086 9311 19164 10700 15148 6348
2754 8396 14196 7210 6771 16963 8691 13941 6207 1879 5910
605 16312 18017 2886 13962 14810 7585 12290 16312 17274 18907 19580
7210 6771 9335 11588 16760 1748 18210 10278 3082
5065 12255 11725 6091 17900
19656 12255 11725 6091 17900
16760 9402 19190 13882 10740 793 2075 10740 10402 11010
13191 13918 6219 3136 2065 3621 14381 10804 15629 13163
11409 17431 12481 10086 9311 19164 10700 15148 6348
2754 8396 14196 7210 6771 16963 8691 13941 6207 1879 5910
605 16312 18017 2886 13962 14810 7585 12290 16312 17274 18907 19580
