421
18731 6540 10864 3628 10644 6257 12276 7023 3621 2272 15540 18728 15887 3628 11542
934 7526 2732 1209 8677 9522
10958 12035 9085 16564 10166 1209 952 10706 11573 4568 3628
17122
17683 7822 11542 762 277 661
8450 11213 18932 3604 5445 14894
5769 10406 19691 7176
5100 9929 11573 3621 2272 15540
6923 15398
4684 18146 6549 19691
12936 4554 3621 2279 6540 3621 6540 9756 6540 11542 15540 18122 9929 5743 17680 19418 5098
19601 11542 6183 15410
15398 14671 15173 11542 6249
1974 11623 488 5075 11542 8784 11727
429 19164 10804 12865 17683 11542 7698
14298 1909 10804 2396 19120 12865 19138 11542
12226 7663 1643 533 17549 2673 3113 15314 7572 10462
7291 3380
17549 1583 13171 594 15284 7
19618 19647 12 10358 3717 14666
14139 12030 15170 1643 11542 19418 14462
14139 12030 15170 1643 11542 19418 14462
14139 12030 15170 1643 11542 19418 14462
14139 12030 15170 1643 11542 19418 14462
15410 19691 11573 17122 10318 12276
10317 9541 10970 11606 6647 11542 13729 10234
19659
11542 7822 5065 3021 7698 19136 19488 8928 11542 527 14139 7698
10970 6590 7822 4809 19681 6092
5856 10480 14118 525 3163 7822
3082 19573 18917 7698 7979
10318 934 2250 16914 12707 297
5445 8714 11366 7585 4828 7698 533 11542
9756 10056 10350 10664 14748 5249 8699
17515 1238 13493 2967
2802 15542 9986 10804 12429
19488 5433 17680 6771 6852 14059 2912 5946 16766
16261 1909 19677 11084 6787 9984
7698 6787 972 568 17690 6771 2058 19179 3068 16889 19034 17678 16760 10358
13200 8791 10804 7406 6767 11680 9354 16204 13735 19547 16924 13191 16544 1306 15862 12707 1000 8450
15337 533 3082 6249 10804 8805 19145 5403 3756 15326
12899 12276 2007 15319
14593 10519 6507 10864 11573
12226 19365 11863 14569 9818 1640 15401
13539 15410 17742 19691 6787 11096 14106 3628 3244 3335 331 2007 9276 15401 4810 1880 17422 8338 11680 7139 12276 3093 19681
15073 14118 6276 533 7654 8382 7451 11792 5910 14118 3691 5445 3780 10684 3082 10064 9930 13633 19677 9541 10970 9138 7237 10664 11173 6590
923 9818 1640 16258 10664 19089 18822 749 15676 6771 18213 19603 15401 2481 6041 5640 19315 17680 15406 17304 5068 17122
15073 5075 10943 18799 12276 17310 2832 10700 17122 11679 3082 7526 11606 15755 15807 12023 19691 6852 3344 3612 8396 14201
14139 17137 10804 12865 10318 11542
7136 13941 2317
10961 17720 7698 8784 2912 9818 1640 13763 6223 11783 11679 15264 17683 14139 14139 1643 8784
18303 10129 12234 12707 16760 9756 14139 8309 4679 3082
6478 6092 18339 10665 553 9016 5349 13389
3068 3093 19681 19183 19164 5851 7233 5708 10124
3621 2272 19681 952 1982 1173 13856 15319 16094 10040
11542 18597 1965 6562 19723 162
19278 14139 8382 6337 19136 11542 2373 8107 15398 18268
11542 7194 1575 1620 2260 3197 4138 17830 10695 1579
9756 17060 10644 6431 2814 527 19410 6337
15170 920 4265 17830 1838 7043 15170 10519 3881 11858 4360 11573 1604 5445 19083 16460 2058 10903 11938 17654 5349 17881
9756 2474 12 16593 16593 7585 12431 7586 13 17122
3717 17549 17459 14975 11542
13332 14671 6511
16760 2317
16526 2076 807 12276 14052 18303 15373 8499 9181
16936 19164 10040 9286 15954 11096 9286 3719 18605
15217 11339 5910 5819 19136
17122 10804 13332 14671
12276 11203 1877 19545 19324 16255 10777 17274
11542 13342 327
1 14064
10473 18217 8871 14065
8871 1848 4091 18508
4747 8871 16261 6882
1553 19725 15033
17686 7680 11714

7822 7299
7747 4022 297 2249 18865
6590 7680 2249
9588 10102 648
5841 7260 10317 10064 4547 6572 6639 11014
12597
4022
15601 920 7698 6852 19677 11084 6771
9756 9988 7698 12240 19529
12889 7822
10317 5388 7086
15938 1620 5969
11807 297 17630 17057 8338 11573 10462
10482 7129 19145 15521 930
14116 10537 19691 6787
19529 11573 14984 2058
17304 6201 6249 6852 18166 13856 9128 8076 16258 9931 6225 3621 2272 7496 15938 1620 5969 14604
17058 6011 4737 10943 18799 9829 6529 5067 5946 5607 2912
9541 10970 11173 6590 6027 4013 19681 10192 16852 17108 17771 19252 16760 881 18677 19749 16593 879
9588 10102 19609 7822 13148 6125 18202 11704 9551 9680 15319 6084 17057 7644 6438
9818 1640 18201 4013 12939 6209 533 8426 1306 8378 10905 16785 15282 18730 19691 12932 14360 14118 6847 6995
7822 16889 6127 18896 8338 6549
17742 19691 6787 13529 13283 12401 16760 1465 19529 6771 11727 11203 7093 6677 10402 18456 13709 15946 18303 8627 19145 1120 14158 13298 3621 2272 7176
18273 3964 6337 7822 17816
12401 16760 1468 6006 14063 2225 6395
6771 17141 10303 6682 10804 7299 533 15557 13048 6437 2935 15564 15601 12889
11173 6590 15714 7698 7979 10664 9818 1640 15409 1965 17816 2834 14878 1643 7977
5101 12888 9541 10970 7136 3068 8116 1909 8929 8116 10317
16261 9756 15407 10402 7053
7291 4250 11670 7654 10943 18799 13795
8675 6540 9828 1377 11606 10539 6771 10958 11858 18155
7592
11542 17982 5101
9756 7291 3378
12073 19090 15018 18717 8820 18115 4615 524 1643 19691 7680 8102 7698 19691 19086 13532
1643 19691 8570 19090 4898 14987 8685 13957 9213 15633 14987 19583
19691 9871 16907 401 10958 1488 9850 17474
3082 13641 5203 18053 9756 13120 15895 987
3666 1497 10700 17255 17720 6677 18894
6322 12707 11542 4890 6478 5075 19087 2479 17136 16907 18120 3082
925 4549 7346 12748 1965 19691 6787 7822 11657 15284
3082 7586 14878 9756 10450 13633 10664
15401 1823 6249 6804 7586 15319 17816
11542 7529 19677 11084 5349 4086
17422 2527 17889 907 4939
18914 8928 12707 16760 17304 1568 16760 18339 19691 17422
18729 13394 16248 13593 579 15797 15221 19691 3630 17544 400
579 15798 11680 8685 7164
7822 11542
6852 252 19677 11084 11542 7698 11573
1982
11542 10519 533
7822 527
7822 16760 10350
7694 12415
311
327 7698 14072
7822 6771 311
327 18435
19529 1982
19677 11084 4547 7343 12748 934 1982
19677 11084 1190 934 1982
16701 7822 11542
7585 344 12
7698 11542
15398
13492
6562 17816 7677
6852 12276
7822 11542
17816 6852 7144 11542 7698 6748 12276 7680 7698
15398 11542
7822 11542
12276 1965 533 11573 162
15398
11670 15398
8450 7299
11367 14118 8450 6557 7299
14416 12996 7698 7979 1643 12276 1643
18884 19764 2032 3405 1369 1002 7094 3275 17568 11863 5520 6082 3315
18717 9800 17576 8699 8891 19488 5306
7245 3249
1120 9467 11783 4936
5651 4936 11783 1643
3773 11783 2750 9856 12865 7174
9479
14416 8461 2951
7698 3247
12276 17816 19691 7822 11542
9034 7822 11542 19691 11542 7176
7526 15398 10665 18040 12748 10523 19691 3068 12401
10684 18914 4144 11783 12276 17939 6201 10664 3773 2740 13251
934 17304 10480 13633 3093 19681 8018 2373 10480 7698 8018
934 15398 10537 9276 934 14139 4022
11542 3925 10519 533 17310 13110 108 19723 4371 11338 4286 16329 18541 15721 12073 11339 4370 13507 9648 6452
9809 12377 11779 2144 1306 4370 16744 11339 15720
5628 106 934 17816 19691 9351 923 8682 6554 252 16420
11542 18213 972
5985 15073
19691 6852 3344 7677 1620 12748 19529 9575 12396 19691 7894 16701 12396 3082 9756 11863 6467 9588 10102 11704 11173 6590 10664 11721 9541 10970 13633
11542 15800 18040 12748 10664 3093 19681 10517 6682 4144 11888 8624 1823 13529 7822 9633 9756 10317 6198 5803 13591 6771 9756 19691 19488 19529 947 8677 9517 16094 7319 2732 11542 972
7585 6852 3344 344 12 2961 13529 4022
19691 6852 3344 802 16595 15068 5075 10943 18799 8464 6771 19691 6852 3344 2754 7823 9158 18166 2912 7822 11173 6590 9541 10970 9588 10102 9818 1640 6141 16371 5711 7822 1823 11704 10708 7698 16760 17899 11514 10664 13151 17544 6737 3628 11542 12707 6119 18050 8198 12242 4436
4436 79 930 10124 19691 9575 7850 16758 8774 11906 12429 11704 12396 10360 6816 10151 19418 19691 1190 8570 16317 7698 533 15221 7698 6174 19691 18210 12396 7104 18438 4436 1721 17356 6771 6771 7822 16595
12023 327
277
10930 18799 5065 15375 13494 6748 6041 7176 15557 11499 108 19749 11680 3093 19682 9541 10970 6092 10031 11173 6590 5980 18324
15033
7756 12387 6688 11680 10438 18721 3014 3093 18728 17492 13394
17889 1460 6209 11679 10124 15374 15678 9818 1640 12748 6094 19672 13859 3554 4144 19418 4923 7343 6179 18266 6092 10664 10123 1148 2523 11680
17141 7698 6771 6816 9633 6768 1620 16755 9819 19691 3082 2912 19750 568
10523 2017 533 15221 8310 17723 15337 1518 14221 5628 106
7151 4619 14158 19691 7176 11863 568 19750 18850 6530 14882
13492 17310 13110 11499 108 1306 4371 11338 4286
7698 16595 6119 8928 12707 6296 7526 7698 19749 568 14288 7176
9541 10970 11863 3093 19681
9588 10102 11704
11888 8624 1823
11173 6590 10664
12429 7176 10485 16233 7893
11542 10402 2058 16069 17830
17683 17113 7654 19179 9912 6193 17816 11863 565 8778 14878 14645
16701 7822 15398 11863 568 533
13588 7898 14882 11877 11542
16233 16600 13235
13169 17136
9085 19680 19691 12401 19691 7176 16075 4347
12276 7698 11542 14346 7176 9213 7747 6554 11542
527 16739 6119 11173 6591 12888 19749 10664
8884 9378 16760 2812 13653 10665 3068
17720 5349
19691 6852 3344 18317 17043 2145 7747 10115
12276 15337 19502 5708
7136 5683 15371 9756 19046 19656 4973
1120 11116 6771 2879 972 16317 3736 8327 9517
6207 8099 19791 6824 11657 16313 15886 8988 11858 1643 17679
19145 6631 19691 3082 19749 14139 4022 9756 10706 6771 16371
14027 6771 1008 7824 17071 2272 11573 6183 10644
19691 6225 13298 3621 2272 17077 6509 7025 6939 6852 1390 19749 11680 4943 9056 13394 3093 19681 7110 11679 18050 451
9541 10970 13633 19677 11173 6590 10664 19763 14183
11680 19737 10700 13779 15026 18914 15374 15675 1641 108 3853 15021 11537 11339 4370 19681 10664 7436 16094 1687 11680 4156 3275 12332 18721 13394 16744 9930 4371 11338 4285
7108 15977 10700 10899 3396 19583 6109 12073 1290
579 19691 6540 6540 9588 10102 13163 11679 11728 14079
934 2912 14937 2689 12252 13146 2032 11238 19797 9943 9560 6934 9551 9680
429 10537 6771 17683 497 8643 14139 5098 12276 2007 11349 10644 10709 6771
12032 5910 6771 13633 19677 7529 12683 19136 19691 10056 16566 19058 10661 12242
5101 6491 10700 6771 6872 12429
12936 16470 14588 6787 17720 13856 16760 6872 12429
1566 6201 5803 6873 13283 6101 10644
12035 6101 14139 5971 6852 3344 17720 3082 7698 13394 13529 4022 12058 8309 5167 6771 9928 10895 6101 10644
12231 10056 19691 6771 8275 568 15408 14742 17055 10864 11863 15557 2912 5075 3612 14816 1620 13941 10472 950 5549 14158 18314 11542
6119 6852 8626 15007 19691 6852 3344 5165 6204 9988 7001 5439 9354 10472
8643 206 8028 11542 15568 3082 11499 3597 17889
16818 2912 10317 12242 11573 14751 146 10129 9541 10970 11173 6590 6119 10970 15409 6510 14497 19749 4528 19681
5971 920 6193 15217 13499
18508 17718 9818 1642 1127 15409 11308 18213 10720 11542 9871 9988 1267
1176 19599 1982 17069 11573
14646 13492 19691 15068
18566 11542 18166 12276 4610 13191 7698 3082 4944
9034 909 18716 5123 6201 18499 3082 13440 18166
10804 3082 19691 18166 14477 19750 568 12376 6872 16760 8104 12748
9208 9541 10970 17305 12774 16687 13633 3093 19681 11173 6590 19749 10664
17889 12197 5016 11863 12943 14799 18303 3082 18005 12276 1120
8396 14201
7822 19136 12395 16760 13633 19677 10664
17939 18273 18482 19171
6852 3082 12889 7698
7299 19136 11680 7526 17889 15161 19583
19691 6852 3344 18314 11542 19488 7530 2310
6631 19691 11542 17057 6272 19691 4549 7343 12748
1965 17679 19677 11084 11573 3082
10536 7319 7822 3163 8677 9519 2732 19529 9756 16393
7698
19691 6852 3344 7822 5970 7299 12395 11542
10539
10482 7129 11542 13941 17816
8643 14063 11845 7680 7694 14162 5098
16371 5711 17946
11807 16766 13941 4610
11173 6590 9541 10970 15712 11542
11173 6590 2481 10519 9258 1061 10719 14878 9541 10970 613 19763 3100 13633 19681
3712 9551 9680 9756 13499 6437 2770
934 6693 11888 8624 16869 2058 2730 4248 10961 9756
9756 19136 19691 6852 3344
11247 2180 11542
10937 6478 14139 6339 11542 7698
10537 19677 11084 7176
5711 17058
972 568
1575 16760
5803 19086 7698 11542
14016 19568 11542
4022
1965 12276 7176
8570 15521 19418 11606 4024 12276
972 568
2754 15170 11542
15407 10317 6201 14118
15046 11704 19278 15837
3220
15217 6092 17939 16936 15354
1965 12707 11542
8570 7529 11952 12414
15398 7698 11542 744 162
14065 24
9756 2730 1620 17608 19399 774 12490 11542
16766 4185 17060 3082 5349
527 7698 17771 6026 2912 6119 10684 3082 10970 6590 11122 14139 17889
8396 14196 15401 11542 6174 19691 2575
6010 18438 1620 16760
14139 8573 2364 12206 12083 8382 16885 4621 3946 923 16760 10350
568 575 6872 14882 12886 15398 1850 7176
9802 6825 4314
16760 17310 13110 12748 3093 19681 6092 10030 19749 17422 13532 1879 19583 19090 213 6209 11679 15374 15674 13131 12376 7287 5468 5640 1925 11680
11542 13492 19677 11084 11542 15540 7698 13538 12290
16760 10350 1879 3833 17235 12276 13110 12748 7343
8643 14588 16760 7530 1982 533 15221 13941 7698
12889 7698 6119 6590 10669
277 12 11884 533 11542 7319 12725 14535 533 11573
19691 6635 8339 3626 952 10402 19595 15073 10709 6787 16929
4890 7530 3346 19691 10537 15398 6620 6787 10644 6562 6257
6592 12597 6276 17552 2912 6119 9588 10102 6771 17997 19043 15398 4549 7343 12748 14121 15577 1030 14492 6771 14787 17304 9002 6485 6179 11542
12276 4619 17165 19426 5108 12707
6771 920 6010 13663
6540 10804 10864 3628 6787 19725
12276 12716 7176 13670 19691
10804 5016 8339 18917 19486 3621 7176 7587 6771 10704 10519 19573
15410 9207 14282 9354 11863 3082 9005 18917 5016 13200
19691 6852 3344 2474 9183 1874 11389 4547 19691 2730
6771 6201 533 5445 17168 6174 2065 3604
4139 2474 5711 17552 527 7698 6771 1498
6771 11670 15398 10864 3628 6540
10317 11511 13036 3961 3820
14530 3628 19691 6787 10056 11511 13036 4768 3093 6091 819 13633 19677 10669 7680 8524 9575 7850 7576 3093 819 13633 19677 19058 11511 13036 19309 3031 11133 9575 15294
3628 10151 15798 12276 6787 11133 9575 15294 13568 467
11542 7698 6361 17680 14079 3093 11133
9112 2058 3961 15787 8643 15294 819 4436 16758 11542 10441 11680
11542 14139 1575
5971 10519 19145
4974 3093 19681 13633 19677 18050 2740 14118 13394 2346 11680 11006 18210
11463 14118 10278 6362 11247 2180 15324 18210 577 13394 14133 1070 772
12452 3773 12815 11247
19138 11542 922 8643 10317 19136 7233 11542 3925 18163 15221 6119 15019 19090 15718 4312 17555 2351 4370
7698 19573 11599
10943 18799 11599
15691 18269 11599
2551 15918 934 6026 17422
1230
10223 16384 9205 19691 15540 19691 213 19529 12395 16760 6852 3344 7822 9633 15797 17422 16596 15306
11542 1045 146 7822 10129 11173 6590 10760 9541 10970 13633 19681
11573 15398 19681 10664 15837 16701 16701 19578 17889 15800 10123 13030 12348 15847 1788
11542 7698 17110 2912 934 9818 1640 14937 2689 9551 9680 9588 10102 12252 13146 12429
4684 14196 11542 3621 2272 11542 6549 9756 1171 19089 15398 7698 11542
11858 14106 3621 2272 15169 6852 19691 6771 9344 3831
17771 18166 952 17720 11340 10519 16760
6852 3344 11340 10366 19418 1123 13913 6549 11542 7022 3628 12276 2145 6771 10414 8751
16371 5711 10708 6804 568 6771 972
11573 10317 11858 19442 1565 19418 8116 13512 6812 1982 12889 9541 10970 9818 1640 1013 11173 6590
19365 2912 17552 16760 6554 16371 5711 18213 19583
7822 6771 4217
19043 15398 3848 11877 7127 19725 2479 6852 3344 18166
15073 5349 8570 2754 19136 6787 18213 18438 19365 16760
5100 19691 12401 19529 19691 15068 7298 13803 12401 7235 3093 19681 6092 10192
19691 6852 3344 16921 6771 16701 2474 11368 4512 7871 2547 10644 19679 7822 16976
11173 6590 10706 12882 1238 6092 14859 18275 17203 7822 9422 454
9541 10971 3093 16286 16193 8415 9249 5523
16384 17679 6174 14281 8770 10984 12774 16688
12276 6771 2754 16566 18303 6682 10700 17679
17110 2912 934 13941 2474
16583 2835 8718 7393 9588 10102 15601 934 17212 11704 10575 17813 971 8198 10208 9944 4536 19797 15714 8338 18914 1063
11670 15398 6771
14139 7526 1982 19677 15068
18796 1313 18382 19737 16900 6010 11683 18587 11073 19691 6852 3344 1386 2249 8140 7101 19250 16787 15688 5973
16233 12889 9541 10970 3093 19681 11173 6590 10664 3591 9322 15577 11409 15508 14557 19418 3017 15486 1497 18132 16852 5856
8643 9018 533 15530 7022 18317 17069 1788 7111 3748 7423 6387 16477 2100 17494 18183 10249 11795 12119 18871 17830 9060 11439 7586 14473 14741 533 3236
12873 3955 10454 16766 16135 3745 10370 12748 19691 6787
17718 533 15221 13729 19181 7470 17316 12889 10970 6590 4684 5981 14598 13539 15644 15528 14675 4335 8300
6852 17720 11542 6490
18324 9926 12748 19725 11542 252 15521 6077 17978 6495
11542
11542 16980 2812 19365 11863 10245 19692 11542 7176
6852 146 19691 11542 15170 13941 7698 17690 19691 10056 16566 9756 16303 6911
8240 19083 10700 276 15521 11542 6852 17679 2730 11247 2754 7698 2754 16303 17141 5075 10943 18799 7822 9633 11542
11542 9871 1620 14931 15902 5657 18438 16760 3158 2317 12276 11542 19138 13492 16760 12398 19692 3621
18324 10958 7927 10700 19692 6549 8111
16574 13235 6771 9255 533 7822 13191 7698 524 568 6119 11173 10664 6590 2754 10700 15931 8770 10984 10515 10662 13389
14139 19087 10317 11542 11606 10317 7176 6562 9756
6693 10317 15401 8271 5692 18849 6771 4420 294 8626 18849
10317 15798 8395 17312 18716 6800 15217 16936
10318 15169 6693 10317 10519 11340 10700 11542 3717 9983 1982 19565
15407 15337 11266 15540 4420 15337 6872 146 8626 11542 10155 10402 17680 17802 16760 17889
14139 19474 6408 4420 11542 3414 233 252 8627
13588 10700 9279
639 5971 13529 10698 13593
10686 2916 9069 16778 13220 594 6787
6236 9756 2912 9818 1640 11783 16228 1879
18303 568 10481 12030 879
6771 6361 3368 5985 5743
12058 14121 14158 13492
9756 13120 12239 10121
12504 13529 4473 6010 8945 18968
14139 10318 9541 10970 11173 6591 12888
18438 3093 5954 454 2320 13997 999
1982 19164 2479 6216 3068 19677 11084
4250 7677 9541 11173 819 3094
18303 14139 5501 7052 6026 11542
1961 9818 15674 14937 3275 758 14079 11704 16453
12276 17679 16579 11542 19164 579 2527 2056 3068 2754 14352 19677 11084 15526 15410 12748
6852 8028 11542 3068 8272 7005 15337
7452 533 15375 8028
19733 8578 10519 533 6750 15530 11861 3047 18900 6771
12504 6675 6771 4862 311 311
277
13171 19053 3287 6339 6771 3346 2145 19418 5969 6771 1982
6010 6771
16595 6826 6201 9756 11541 16135
2719 17806 19654 15337
6193 15217 9756 12882 18077 11877 15217
13235 11542 19418 11247 19079 1474 19081
11542 7868 16595 6826
19722 3380 17854 11128 5542 10917 18722
14139 9756 19088 7698 14884 17816 17009 19136 11542 17614 17889 15033
12103
6026 6533
1451 19529 19691 7176 9756 7747 15162 9541 10970 4262
12058 2754 6174 1982 18680 7385 16438
6771 2754 14139 18721 11948 7491
10539 11542
19691 11573 10062 1965 15169 12276 19486 6852 262 11292 9914 11542 16660 14748 5068
15382 9926 10537 11704 10664 18303 972 568 2443 10278 6635 5573 972 714 11542 17501 7176 7698 8076
19418 7654 14205 15170 19529 12548 19691 12337 14651 6478 13554 7001 6771
11542 10203 297 18865 16760 12401 16760 19681 3462 4233 19691
19145 6771 18599 14132 10943 18799 5075 18443 533 5985 4232 3082 14139 2832 16579 13695 11514 7646 15319
14139 2833 3082 12806 1965 19691 11542 6562
19684 6771 12593
8675 19691 17680 3621 2272 6540 14177 18136 11542 9067 13856 2665 3621 2272 11573 9756 10700 2007 2564
19691 15540 8682 6174 1783 14405 17089 11573 1478
16985 10958 1366 4206 16760 10358 4948 12400 1643 527 15730 3021 533 15221
11573 9756 15406 9836 12394 7698 12865 3538 12802 2013 4761 2013 12803 16990 18210 10946 6549 4157 16286 7873 3292 13500
4512 9917 7663 15486 18210 17566 6193 588 17720 9836 7496 2754 10700 2007 19162 2007 15319
4512 9917 15557 1708 8382 12058 6549 6335 15398 6193 17816 3621 2272 8339 4312 7291 10204 10406 533 11542
14106 8664
17666
3665
