372
5101
18303 8627 11542 17816 12735 10317 12
15337 17549
9871 10317 277 19723 12240 18156 17499 16760
15259 9997 7677 5016 13128 6815 868 8215 14139 868 8215 13859 1660 17310 1620 16339 9997 1120 15259 9997 2479 1620 10278 14845 7977 7529 868 2159 7587 15259 9999 2377 7654 16033 17889 11877 4547 1613 9181 7677 17130 10634 1613 17305 14139 1613 868 7677 15161 7233 7677 1620 6815 1613 868 5005 9866 1674 10740
19787 17168
7684 14088 10245 12888 3098 17659
15161 12276
16711
13664 12276 18434 11361 15259 6730 11573 14177 11082
18891 13492 868
12707 18554 6852 252 547 6787 13664 15268 672 6384 12401 10783
3774 16261 952 19087 15398 13856 15319 13664 4740 6016 10937 10804 17830 19136
3296 15284 12414 19609 5068 18969 11792 12882
1909 13664 11606 8386 14060 12865 19278 12318 11247
6852 868 11366 14671 18690 9138 14370 12058 17816 3346
14139 17683 12276 4547 13664 19418 16623 8570 15526 1231
2754 15170
12936 17683 14743 15294 10517 11247 16261 17549 8103
16298 15170 10063 8503 11573 1643 10999 1643 17544 527 15337 8791 6201 7680
13235 16261 12431 11807 1120 8503 16278
16371 5711 5985 14139 5985 11542 12337 7698 16371 5711 13182 8900 18894 10556 1643 527 15337
16298 15170 19647 14666 18210
5014 876 12276 8675
920 214 19725 771 876 1982 15337 527 13191 6174 16371 5711 1982
11581 13443 6193 16660 17758 11409 11961
9926 8106 14065 12865 6760 13036 14129
2754 15170 19049 8503 10062
11542 6338
6338 16267 9249 15337

12030 18788 3021 8503 6771 2007 6386 5910
19418 13588 10056 240 11542 15398
10539 12396 868 11542
19418 17982 5098 12276
9988 6201 12396
3082 2317 4971 16907 17168 8707
6549 12396 19418 19088 10142 868 19583 12396 6812
10804 13913 11858 1124
429 12276 12396 15268 8784 15337
18697 1643 6771 19086 19647 14743 15294
1203 8503 9931 3021 2007 6387
11542 12157 7680 15521 7526 11416
6549 12396 868 6771 13484 5098 2007 17816
15161 11416 19136 12396 6771
11542 429 17549
13191 9756 7654 13128 5124 18303 14531 4243 3630 1120 13128 5910 18227 9856
11542 16907 19131 11416 19131 17816
11542 3717 19131 5916 8590 9756 15521 10709 5427
15674 7526 1120 15718 9756 7654 1120 13128 13128 4407 9756 19090 6352 13128
11542 10519 14020 15221 18155 10700 1497 6952 10700 11542 15406 6276 8597 10317 1625 10644 930 17549 11542 19599
18347 1758 17032 11542 19599 19145 11219 4441 524
13399 6675 10317 16007 8215 19060 14748 12058
13664 10961 19599 11542 6183 15410 19365 10278 7821 146
6179 12165 3719 14020 14139 7654 923 13191
10999 14139 19668 5299 1613 16760
15003 1306 4368
8277 2377 10189 1893 11805 9857
14139
7680 11542 17614 9928 13191 17720 13342 3047 1905 1879 10278
12058 9926 11606 1909 7663
4576 10509
19131 18303 8627 10278 19145 10429 4202
15169 6771 18290 18303 10029 11764 15019 12396 5954
15169 13664 6852 17816 6276 6348
7822 18966 5711 5460 18900 8388 10245
15375 17816 15169 9279 16760 5016 18273 7698 527
16371 527 527 11173 6590 525 14845 4540
2474
6771 7442 18716 10519 13913
4233 18716
11045 4242 7824 5468 19583
1520 6771 7442 18716 18849 1123
7824 13957 5951 4233 8691 5287
13544 10278 12276
10958 13664 1439 9856 10278 11877 7478 4245 12865
10804 13913 19488 1125
19046 11877 6771
6338 10519 1982 14448 5075 7025 8751 11542
13172 19131 11416 7680 3287
13191 13283 13443 527 19556 15221 9403 19749 19535 10139 1306 9756 18421 386 17130 5408 15878 8698 8935
6335 16261 10519 1982
16869 12 10358 17680 15170 934 17274 19086 16940 1173 13625 16450 16450 16069 18668 12725 7136 3930 13061 9429 9899 11812
2317
8863 12414 11952 2754 18438 7526 1565
14196
13664 8589 1575
1575 16986 868 19589
7822 16371 5711 1575 19583 2585
11173 6590 19547 4540
7698 11542 240
14743 15294 17686
13529 1643 4973 1583 8601 3380
2832 13191 10358 11537 7129 5542 12276 16907 4623 1120
18894 17305 9699 5128
9213 19365 13191 10358 14554 17779 18482 15755 4974
920 15398 11990 14036 4280
11863 4973 1643 15173
4890 1643 10358 14036 527 7698
13664 11542 18043 972 6338 16100 16032 11542
7592 15169 11542
19733
5098
19733
2670 6337 8382
10558 9756 5971
15073 13588 15398 5591 15521 19418 10480 7129
15440 868 6540 2373 7136 5023 13856 18378 17729 1306 13664
6852 18896 5098 6339 5064 868 13492
6771 1982 15375 17816 10155 13432 8791 1893 5969
7698 12889 12717 11173 6590 7822 15563 17684 13703 1125 2007 13913 3597
15170 6771 19488 6927 13191 8495
2754 3453 4741 13241 6592 12597
8643 5970 2754 14139 1366 13407 9034
16257 10481 7129 6771 4174 7473 10317 14743 15294 6787 6117
868 11573
10740 5098
18712 9756 15946 19365 6771 6217 6562 8104
533 17310 13110 12276 574 4424 868 19540 16268 2377 7529 7226 6901 11084 10233 7086 16594 7529 15772 14889 5640 13922 7319 15217 579
7915 4420 7526 1120 16594 6993 1568
7526 15398 9871 874 868 10056 146 15380 11542
15398 7526 15398 1982 11542 10317 10056 1783 579 12810
12234 2007 2570 11542 13840 6053 6177 17513 11292 17122 467 19145 10644 15268 3055 10556 2570 13046 7412 1428
11342 6347 10045 18450 8450 10783 7979 19049 19725 4656 16033 8884 5180 12379 14998 1306 3719 18388 868 13128 19488 17312 6174 6879 11292 16887 4473 17679
8437 17445 691
9756 7526 14139 9443 8503 18316 13611 5078 19787 3447 17680 7694 15902 3082 524 10317 2612 8802 11364 15332 1914 9836 16371 5711 19418 10700 14139 14139 1643 5068 3717 9983 17445 686
6771 14975
10481 15717 14975
17816 2832 1173 1171
12234 10961 1057 4540
15337 17777
4973 19179
13191 15736 1643
9228 868 7176
12376 7707 2342
19733 14106 14748 6174 19599 868 213
12226 15715 17499 18894 10155 2402 5362 13907 1173 5098
1909 8871 14064
6646 12058 2088 14158
9756 6812 11863 10917 4898
4130 17732 7698 15268 2279
9756 19046 3287 18126
6257 6590 17659 2916 13283
568 19787 3090
11349 2912 9930 568 11807 10519 3068 4944
6591 3068 4944 1465 17659 11807 19575
7977 12823 7822 2912 14118 14878
19749 565 10644 12240 7977 11858 19582
12823 16852 18043 17982 19132 6771
10961 13492 11203 16752 6287
13191 934 7747 2058 4172 17720 13740 19278 12510 18228 18086 6361 1173 3082 4940 6771 12221 5123 17680 1497
6771
14036 9756 1583 19164 3679 16818 19203 10804 868 1210
12504 5101 7698 13364 16760 19573
6771 19086 15398 15375 17816
11670 17816 14743 14620 4235 18884 7387 10839 6771
12030 14234 5719
15337
17549
527
12221 17549
3068 4944
17549
5917
1989 17549
6771 1643 10958 11858 19136 1173 14743 15294
8103 11599
15297 401 4232 10903
14587 15577 972 6787 17789 2754 1721 3742 5821
19647 12276 17679 13332 2754 15170 8574 19418 6527 2364 12206 11271 3044 10709 1120 12276
12276 1757 2058 686 9243 18217 16353 5105
2007 6540 868 15540 15259 6730 7472 19278 6771 16054 3778 14743 15294 19725 2332 9633

6771 8589
7407 13191 8495 1891 3082 6771 3719 8841 17830 12504 19179 16760 11858 7298 6362
19733 6771 13529 16899 10480
19733 527 13941 7698
6562 16760 13191 7677 6771 5105
1192 15268 2929
15268 6540 2087 15001 150 2555 12396 16583 19115 868 876 19418 10233 7259
14307 868 6771 15211
14307 876 6771 7299
5100
8382 8577 4527
19278 11542 8578 14679 16286 11863 15258 6721 7496
11993
11542 19656 7977 19664 10517 9756 13240
10317 4197 6193 17628 13342 17683 11542 6174 2335 18228 8116
3082 3719 18605
15407 9277 6478 8928 6383 6183 10408
5124 7824 5128 6183
16520 868 9756 10171 1893 11030 1797
8613 18004 7698 14148
12276 11542 576 14150
17304 18966 5711 11542
4618 7654 9756 2479 9407 10383 11657 16261
6174 13856 1575 16312 18043 11542
7654 6493 6771 5985 14671
19488 7680 4905 577 6771
6771 19787 13191 10402 6365 5815 18173 13614 19787 5862 3082 6127 6771 9926 19418 15398 3432 4252 3082 1907 13529 13283 527
1465 2247 13443 5450 12794 10128 10706 15217 10074
14148 15398 6771 10317 10523 3021 6478 1213 15012 12612 15557 1120 6787
11606 10317 15540 10517 4475 10346 16596 7822 16766 18355 3784
8784 7698 6292 13283
10317 10517 10171 13913 1125 5917 6225 17009 19418 10709 15521 10171 19079 19365 11542
18966 5711 19467 11542 6249 568 7822 9633 3368 9983 4828 3082
8752 11542 10317 16583 19115 6062 11 10156 6677 10402 5098
14196 19046 3597 5591 14063 7654 19136 3287
1372 6771 2129 1568
7822 3774 6292 11606 1982
4262 15430 6431 8928 11342 13319 7041 18637 9601 18464 11482 10317 18859 6174 16053 4704
12164 15886 18450
17683
14743 2131 2912 7472 458 11481 14882
14743 12321 15528 13671 11606 13191 16441 10601
5904 6198 19136 18809 10700 12276 17683 9756 9800 11247 6292 10156 12276 19549 10151 11978 14402 6771
5969 13275 1899 15399 13128 18697 18716
12276 3447 149 19723 17816 12901 11097
5731
15169 6771 4547 14371 5618 1141
19138 10056 11904 19723 10064 16701 14139 9926 10700 6771
6852 18968 16899
12865 15170 1532 9926 17329
2188 12865 803 18968 16899
16760 19467 3017 13998 13907 5423 10999 16760 2075 7697
10432 16521
10634 12886 14430 868
12504 14063 3691 17706 8597 6481 1401 12399 6412 12157
19603 19146 6590 4683 10740 10911 6771
11938 5803 14139 16579 7576 11990 14036 1643 17706 15868 19203
6540 7176 19136 10999 868 19012 13435 14517 10317 7824 6771 6183
294 17513 17683 9279 3691 6771 9986 1757 15496
9871 9663 14743 15294
1123 2007 10278 13913
17683
10537 6852 18303 7176 2310 16948 12290 17305 5078
2007 16609
11126 15878 12996 15169 18566 15266 18227 12828
1643 3756 1087 9977 16766 7813 6694 10123 13718
17598 7585 17598 12799 8116 3515 2905 15938 16170
15755 7136 14234 13887 12363 6262 8570 15294 14134 17816 2719 2834 3422 7176
15169 11542 17686 10485 4022 5098
10896 6347 16332 6380 7677 19164 2612 2605 1607 1612 12221 9926 8125 1173 15259
1366
19164 8125 1173 11542 12396
6236
2866 16332 4245 19443 9863 6194 5910 6771
16312 6530
18227 1193 85 868 4244 6141
16760 17899 10804 17830 6010 9279 6747 17816 17899
13172 6771
6174 527 12889 7698
6590 7822 9633 13159 5855 14845 15169 12030 16371 11542 6119 13496 8751 14174
6800 15284 252
177
14416 14743 15294 5067 7822 15268 11573 12748

16601 4610 15268 16278 10013 13128 18273 6533 5445 13240 19058 4512
12030 14139 8106 9756 8594 15783 533 2317
13443 18299 13191 10644 19715 17114 6272 17553
17683 14743 15294 14620 15268 10700 7698 12240 17816 11573 7698 16760
11542 9756 19131 11416 17816
14063 15398 16557 151 16332 12184
10317 9541 2249 11542 7680 1643 19136
14139 5098 15170 10151 6339 16261 6053 11706 594 2779 868 876
10485 10317 15294 18228 8116 18155 9721 10804 8791 5910 14601 11320 8031 8791 14228 8350 9756 17683 9926 5068 11573 17312 17683 7747 17176 15294 19418 17772 1120 14020 8784 18610 13191 13241 17605 17304 19365 17679 5016 5068
10171 19549 3082 19278 12276 13191 13235 1120 6236 13235 8812 5752 4262 579 14121 4489 8893 17737 8691 1848 8341 15041
8125 9400
13841 3098 17660 3068
4557 5948 7526 15823 19632 1620 15718 13330 16595 868
12504 16899 18969 3831 11035 5719
13529 11606 13107 16951
6338 13695 13492 17114 6174 11542 13182 15759
10317 15540 2317 6179 10644 6276 17304 13110 868 13128
10317 3068 4540 14738 9929 18442 868 4969 11858 15410
10317 19294 883 15718 14148 4876
6119 10317 16907 6193 15922 4262 11072
947 17456 15573 9879 972 2007 5985 9104 577 11542
19083 15398 972 17456 9756 6812 19764
15294 4750 1497 17165 13399 5108 10700 6771 19573 11858 7698 8784
13941 5101 11542
15262 6730 11542
1758 2754 10700 1173 19086 3962 9930 15262 17645
7680 13033 5125 11542
15264 15170 16195 15265 11542 17982 18595
19650 11807 14118 15265 3908
9756 10317 10709 19090 11542 19086 14118 11223 12940 13067 16161 6141 3907 10700 17122 17680 568 15170 11542 1518 1907
2007 6540 17909 8132 19113
17683 7587 12414 19609 12888 11542
11542 7698 10868
11499 14878 13159
13286 5065 19656 3352 12276 1965 3602 6183 19656
10804 16559 16760 18034 11409 14139 11537 16760 7129 11203 7526 18716 18303 8627 19603 6779
13332 7822 8784 13492 868 13011 7698
9756 19474 5068 16286 10454
2754 13588 16744 14111 15942 14523 19647 10204 8784 8928 8784
14139 13235 14671 12376 7526 13784 7680 13783 19568 14139 10937 15942 10317 3946 19654 1909 1982
7824 10453 17683
19618 12276 14740 10644 11573 8450
6852 147 11284 9279 19278 5402 6390
12030 3082 11542 10706 15496 6119 7586 17057 15265
10804 17680 8104 11542 10644 19083 4413 14743 15294 10709 13046
15542 10740 19136 15979 1173 15633 19086 13791
8277 11542 4407 311
252 14064 8871
10317 146
277
1176 19086 9800 14465 7654 19136 16261 5803 6174 4884
13332 17679 2754 15170 10485 7822 15319 16899 579 17830
6201 5803 5106
2015 13591 13191 11722 3379 5349 6174 10406 5916 15902 11979
10396 10381 5424 3960 8495 18486 12178 16766
527 18529 9871 12157 10129 19545 5068
6812 8116 18438 11542 10317 7822 2754 7654 3719 19659 2959 16885 13888 3975 16268 14370 12897 6562 7694 6882
6812 8121 18438 12865 7588 11542 13332 14671
10698 5101 7586 5078 8450 7496
13529 12154 19364 19664 15337 9988 15262 9929 1540 49 12240
13529 10698 13591 15259 6730 16760
18508 6730 12707 13664 6174 19599 15259
3082 10402 4944 10643 16907 4973 19412 9016 13908 553 10155 6249 18969 5970 12707 6771
1420 16885 907 6771 14371 16607
11126 16595 6826
6174 19603 14450 18564 19086 9395 7233 10700 7299 17889
15787 7698 13235 11499 1643
16600 15787 15409 14063 933 6976 14063 16135
8643 930 1879 15787 6431 2317
6812 11795 5425 7252 12707 15787 17329 19488 17168 17113 9756 10706 5466 19136
10151 10064 12707 15787 1881 7526 9279 17168 16600 2583
9427 17679 16760 6976 13696 13652 4659
6478 13191 15409 11367 10056 12707 6693 10317 5075 19001 19302 5910 15787 16261 10706 6431 8589
13220 15837 16760 13443 17720
3784 14139 19603 17816 19136 10233 922 2677 5591
14139 9277 19136 11542 14196 19043 8213 7153 13478 13152 18278
14743 15294
18469
5101
11606 10480 7129 11606 6348
5105
429 15496 13240 13191 14139 13283 16778 12030 10706 15496 15221 19488 3847
16393
7698 16312 5693 7698 18966 5711
13235 17305 16258 17746 11416 15073 10700 10480 11884 19597 11005 15496 241 17188 11978
14743
8116 1909 11011 10317
1171 6365 13171 3597 7129 18213 12030 6771 3504 19486 16760 15565 13151
5100
13443
6855 1171 5910 179 3009 16701 18729 11217
9756 12653 19708 1497 18438 5225 1176 6398 15261 17543
1171 7677 11342 1909 9926 12276 19164 11342 10417 5178 6557 19583
2722 13420 868 6771
7526 14118 11203 16054 1020 10644 118 10700 163
5100
15409 16886 17683 8028 4018 13191 9875 7022 240 579 271 7680 7526 12865 19136 17683 12226 782 9966 9966 10317 10451 14998 16583 19115 15060 11350
579 16601 14139 18968 9279 6852 147 214 11292 10156 19549 16261 7680 8102
7570 10839 18153 10700 17683 7680 11542 3344 868 11573
13191 9871 19179 13851 18004 8784 8699 2730 7545 16332 876 7663
16069 15213 11542 8589 16760 11126 15337
533 5445 17168 17526 672 1626 16760 3068 4944
3848 1457 3082
3082 18531 1115
10396 12276 19601 11573 6183 15410
9926 13608 914 6631 11573 9005 12396 868 11542 2754 13856 3717 13046 7412 11542
6771 14139 5098
8675 14743 15294 6540 10644 19599
17683 11808 1982 5696 17807 15221 16069 5439 6771
7747 13235 16596 17686 15401
4983 2317 9438 2754 7526 1620 16760
10317 10386 11503 15648 146 11291 16760 17312 67 11292
7698 16760 2629 10472 2317 4973
3021 1575 17442 8791 4022 6338 4549
5985 10700 19086 15398 15375 17816
