552
9756 7747 1620 5628 15322 11542
16258 10317 9650 4816 6272 19136 11542 11795 5916 19058 15322 8037 11542
8125 6010 11409 6431 19179 13191 1540 527
17122 9650 4816 10958 2474 565 11606 565 2754 15100 8886 2317 6771
19179 4944 10537 16760 10335 6375 9279 17834 1030 435 608 13191 10317 7538 19283 14400 11684 16387 17771 11542 1208 5910 9230 9249 11552
8675 6540 12396 4512 15618 15538 16186
19138 6193 4547 13453 10511 1065 15484 19155 8242
17814 2648 18849 4512 15618 16588 9650 4816 11178 12965 7822 15488 15540 313 8597 11573
7835 13791 6327
19198 19521
2373 16588 8040 4472 12261
112 16317 15375 11961 16600 11912 19353 15138
17290 7319 10402 15211 4684 1120 2645 8452
7654 15398 17610 19136 6193 17816 17277
18745
7654 15398 15521
12276 11573 15398 253 11863 12290 15398 12873 19723 2754 18213 15170 7751 15398 6939
19601 11542 15410 10472 17816
14201 12865 15730 17380 11573
15733 7822 565 9650 4656 13159 10684 14878 6771
10684 3068 18775
6852 12707 11587 2754 10142 7228 17049 10303
16701 15398 4458 17049 8675 8183 17052
5928 9464 10402 2374 15003 17049
12000 6335 9756 8737 8420 7529 6836
9926 17114 7319 6771
9756 15048 203 10278 17777 1568
4144 11421 5098 16408 17794 9928 11416 7680 11542 3708
16266 17316 5075 565 7526 17889 10700 6771 7086 16261 10317 3505 13191
19597 9756 6764 18988 3756 7476 16371 5711 15594 5903 3719 9983 3163 2317 112 3380 19282
8360 17814 2645
9650 4816
7761 13289 19136 8503 7546 4202 12663
19733 4337 4860
11542 8589
10005 1879 5910
13283 17838 9400
1213 11831 2645 1171 5803 9400 17122 19087 11542 6494 1173
11831 4512 15211
2119
19235 13938 17814 2645 16889
5016 1238
10700 9279 16100 3691 11542
6540 12396 4512 15618 18278 15787 8675 5101
11334 12345 13732 10895 1614 1497 16261 14139 15928 17480
6540 9650 4816
18303 6631 11573 3217 5352 2416
11573 429 12030 17814 2645
2789 565 401 13152 10804 7498
17683 6382 13364 5985
19418 11858 8102 10472 11573 9399 4239 17422 8297 2261 2890 17814 2645
2310 17435 8116 17816 16630 1560 18228 19136 11542
19547 2912
11884 13036 15220
14139 1646 11979 15337
15636
17683 568 14139 18355 13606 16261 1982
10523 11981 8707
17814 13171 16744 10709 11573 10317 12276
11606 11416 12030
13459 12245 15757 13658
1909 6549 1850 17854 17208 17884 10056 4610 11542
10155 14407
934 11657 11966 19365 11542
9988 5850
17032 11599
15559 7778 8570 11877 1465 19418 1982 12276
19749 7343
18508 17978 2659
6631 3188 18278 15787 10644 11542 18303 6631 7020 5075 17814 2645 565 9650 4816
13341 7654 19659
6201
11599
2645 11858 4621 10709 3604 8597 5445 15140 5927 9736 11126
18739 5101
6164 7835 18156 1965 15337 7586 9516 5625 8027 19423 10487 7587 3699 12888
9650 4816 15409 2310 14878 12157 8243
7949 10980 2479 9160 4540 3551 6771 3068 2527 11247 6677 297 8452 15787
9914 2645 6771 7680 19053 14405 4512 15618 106 6335 19053 13046 9749
12504 12337 11818 6675 10317 8784 19132 2058
11542 16596 13529 7698
18288 11292 6201 1843 13443
2317 6010 5743
6174 17683 11542 3604
9668
12504 527 9871 12231 4816 1850 12276 5046 565 13159 952 15886 3082
15220 13529 7698 11670 15170 18969 13941 7698
5910 19136 11542 10151 14314 12804
10317 4816 2645 11573 6174 17683 19145 12276
4512 15618 9756 429 17549 11610 2317 13286 525 8542 3717 19131 17315
17814 2645 12157 17316 565 9926 9872 19296 16889 11542 6174 16701 6287 4739 18099 18716
8706 4816 6540 7698 13538 6787 12276 1115 19164 17946
6771 7319 18156 7526 10073 6519 6911 6193 17816
8297 2890 10121 9987
18731 10317 11178 12963 3597 11178 4860 1982 10917
6179 2317 13191
5615
18537 15337 10121 13004
34
17814 2645 18722 7723

9650 4656 18722 7491

6491
11313
18741
19369
3719
17982
13099
18786 13046 15170
18213
6771 15771
15398 4816 7193 11774 11243 19403 10332 13901 7525
15169 1583 17208 17884
15169 8297 2261 2890 9926 930 1643
3368 16486
12963
11780 11606 10317 16585
12240 8164
3368 16486
19722
867 4028
11657

4512 15518 7629 15234 7319 10074
11858 6174 16120
15169 10788
19455 7111 2645 4816 16094 16116 13898
14234 6658
19545 12658 4302
14748
15401 17814 2648 5677 19555 3876 10903 1843 8675 6540
14139 18542 17985 7749 4512 8856
14139 8752 4512 15618 15169 5098
9866 10539 11542 8707 4022 9866 9983 7001
11542 7001 3082 6255 1729 4144 2832 3082
6236 18880 12276 10684 3082 16760 15398 67 11284
920 7097 4473 11542
1120 17679 527 7822 6255 10402 2373 2317
10644 7698 12276 4025 14274 13347 3256 10167 8054 5429
4442 116 7023 3873 1729 4121 3256 10166 2693
10166 13154 5429 6193 8054 5429
867 4028 1209 1965 10644 11542 1965 12707
7585 299 1540
18865 17814 2648 18891
17683 16266 3594 18303 2754 14291
11807 6787 14518 12396 4239 8861 7496
6174 11367 18303 17742 7498 7698 9759
17814 2645 12455 6787 12276 5097
9650 4817 3068 14139 5016 6787 6183 5349 7698 15496 8707 7749 18891 18776
2920 16541 11073 19575 68 11233 5325 11542 10644 6549 7654
5731 19302 2648 4817 6549 10323
19733 16792 4512 7319 14412 9027
13120 12240 7299
6339 15627 10482 451 1563 19453 10480 16268 5803
19086 6007 8297 16640 6193 15217 1643 19402 9650 4816 16261 13083 15540 13110
15410 18290 19418 2677 2200 10537
17122 15221 9872 17814 2645
1171 6335 1173 10223
3680 17208 17884 3346
3680 2900
13529 1583
7654 11573
11254 6107 16258 5804 16760
7654 15398 11542
19733 13418 15521 8212 3630 1620 6224 14653
10539
947 11858 19138 12396
972 11542 527 14139 7698
4683 11670 15398
9871 19475 10473 5917 13365 1982
17720 19603 11416 16410
4684 2680 6804 3612 5591 2200
12882 4531 11904 11542
3880 3604 8597 11542
6119 15911 1173 15211 11542
9663 15571 17838 12882
8570 8315 19705 10700 4623 11542 19603 11416
12936 12337 11542
5969
10537 9650 4816 10537 17814 2645
17889 2754 16934
10480 5677 19555 17208 17884 15406 9871 10517
6201 17946 17927 19488 7530 14927 1173
12889 15808 5117 6257 19547 8297 2261 2890
15337 18459 16760 17854 18402 13499 6771 7680 10022 5970 12429
17510 688 11599
2645 11599
4816 2058 4510 9262
1566 2648 18966 19507 4817 14411 1838 17315 13856 15553 16261 11006
952 12318 16261 11863
14139 1230 17814 2645 9650 4817 19582 952 18482 5016
12276 14483 15787 15794 14569
1171 6335 15787 14016 10472 14501 18303 8626 11542
6554 13046 10480 7129 15401
16784 3604 9926 1982 19164 16227
11884 15398 18776 16356 17987 17054
2645 4816 10644 6554 11542 11443 10480 10317 17114
8522 12396 15787 11442 568 19736
12396 18278 15540 1929 11704 4518
8116 1909 579 15211 17816
6272 8240 11542 10644
8643 6339 7291 15178 8597 6771
10568 5529 6549 8578
7822 14405 11542 15541 8597 16914
1974 13638 10817 15863 8386
10740 12276 14425 17814 2645 17946 7387 10223
14416 4302 10318
19474 15169 16279 19302
1176 6771 1748 12240 2317 15787 313
14159 3604 9756 10317 176 9738 16530
11542 14718 6161 8890 2656 10740 18268 18775 19481 10539 16890 3495 8715 19725 7200 313 8309 4846 2090 2090 2090
3134 10073 17830
5917 15012
6800 15284 311 12
12240 5985 14416 19145 12396 4512 15618 16186 12326 9836 14416 11606
1965 14165 13154 16784
4144 2753 3774 13861 7749 8597 5769 4550 16186
2481 18716 11542
10519 11573 15406 6515 18094 3597 14139 7698 1053 12050 13477 6771
1879 11542 6133 14129 14139 7698
11542 11010 14522 16760 1258 3396 6141
17084 18690 13477
7677 1643 10151 7677 7698
15409 8103 4512 15618
16701 1023 6771 9279 568 9279 14882
19603 10480 2677
9650 4816 1729 3551
6193 15217 15398 4684 9871 1441 7026 6204
3082 6771 9756 15406 2317 9650 613 10278 6198 6193 15217
920 1843 7319 13115
8707 5526 18792 3649
17899 4259 19235 10787 9650 16231 9650
4684 9871 17679 2754 10073 10528 9213 17683 9756 15073 10706 13529 2317 11542 19136
17814 2645 2335 15521
19086 19136 15787 4259 11442 18316 19365 6533 2754 5969 9756 19136 595 6533
19024 5970
19278 15398 4512 15618 11606 6336 4735 13
6855 527 9650 4816 7698 953 7835 934 525 4395 19482 2912 12890 485
16760 934 7698 9984 4831 11542 9926 19324 3604 8597 11542
4512 15618 18409 6010 12030 5803
17680 1982
5062
17814 2645 10841 11808 10700 11542 3674
8597 1363 12030 10700 2063 11721 4512 15618 3372 19582 17742 7259
6852 13041 15565 527 18966 5707
15169 11542 17742 4549 771 8382 6337 11730 9650 4816 1013 17814 2645 14768 11727 5639 5098
11542 11722 16760 8499 527 13283 9650 4816 12276 9914 13152 14987 11334 19549 11542 19488 3447 14139 6338 11606 11542
17814 2645 14633 1643 11542 17720 1982 9650 4816 2210
16701 10640 1643 11542 7698 17679 11542 2317 12429 11657 16271 5628 314 14139 5971 527 9650 4816 14148 14059 11542 294 12 19488 11657 1013 4816 14060 11573 16233 252 213 10956
19043 17813 5591 7654 17608 6675 2310 19086 1173 15946 8524
4512 15618 1748 110 17497 15540 5075 17814 2645 6540
1849 11214 1023 11365 8597 6557 3604
1729 3551 1849 18775 16400 19481 2629 148 19725
469 15557 7199 14633 1043 6533 8524
7025 5450 13661 6771 1849 3604 15557 115 12276 19723 17497 15540 5916
3551 6533 5612 10706 7698 3621 11409
11858 15410 6063 12396 17497 15540 8643 6675 6771 19575 5709 4515 15541 17925
2645 10320 7680 13298 1204
9353 12240 17497 15540 11863 7478
19603 10480 17814 2645 6549
7680 11542 17686 7680 15398 5445 6765 4512 15618 18278 15787 2527 10278 9085 17814 2645 17683
7680 11542 17686 7680 19145 1120 7822 2647 11542 14748 16566 922 11542 7822 11542 10278 18775 6034 3008 8309 15161 4604 6209 16446 14607 8643 11542 10402 15649 13191 10350 577 18278 13643
18278 15787 16267 5445 2645 19278 3601 6675 10278 18266 3009 18775
4806 5910 16390 10482
2647 6540 17713 5971 19145 4816 16937 13938 16267 11722 1731 9680
19145 11542 6339 11542 18849 18278 15787 17124 5098
12504 1120 19442 2645 6562 3778
17683 3831
11858 15410 11697 15540 11542 1748
9034 6174 8240 15540
16701 11542 7698 11807 9926 1748
11542 7698
9756 7698 11542 13529 11606 3612
7319 5985 7319 11542
4515 9756 7529 15878
9756 15878 9213 2317
5450 9756 7529 2317 15878 18231
15854 15854 15854
10537 17814 2645
10537 9650 4816
8277
11858 17939 1179
15902 3831
14168 15878
2317
12029
11599 2645 17686
4512 15618 18566 10804 16792 5016 17814 2645 6787 3597 523 12748 19725 3095 3218 6483 867 19550
6771 7822 16760 7698 527 9650 4816 3213 7765 11491 11178 12966 9516 5624 8027
8027 4816 8413 12966 6164 7835 13733 6771 1622
6174 17718 6771 10958 15406 16792 13348 18045 18213 15401 11542 5542 16760 6363 12177 5769 6771
6478 16792 12707 6771 952 16792 8297 2261 2890 579 4610 6771
6771 4610 15199 7698 10084 923 19164 10706 10946 18849 11909 3253 7314 9836 7231 18849 17208 17884
5657 311
277 12 19138 14306 16792 10958 1208
12618 2564 19087 15398 2007 15319 15162 11416 19044 5591
6174 10040 5988 2912 15337 19654 10706 10480 18303 5046
11542 10700 11247 15211 3601 11068
7366 7526 7680 9741 15211 15217 16261 16784 16186 12326 12396 4512 15618
934 14569 2645 10233 4816 4817 13656 1367 2645 7228 5064
19749 15337 19650 6852 2007 11542 10233 12276 6536 8503 12724 2645 4816 10706 19599
4512 15618 15161 11416 19043 5591
4512 15618 17814 2645 6540 8382 8577 6771
8577 4353
6771 9984 6193 15496
15337 13286 19656 16760 13110 527 5733 6693 5985 7001 3082 1961 1728
15787 7003 18880 9724 4540 1728 3551 6533 11073 9756 12276 18303 3082
6771 10473 4817 10708 9756 19353 19618 2754 14005 5098 19135 11416 15398
6771 17814 2646 6675 5016 6789
14063 19136 13128 1186 3095 3218 6483 18303 2645 6787 2832 19136
686 19136 4512 15618 14676 130 16592 1935 4312 19136 12396 15787 16592 10062 9678 7223 19043 17812 14371 5591 14449 14229
17720 1583
6852 17816 15169 18043 17720 2058 17290 15169 9650 4816 15073 11884 3604 11542
18268 7319 16760 4202
12058 527
17720 9650 4816 1643 3881 15730 14878
7576 6174 17325 10317 67 527 10317 3544
1068 7136 5252
17814 2645 14139 2129 17816 12276 1583 11573 163
1704 4133
5917 19601 17679 6183 19068 2115 1068 9815 2437 10317 7600
1728 9739 3388 18266 18880 18775
10056 15217 5427
9724 15354 18775
8570 6771 15521 405 16566
3351 12716 7496
3719 5016 3774 6174 18730 17814 2645 6557 11573
11542 12157 11011 10519 12865 10171 10519 5098
4096 11542 1643 9756 10699 18895 13459 19145 16673 6884 11542 14114 18829 16261 3719 11863 12396
18210 774 5917 17462 10233 17057 8382 16595
7586 16583 10223
1180 17814 2645 7491 2754 4735 16261 7215 15365
12490 12888 9647 4816 8297 2261 2890 3212 7765 11474 11096 14588 16583 4262
1728 3551 18775 4409 19481 10537 18508 1728 14630 10537
10171 2909 3009 14371 6815 10015 19723 115
9650 4816 2754 13152 920 14878 17777 19164
13083 8182 18775
10069 15798 9279 1023 15398 13152 18775 83
17814 2648 10629 4259 8707 3612 17771 9650 4816 4684 8312
934 3878 4512 18228 10689 3604 4144 920 18303 8627 11542 18696
15594 3936 2058 11606 12886 6816 19488
8643 5971 4939 6679 3082 3017 7761 10700 19086 10142 18273
4512 15618 934 12882 8043 11542
19733 12244 18279 4512 15618 568 6119 9683 4816 5665 18775 1730 6164 7835 19548 10999 19481 1068 16121 1020 17771 11542
7822 11657 10537 2869 2169 11409 13157 9668 1833 6554 4636 9287 10700 7299
4890 7617 2732 4512 15618 18858 9678 7223 4540 15427 10039 12700 1013 9787 10193 2931 12726 1472 3550 5103 19365 16766 2358 9683 10166 11231 17987 2611 12725 11190 16701 294 12
9756 12751 12276 17848 5969 14975 10961 6281 17161 10549
12865 18009 10472 13542 6862 1835 1209 15217
12865 9863 6862 15027 15159 18775 6257 8699 18320 18005 11770
10073 18808
7654 17161 1708 10151 9756 14315 11542 17608 15170 17593 6862
6852 19573 18775 1328 10644 15170 19733 16989 8699 2159
12226 12276 7698 11872 9516 10517
11542 2007 5101
2007 9467 16760 177 10804 10804 13240 15387 15215
3876 11542 3604 17549 177 1306 288 3621 15221 11542
17551 19179 16760 13240 3082 7927 4138 1837 17446 15221
4138 6237 11 4541 11503 9856 19481
146 5427
9724 8482 11542 5910 15398 16701 885
14462 15435 3604 6174 12 8597 6771 16760 3082 19179 14139 2317
19087 10317 11542 17814 2645 6540 2317 6771 18968 10644 525 9984 9279 13191
568 6119 9650 4816 7299 19136 18730 11606 19573
920 7822 8784 13191 6198 7747 2959 4107 15220 19502 3648 10157 13191 6217 15221
2310 7148 19164
15221 8923 15594 5903 13240
16701 18438 8028 15584
5743 13856 661 11542 2754 5969 10155
19573 8028 5349
4421 1023
14059 6771 10519 1274 8928 15398 19418 19145 12276
11007 5155 4202 10644 9756 5631 13638
14139 18438 3774 11578 10318 10894
9756 7023 18136 10317 13538 2235 8464
5615 4444 15920 7265 18775 8018 13046
19196 7749 7411 10519 5954 6750 533 15221
15497 4974 14463 6193 77
8803 5851 5445
8803 18914
3124 9485 16270 1485 12952 4325
9649 4798 14571 12929 7698 567 14139 18722 10317
7663 9931 15431 18316 11573 13747 11542 5552 579 10644 19647 14666 6852 17816
5657 7770 11573
10472 11247 5943 6812 19549 16261 5803 11542 7529 12730
10396 10517 9276 8103 18310 19164 11542 774 1120 13347 11542 9756 13110 19488 1173 6562 13191 7677
13591 12889 10318 2912
6562 5971 2935 15063 17690 17816 5971 6174 6852 18303 17694 4512 15618
7136 17999 11924 7434 16041 8499 12 17830 6010 19136 19723
934 13084 252 2058 18201 6852 17816 15911 13588 19138 8028 5423 17830 7822 1234
10539 16585 6174 8480 13227
15398 14148 6183 19136 11542
9029 8152 14666
19733 12276 15003 8524 15247 19136 4512 15618 4547
2346 5591 3539 8738 8558 12058
920 730 15398 11542 14111 5628 3648 15401 18045 19164 11334
7822 7299
6255 3068 3052 8111 9724 8482 14874 3551 19547 6010 18303 8627
12276 19418 6183 14475 12396 6249 18295
579 8169 8629 4512 15618 11542 18268 6631 3082 7822 16760 10358 15540 11254 2160
1935 4312 14676 11266 15540 10005 3680 12396
17816 2645 4816 17939 5016 1238 596 3604 1667 5445
14421 2058 1120 6631 12240 11542 11263
10537 6852 2063
594 867 4028 11365 8935 10537
8570 19418 15526
12403 2170 10700 7822 13903 3551
18288 5326 18303 8627 10278 7526 1620
10406 10142 8738 13236 15410 11542 952 19546
19474 11599
2645 10644 11247 10700 16760 5743 15541 2753
9650 4816 16583 19006 2753 15911
18299 13191 594 1173 7188 10700 15496
12396 16186 12326 1728 3551 10481 6501 11997 6548 2730
9650 10480 6174 18756 11997 14139 11997 12929 13856 1209 3017 17510 9896
13856 17720 11877 12276 11599
2645
18508 6549 9650 4816 3213 11474 12276 19601 13048 10644
8574 6549 19418 7086 13918
6771 19478 2346 2013 13289
19164 6852 17513 11292 16261
15220 6249 7442 6771 7822 7749 6675 11808
14986 10796 10481 16384
18508 19556 527 10787 16924 13191 19656 14554 10317 19225 18278 5445 10644 5023 14118 14102 16261 8103
3604 1372 6771 17114 11670 13159 3287 11877 5362
6812 3604 6771 6255 447 12888 6164 7835
19737 1120 11542 5917 12154 5819 6804 14645 15938 4280 3031 8578 14139 10700 15375 11542
19086 15398 6771 19043 18278 12799
17925 15557 6852 17513 11292 5549 15618 2876 10056 34 11292 6771 7698 6041 2646 12185
9213 17925 3052 5456 16041 8499 13283 10794 1865
12321 15528 5065 15974 4188 14401 15974 9080 5041
15564 6249 3296 3082 18415 568 18453
4816 13859 2838 4185 12888 4121 3219 1728 3551
5105 17737 15521 18371
3017 12396 15540 2058 2753 3104
6771 9756 17946 18457 19164
7927 17718 10472 15471 15373 10941 8503
7677 6771 5479 7654
952 5971 9650 4816 11573 15983 12276 19418 5098
952 5971 17814 2645 11573 15983 12276 19418 5098
6540 12396 17497 15540 15983 12276 19418 5098
6540 6164 7835 6631 4406 2249 7582 15983 12276 19418 5098
8396 13443 5549 947 18295 18303 18005 5910
6193 7319 15217 15410 3653 17032 7319 15221 11542
12431 18303 8627 10278 7526 1620
1643 17690 18291 11542 16701 14261 11542 18133 19131 17816 17315
19418 7654 15398 11877 2646 3595 18564 12618 6533 8295 7960 19136 13046 7412 6174 1626 11945 18278
18731 10317 2646 3589 16266 10519 16266 11606 730 13283 16889 9034
8784 2645 799 7472 981 10562 739 18278 6771 797 5630 10837
6694 3082 16784 1988 10804 16371 5711 11320 1865 4578 1849 3470 18730 2645 6449 9348 1643 17679 12058 16600 10480 10317 10056 19725 3574
3068 13191 4944 6771 11831 15211 8712
18405 18285 19723 12250 10317
9926 4292 664 17122
16407 11416 16261 5803
15542 17137 10804 12865 5969 11542 14463 11542 17742 17830
9926 11542 14666 2754 5016 19486 12276 1120 14139 1643 11542
14139 7299 11542
19365 15217 17816 16410 3287 18278 6007
10961 9199 18928 16891 18928 15566 11542 10700 10537
16760 7319 13731 15922 17679 9650 4816
10961 11542 17018 15541
2920 2754 527
14139 11807 7698 10073 18227
1660 13289 19418
10961
4512 15618 7822 6771 6010 5985 19110 19136 6174 2058 13110 17544 13888
11542 16601 10402 16069 7747 16852 6010 11190 6675 5774 5985 2754 7585 11213 14198
10485 7822 7526 10519 10084 5985 7092 5910 16299 3612 12061 18508 7022 3100 5626
8240 11623 17830 12865 10519 17814 2648 11573 6675 10317 5075 10517 9276 16760 18005 5910 14139 6680 10317 2902
5969 19145 15170 18969 15564 6659 6771 14139 8945
2104 9756 10482 6771
17617 18849 2007 15319 10958 147 163
14106 10804 11818 14671 4512 15618 9756 19087 594 146 3007
5971 6771 6119 10480
15557 4866 17683 2474 9286 15773 3553 15902 1833
934 5971 2912
6771 1748 18278 16186 12326 600 1620 4547
15073 1171 19138 4512 15618 17497 9931 13643 14731 13593
10556 2570 13705 7442 19164 568 7097 10358 2283 10312 12221 1211 15319 16760 19613 19164 1620
17680 10938
1441 15787 10539 7749 17628
19733 4512 15618 6771 6924 7136 6010
2818 14741 17497 15787 5775 13617 18771 3105
10317 4517 2513 19737 10609 15564 3592 525 13938 3082 7484 5372 2753 8707 11203 5969 6771
11542 51 12242
4512 15618 15650 10402 4512 15618 10062 107 112 6255 11730 3082
19733 1728 16701 18775 1068 19481
12540 5450 527 4512 13041 15221 11542 3612 10317 3621 2272
15170 9302 1643 9756 5016 19282 12396 4512 15618 12396 6533
9302 5016 10804 7849 9678 7223 1728 10958 6675 2058 3131
9678 7225 3068 18155 8377 11442 6533 1728 8377 11442
2847 3082 15634 15337 7698
3621 2272 14442 4512 15618
19582
13289 13293 4349 5910
7751 10537 15564 605 867 4028
7585 6879 17782
15401 18043 10804 17830 3287 6771 10481 13673 11606 10482 7129 15401
8643 17771 6026 6771 7136 3719 18536 2310
6771 13730 12348 8572
19733 13941 7319 2065 6193 12058 17771 6771 15798 18043
14118 15636 2474 2912 10323 9650 4816 11178 12963 2474 568 527 7698 13191 9756 10233
10402 2058 3158 17946 10325
8570 10700 7022 12276 9756 11808
14196 11670 15398
5100 11126 7822 5075 972 568 18969 972 15610 19492
16317 7822 527 7822
17679 10233 10698 7387 5917 19164 15337
8503 11573 13110 10223 5864 7822 15337 9756 19597 16319 6816 2257 533 6939 1173 5803 9756 15046 1115
16596 16852 14139 6272 15398 7822 11863 11542
5916 6821 8636 16744 2675 19164 10804 17830 9756 19131 7698 17315 11416
17814 2648 2834 9871 13110
14178 10056 6771 867 19550 1173 7526 6272 19243 14630 7101 6183 12276 12213 2645
1965 12707 6771 9650 4816 7822 17816 14878 18775 1728 3551
6164 7835 934 19481 4409
6771 6927 8643 18478 17925 13941 1668 3604 8597
9756 3432 12023 17593 6771 2869 14274 11447 6663 17946 19583
17598 14608 2869 15408 5094 11389 4388
12231 8675 9650 4816 6540 7696 15170 1575 18730 7442 294 12
9926 17814 2648 16914 7654 15398 11542 8382 6336
17683 3082 18415
6338 10402 2058 4907 16760 12276 19164 10804 15221 15797 18303 12865
10318 16371 5711 10686 18005 5910 11542 1474 4910 5349 6174 1982
15170 12231 11542 13995 739 4684 7698 5703 15277 867 19550
2075 8714 16855 5985
7927 17408 18155 13171 2013 1497 5916 5100 9571 6549
12 12865 8867 17614 19278 12321 19224 16368 18996 12865 6675 11542 19488 6174 15401
16298 17408 17305 17816 2961 9926 2754 1982
730 15170 579 13529 5098 2645
19138 6193 15922 11542 2645 10644 4080 2460 5703 15276 8076
10537 2912 10537 527 6771 15407 5880
10317 14118 16760 10350 9756 2585 6532 7125 9285 19481
18043 10644 11542 10480 14139 7319 577 10073 6771
48 6431 15594 12276 3193 3881 19145 6335 19235 13913 3193
85 6174 15131 13910 751 14064
10644 3213 11474 6431 15594 6430 16299 18578
11542 19136
12504 17683 8396 17814 2645 12897 12276 1965 11573
7233 2730 19549 5971 19603 19136 16371 5711 5349
4512 15618 7698 19136 9650 4816 15319
527 11858 5098
5067 17814 2645 12212 12616 15221 1728 3551 6852 17816 19583 114 3008 10171 4512 10469 3495 14421 1209 5703 15277
6119 17312 6852 2436 5055 17280
4144 10391 4816 6771 11858 10700 10223 9279
3082 3017 13152 7698 14878
9872 7319 8712 6771 8919 3717 13191 3552 14654
11884 16760 8103 7698 18721 3021
4684 6812 6010
11606 7319 12707 14063 15170 12030 11606 1366 7654 19145 11542
213 8028 16593 19603
10958 252
