429
6852 17816 10804 10804 19725 11542 17305 1568 13593 10278 19278 13110 17680 14312 1169
920 10657
9800 14424 1643 17680 14118 10278 11863 14845 19012 11442 1788 8103 16992 10937
17978 6111 5349 6249 4866 1474 4905
17593 7450
1340 15259 6730 7458 1230
2730 11542 14133 13593 16701 934 8241 17628 11657 8215
7747 5591 12058 6107 19164
3055 9158 15950 19723 12240 10132 1620 5969
11542 12276 1965 15410 10472 17816
6201 2754 17683 9027 11542
9027 3021 5711 6174 1575 16317 11542 19659
11818 17679 11542 10204 1011 9111 4828 13856 11542 12276 968 15755 11542 3680
10480 19136 17683 19418
10317 11573 146 8627 10472
6750 15221 5349 11542
6335 6750 15217 191 7042 14845 215 7042 11442 3158 6464
17456 6362 2734 1073 12290 906 15398 6201 7680
8396 14196 6198 15942 7654 15398 11542 12058
9027 18969 9255 16317 19418 920 19478 13191 14118 2754 8569 9531 9828 9776 1377
8573 7680 14666 14106 7694 1643
9213 19278 7822
9926 8699 19442 4144
9213 10709 18296 13191 7526 9279 15837 16755 17136 7698 527 7698 6755 1465 14124
15265 7698 3604 19488 1115
14194 12276 565 15169 11863 12865 7822 10317 5752 9854
12707 12321 10804 4131 19575 17889 11127 15550 13841 8273
15398 18073 11573 19418 10700 3683 9035 4547
15410 18043 5424 17830 17816 19087 15398 6771
10233
429 16899 6174 11443 1834 7907 19164
5075 7942 4716 17965 6554 9633
527 5711 972
10539 4910 13856 6786 9533 12625 9531 17024
6635 9531 7994 4490 2058 12156
1120 17679 10537 6771 18542 19164 15797 876
876 12157 1120 13128 3597 18204 13309 4656 12170 9249 4890 10480 3418 15486 3419 5084 19573
18213 18542
16856 14196 1171 10550 14849 11443 6188 1788 7698 6209
920 7822 11563 14139 17628 15564 19164 16318 5070 6487 15324 1180 11442 14845 17679 10958 15406 3189 16701 19164 11542 17628 169 8699 586 18721 17456 19467 12873 3307 4808
19164 533 3235 1965 6174 14845 6753 6755 15409 10317 8685 11442 16921
11542 14064 12873 17729 12886 327
285
16766 10706 8685 19583 920 14582 2929 6174 17718 16792 12001 11542 12886 15339
16266 6693 9213 4235 15521 10233 11542 14400 10179 6186 11542 17816 12886 4862 7927
5649 6631 11542 10056 19725
10317 1783 1881 2007 6753 14849 11573
1831 11173 1799 18073 18166 10804 10247
579 1831 10067 9369 15268 11573 10804 10247
11539 7545 14849 6680 14118 17598 6249 18967 16312 11367
10684 11657 17628 13499 6203 11808 2583 6677 9761 1579 6053 13497 1231 10402 2373 19145 11452 15221 6448 7645 3287 2783
10961 17312 15542 3076 13941 6911 17737 16701 6680 15541 11573 15886 17631
7526 14729 19393 3167 2924 7859 6464 5501 1620 8524
7698
17593 7942 4716 17965
24
429 10667 11542
15410 8716 6787 11542 309 1564 24
19723 1140 14370 16184 10740 16648 12598 14763 3630 5226 206 1139 164 10381
11542 1982 10740 16648 12058 13485 15170 12276 6635 11573 17816
8941 4716 17966 8303 2058 1162 5067 11542 7545 14849 6753 876 6652 1363 8945 6852 18043
6183 15911 14370 952 3880 18073 4512 11456 3921 1965 533 11542 15170 19418 11173 1797 12058 6757 15663 4716 17965 13737 8234 11190 7888 8253 11254 533 10709 7822 11542
7545 14849 6753 5983 876 9756 11151 1169
9027 6771
17939 3044 579 16907 11542 19319 16907 1909
13477 2583 7545 14845 6750 7545 11442 13807 11442 10317 17865 2358 14738 9228 11247 15557
16407 2037 2583 14849 6836 2776 3422 14023
17720 13389 7545 14845 17729 18303 15515 11258 16546
7136 19603 17528 11416 16410 15398 8751
2719 7673 19012 18073 15152 11479 9836 15787
4112 278
2 146 664 146 9850 15398 11559 9756 19603
12337 19399 9850 8169
12264 654 16701 13804
12598 14763 1989 1575
19393 6443 12318 11535 18132 6273 19164 17718 7973 14748 12058 10317 11252 7017 14139 19086 13152 9776 9532
1681
1681
1681
11541 14889 1306 8627
14139 6045 3187 19474 9762 1853 18013 13152 9771 1013 9707 13018 7233 7299 8627 13159 6755 922 11106 10961 13866
10537 16283 11606
14291 533 11542
18566 10804 533 11573 12059 1748 9930 3621 2279 2279 952 9926 16760 5767 17136 14139 13499
11542 8643 19278 9756 15401 18043 12264 8076 1965 533 11542 15410 10472 17816
16760 10350 7822 19278 4084 1011 4828 9756 533 533 533
16601 7822 533 15221 17310 17816 2583 13191
7677 1575 533 15221 934 7822 5917
4684 19603 19145 240
9926 11542 6775 201 4001 240 17608
10040 12123 240 5707 14139 10644 15406 10317 11542
934 16317 972 13804
17982 10539
1575 6771 16899 18969
15401 7545 14849 19058 15354 922 19603 17795 13544
4716 17966 12740 12884 16368
15922 13110 6812 3021 18969 9986
3021 4473 12882 16094 6655 7586 6771 7545 14849 6753 7545 11443
10740 14849 10480 1833 1575
10317 13046 1328
5349 12886 6193 11539 6193 10402 4905 7586 1474
7545 14849 14139 13856 15410 18073 15636
533 15221 9566 2475 3235 19488 6183 7680 17946
13099 6771 2364 12206 6193 4202 3630 6193 4547 10706 17934 17934 11416
15913 8570 4716 17965 7529 10700 15521
18566 13591 8382 3774 13046 18073 19012 7673
10519 13364
11542 3772 15398 7545 4245 14849 1828 12429 12230 17344 16110 15998 16978
17680 7526 13922
10223
11606 17816 16410 17946 7953 10317 6751 13066 15699
5985 12070 3077
18341 10351 13191 1468 3824 6337
527 1643 14519 7822 16299 6771 12030 16371 5743
16299 18552 11055
7698 2185 14084 14450
13170 17137 6771
6852 8240 10637 6753 7545 11443 6759 14738
10578 7698 9871 14738
6540 11573 10317 7673 1550 1093 19139 8310 13793 17889 18793 3734 6771
5971 13856 17816 6363 4944 10637
6693 10317 15012 13312
12276 10684 4296 3157 10245 8382
12159 1643 527 7299 19145 8382 4685 6750 15221 13529 2912
2754 14182 10358 18043 11606 10481 7129 11542
6685 1370 19145 10396
5098
3648 10644 12865 1306 952 16595 8589 16760 5910 12882 16371 5711 17718
18223 17899 2754 17982 7073 11795 533 11573 7022 18136
19659
15922 18295 17140 574 14139 524
19659 6464
9926 16120
14849
3597
8675 10637 18355 10155 4656 8942 1497
6753 15221 7822 3061 19151 2586 14849 11443 11365 17499 16261 11588 15319
6801 6182 613 10056 1583 16849
17679 11542 19603 9802 17628 16270 2293 19573 5715
5971 11542 11606
13191 5349 527 4013
16371 5711 10644
146 8627 533
19043 206 12707
7822 19573 3095 14770 10537 14770
1833 12936 10317 15787 15979 7822 1360 2223 19309 17926 1436
15409 10317 11542 17683 14370
15217 13841 5970
7089 7822 527 8812 5752 5954 565 14569 11606 5542 12888 13256 15540 13664
6249 3220 565 2902
6174 5298 15262 17448 6141 3240 11542
14196 15398 10482 6011
3838 12865 10644 13341 533 11542
6249 11542
11670 19136 533 12605 17758 4684 18966 6437 2770 19749 7478
19722 3016 6927 12154
10804 11542 12882 17982 14569 12338
16701 2754 13670 13 17758 533 12605 6348
9056 12889 7698 5985 11542 1788 11443 8726 19418 1485
6338 2058 1791 16701 16371 5711 16760 10350 16852 5985 7526 1474
4890 6927 4684 12 12 11542
11332 11542 19603 19145 10151
19474 7585 11542 10558 14064
6201 17549 16766 527 3021 6201
19131 17816
19474
1909 7080 17445 1372 11542
13607 751 5503 19465 3669 11807 10799 13067 579 14998 13110 5501 8675 11022 3975 11539
6675 10637 1289 14778
6750 12073 19193 9213 18164 5325 2050 14849
11807 5484 18303 15512 11258 17889 3975 12276
6183 8240 11023
9850 13152 4202 1752 3979 18303 16695 15950 2676
4473 19131 17816 8860
19087 10317 5910 9756 19087 15170 6827 12058 19086 11416 1620
6854 10706 6675 10317 4056 9552 10759 6164 6170 19787
10056 6675 16914 13191 11542
5075 3376 5692 8791 6164 10700 1848 11542
10706 18380 1879 6750 9776
18966 5707 11542 934 5349
9776 15406 11884 14118
16760 10350 934 13203
6675 14326 883 15398 14878 11476 1213 11542
1879 5917 11542 6131
1909 15398 6164 7677 11542 10473 16627 1093 18849
6804 5692 18849 6164 6170
8570 15375 6062 19418 6174 1982 6852
7822 19573 10903 15270 6557 11542
16760
2719 16760
17683 9756 6287 10868 7545 14849 19012 7545 11443 1791
12598 14763 14139 17501 16765 14135 3188 5471
9553 11442 11573 8618 9850 11670 5469 7545 11443
5542 10334 17456 349 13141 18013 4900 11383 3313 5552 11540
14416 3188 7233 17326 11442 11573 17816 13154 17889 7299 13524 11443 16110 17680 7747 13814
7927 2380 8978 9282 11443
15401 12598 14764 8309 4363
5469 9850
7545 11443 16110 3317 14977 14849 13810 11443 6867 2013 2649 8338 15165 19583
12277 920 14125 3019 7442 8847 11443 883 9833
12598 14763 1965 11442 11573 6183 15410
13171 17108 11542 11442 11573 19418 6415
14139 10481 7129 11542 1107
7592 19603
7654 4905 14305 13191 10317 14352 6677 19145
15169 201 16383 483
7545 1892 4571 13808 17084 7472 13301 13614 6677 19545 1571 17122 4716 17965 2818 18476
654 13390 16392 10056 11291 8343 14139 10644 6675 10317 3187
19365 3287 3145 2268 15319 18793 12161 4761 213 353 19725 751
6677 15886 14743 15297 7593
18073 7673
1982 19164 16408 739
9756 7654 19136
12598 14763 18073 16681 11047 7674 6608 6562 17085
6771 533 11858 15410 11246
6771 18966 10908
6771 16069 3379 12725 6771 13831 3292 6011 7086 8367
6787 16760 11442 2721 9827 3597 2342 12168 4900 19583
8699 4232 9534 14845 10637 3587 11443
12504 11670 19136 10537 533 15258 6721 6787
934 14196 19136 6771 240 6771 19164 1205 6675 10317 1788
429 1965 533 11542 6562 19723 16261 5016 2317 12240 16760 11573 10317 18073 9426 10740 213 7178
7698 16760 11006 868 2730 553 17305 8685 19583 6753 16595 533 15215 2317 5445 10644 11542 16261 5016 6272 17422 13152 15794 19365 19583 8685 17456 13389 13588 458 1965 11542 6562 8685 868 15375 2015 11442 11542 14416 7673 16317 6193 15215 10912
17816 17683 14927 2961 17680 19145 11542 146 8627 12593
11670 8542
19145 11542 6693 1643 19145 2007 15319
15902 13856 11542 6765 533 12605 1579
15268 2575 1093 2575 6174 14966 2575 10537 11542 6174
19086 16460 11542 1171 7654 4910 1879 5910 11542 5683 15371
12276 2677 8116 4046 11573 10317 14694 15911 930 9926 7680 8102
9756 15170 12378 2191 4055
13220 19086 8309 17108 11573 10317
12226 7097 11096 10317 11018 1384 7393 6174 9276 18680 17861 7387 10537 11542
934 10317 2599 533 12605 11573
11542 8102 7442 5738 12276 8715 11233 5326 17899 10700 6771
12030 10706 15496 11542
6026 17679 14738 13191 8495 15895 18966 6102
5910 11542 6677 19132 17816
10317 19145 18073 11542 13841
6183 19087 19493 10291 542 19583 15878 14849 8935 17456 19136 11542
1306 6533 7299 12276 15878 13240 11573 906 9850 19136
9756 7698 12240 6589 6011
5167 11542 7545 14849 7545 11443 7299 8784 10317 1173 5803 5349 14748 12058
4971 11808 16101
17683 7680 3082 13029 12276 18897 7751 1909 4716 17965 13856 10115 5027
17127 3612 10317 15875 533 11573 5628 331
12027 15521 11
8437 19648 16368 10028 6771 7529 10644 146
7526 16258 18443 3562 4871 15466 18013 6201 15615 2189 213
2335 7545 14849 17772 7545 11443 6753 19151
8735
15787 4467
4022 2223 12725 2433
9951 9509
7353
12504 7698 19136 17232 2396 7526 13288 4067 1862
18317 1000 2754 15161 19583 19597 533 6771
19733 5711 16384 19733 7673 6753 18073 6193 9836 2320 129 5468 6771
10317 16299 17679 6764 2297
8643 11281 11902 3831 10402 16744 2585 7545 10637 2583 19060
9756 15410 868 11443 19053 15577 10040 16648 2586 19488 2437 16831 16258 15175 2583 19060 16744 19193 596 19060 9756 2007 19060
15409 16907 1366 13730 4084 19060 2431 19486 146 11292
934 7526 16648 17863 6141
8224 10637 5507 12306 2223 16384 19164
13283 15337 6174 13284 527 15496 5068 17771
13591 6771 3082 9756 1907 11807 4248 13793 533 19710 10317
6621 3442 8295 1474 11606 17854 5719
19138 82 19723 12240 16269 7442 51 19164
11670 3808 920 7023 6852 8028 10402 7680 18156 4885 10700 18716 2832 3082 10402 5803
18303 15265 10151 1907 7747 15542 1114
13032 10402 15375 8028 5985 13793 1620
17854 2317 11946 11126
968 6771 8396 14060 12429
12226 920 7097 3021 12731 9756
4895 7098
7698 15284 8871 13730 8396 12548
7442 277 11606 1982 3925 15541 10454 11352
10485 10317 4243 19087 5657 11416 11366 6201 17889 14849 6754 876 6141

16760 13286 19656 1758 7026 9930 18377 2317 13443 12761
17138
10317 12059 12276 14139 2847 19647 7698 6276 16760 3770 3021 5711 17683 14588 8928
4058 11573
1203 10485 19578 15060
12504 7822 533 15268 6939
429 10539 3021 6750 15221 6119 18454
8396 14201 1171 10323 4610 16760 10350 11035 3068 4944
10402 15594 11770 6771 10432 18932
3777 6771 16760 11606 4905 16410 5628 4549 9532 1982 19737 7291 16545 9776
1909 12598 14763 10644 17497 15787 12897 6174 1982 8103 12058
15792 9776 1788 7022 1306 4264 9531 10519 12865 5969 19547 8784 1893 6771 16760
8360 9756 8784
15887 12598 14763 15653 7654 6562 1989 10400 17485 15325 12071 3071 13200
13399 15628 19590 9342 6533 5608 11573 19418 9800 5683 15371 13191 18299 7930 14748 5910 2007 5349 13907
12226 3017 6858 16371 5711 596 19254 527 10804 10115 5851 4828 17683 14576 15354 4245 13079 16784 3314 9780 12897 7666 10961 2058
14139 15170 13036 19418 7425 7684 7627 451 1565 19723
1981 8852 16454 19573 12598 14763 947 7747 15170 15654 15655 14139 13657 18133 1012 6649 8597 13941 6072 1094 4781 12598 14763
17009 15398 6787 5377 6658 4618
14139 10539 3095 7835 16813 8563
3090 9105 1474 15319 6193 17816
8876 1982 19555 12276
7698
13152 14375 8338
9756
11542 7822 5711 4610 1620 16760 10151 12058 13152 10684 14882 15886 12290
10539 3095 4547 14912 12908 10317 6193 11542 17718 15406 13110
11542 15771 1783 16914 11606 1982
11858 10223 16701 19603 19136
10151
4716 17965 2754 4232 16384 15221 10151 2902 7698 568 3220
14947 11542 7822 533 8430 8707 14748 11409 10402 2058 6201
18566 11573 10317 6694 10684 3082 12934 13319 11542
934 10317 1360
15596 10711 14359 14003 5971 10519
10539 14359 18303 4661 3845 14359 4940
5865 17680 11542 14139 10318
7585 9756 5985 15145 8428 14588 12572 3016 1372 11542
11542 11247 2180 10278 3054 17988 8243 13796 16839 12504 5970 6010
11884 11542 19136 12030 14139 7267 10644 19086 3047
10317 7687 17742 1822 13307 8615 3515 9756 14748
15755 17212 14907 1013 9731 19090 1013 12815 6053 13046 6730 10317
2007 2570 16092
1791 3313 1306 19583 13529 4022 5971 9298 6921
9756 12337
18074 10878 15618 9553 14845 6753 16755
9572 14849 13182 10480 2007 15319 15773 7526 7698 13916 10480 11021 9181 16299 10317 2474 19573 5349 6852 10406 533 18073 11542
3082 10303 3719 12396 12059
7698 16371 5711 13182 533
11884 11957 533 3068 15221 14420 16555
11657 933 14949
7585 333
11542 19601 11542
6183 15410 16730
8169 11606 7680 19647 19601 14666 6183
6174 19603 11098
9756 18228 19647 5985 10358 12058
6174 2832 1169
8570 5985
7275 15081
19474 9756 7654 7082 6183
19545 11606 10472 12058 14139 6675 10317 1169
17312 19164 10472 12058
19545 2754
16395 1168
12226 7663 6452 803 19699
11807 19647 10317 17513 6452 10358 6452 2593 15033 11542 4860 12276 10350 6174
13171 9756 10233 7654 930 19086 7654 1620 8524
13171 13670 17499 1171 9756 14139 19086 7654 12058 13670
1173 9756 13171 2754 7654 8736 13171 10233 9756 7654 12058
18966 18122 11670 15170 6501 7698 11542
15542 6338 16261 2013 5075 10644 1909 6503 17319 15541 12660 9980
11542 3017 2013 17446 6519 1893 12055
6194 9930 18073 1792 6141
3588
15410 1084 3588 19164 136 13154 11136 6613 7387
568 6498 9633 15078 923 15337 5088 14668 17501 568 1643
6852 12 11292 6249 6693 10317 10626 7696 15398 16261 10317 5247 344 11542 10517 12596 11190 7747 8396 13443 16261 10317 10602 7698 16320 1643 10684 4144
2342 10350 11542 18968 1205 11885 19656 4972 10911 6519 1893 11863 6126
19086 18325 6554 3021 533 12605 11442 13378 14858 2106 10528 2283 6387 10537 11542
6339 4656 4185 16760 2058 5098
16852 13235 11542 16868 8685 13957 12181
4143 2420 3761 6198 7654 10700 17889
5196 10519 9196 11409 10706 14416 8685 19179 7162
10958 11606 922 17889 2754 12514 1173
9196 533 12605 14849 876 11542 17040
14900 11542 6765 13200 18299
11542 12157 7452 18005 19750 1498
6174 9926 16595 12598 14763 16760 7822 14139 4022 18969 972
11443 10480 14139 1643 1377 527 14139 7698 6750 15221 15771 14139 10317 15631 4229 6464 10317 11173 1799 11573 16410 11542 9565 6968 7927 1643 17679 2754 15170 143 12707 17310 1587 16595 19136 5098
19597 11254 533 10317 13191 7822 4022 5985 16984 17679 11807 9926 9872 10472 10317 10472 11573 15398 19603
10579 2931 665 15322 12598 14763 1013 19278 12598 14763 6272 14114 15398 7545 14849 17304 216 17924 11443 1013 10171 3719 15146
11542 18268 1982 6338 12598 14763 1965 17043 11542 6562
533 4740 19315 9777 6750 15217 405 17304 6448 15319
7822 18969
7698 13191
16233 527
3068 4944 6498
12598 14763 12504 7313 17816 11542 19418 2479 9158 344 19723 19699
7680 12598 14763 6339 12414 19609 12888 1013 13191 16298
7942 4716 17965 8452 12699 12598 14763 1013 11097 18969 7822 4684 7585 12276 10480 240 1013 8867 11792 1273 7654
12593
15033 16627 4252

19131 12276 15375 17816 19145 7413 7809 19136 12625 5526 1173 6675 9000 19136 19105
1643 527 3378 3378
16770 6675 3082 17720 1620 18089 1620 15575 1604 11542
19568 6490 1643 11542
7529 14064 1989
13856 16466 16460 9756 19145
8863 19601 11573 6183 15410 13856 12081 11
18228 8122 15170 1173 13332 15170
10961 12276 7698 17679 9926 19568 3630 11877 4737
12226 17946 7953 15217 10462 19136 19418 9926 10999
7942 4716 17965 972 18966 15496
11573 1833 19136
8643 18968 9279 12431 15634 13191 10223
6693 10317 10406 533 18849 11836 7485 6169
3068 11 5046 1262
6750 15221 3021 6812 9279 11606 6771
6174 9279 1632 9776
5056 7101 588 1791 9871 9279 6382
6026 13191 5917 3719 12154 9914 6515 10537 11937 15041 7680 5005 6141
11999 14666 6787 15942 15170 9756 1643 6771
17978 19131 11416 2129 13046 18099
6765 12030 3158 12284 1013 920 6193 11542 3378 6183
15410 9756 17683 13389 14025 2013 2570
3082 18317 1115 10519 11542 6174 10700 15496
12276 15375 7545 14849 4656 18454 16566 19151 14946 1099
19668
5499 10684 14845 16676 18717 9557 1482 15021 1013 9553 3379 934 17746 3346 11841 2491 7977 15264
12263 13588 18584 6771 6183
1176 15755 16985
11606 15170 11542 6225 13326
12256 7849 19145 11019 1095 10317 19418 10537
9850 9756 9850 19418 649 6461 533 15530
2556 9926 11019 9474 13588 5969 11606
10523 10523 11841 4910 19418 7526 1475 11838 4144 16261 6128 2959 11263 14900 5767 6939 3719 11970 8503 9756 10706 12882 15496 1095
17446 16367 529 7698 15611 9067 16569 3025 7698 13201 15878
71 12901 11190 6771 5439 2058 12231
5969
11542 15902 11247 2180 10706 6675 10317 579 12707 533
3597 19086 15398 8675 7195 14849 3549 3569 9776
6755 12030 6276 3554 9532 9776 1575
16760 12030 15755 2474
2838 17720 11730 1627 9532 6174 13394 613 1120 5045 1575
11542 2481 9158 11838 12429 5088 15170 11542 2326 5910 16760
11670 19136
6174 17718 8111 5917
15521 13831 6056
