483
14139 6272 15398 11542 15169 18043 17720 10481 8413 8675 6540 9560 16994 429 649 9588 1096 2754 7918 5097
579 1982 6339 18731 6335 11606 5517 4571 3602
13191 579 13529 3375 8542 19418 13377 3068 9811 14139 10706 6026 11542
13154 12886 1591 16792 8413
4684 12276 1965 3602 15410
17122 4074 11409 18605 12504 5971 11542
19278 8167 10171 10554
7822 7319 14118 11542
16601 5927 10317 6198 11542 9926 1879 10084 6350 7399 6467 5346
17946 9756 10084 16267 15508 16760
17122 1643 14671 19278 12319 11247 19054 10081 17329 7233 11606 5971
5904 1171 5683 7654 2931 6771
7698 9584 7698 9560 4536 7822
9811 920 16726 15787
10740 8243 6815 6533 7370 12276
19603 19145
11232 7680 10700 10073
11542 8413 17683
19418 17136 4239 16907 7319 14738 15221
7582 7822 9633
5841 14830 1076 17466 2007 11534 9588 1096 15601 16844 11503 9218
10539 16844 15221 9588 10485 8615 6183
9811 19418 13376 9756 12882 12707 18944 17212 17467 7977 4144 9560 16994 4540 5517 4569 12276 2754 13793 3068 7698
11232 9756 12882 6533
13029 9756 14748 12865 3604
2754 6335 5084 7319 15601 14738
9756 7654 15398 2754 7698 17043 10073
17114 7319 17043 11542
4740 10073 10528 9668 10523 15594 18452 12567
16760 10350 15557 1825 14810 11542 13028 16118 10872 9548 16325 2302 11160 19164 14630 4792 12799 4590 5517 4569
9560 15394 5517 4569
1389 18568 2912 3082 6103 6533 7654 11160
9588 1106 13163 16844 14222 11406 4144 5927 18793 15949 19196 15978 4107 10709 12856 9668
13342 19086
6533 11073 11841 2373 8527 7576
8413 5016 14152 11800 9836 15912 8542 4144 19426 5575 5517 4570 15235
17526 596 6771 1209 5517 4569 18149 908 13616 16227 19659 4569 4556 758 6533 11232 8102 1870
11999 16627 1568 5517 14354 6787 18438 11606
15401 6771 9560 16994 9588 1096 17720 7585 771
17137 15170 10151 8941 17720
19418 13375 4233 12882 16201 1591 9811 11231 9560 16994 14139 9831 7451
7136 8413 16595 6826 13191 18664 16766 1843 3371
8543 7822 11542 7136 10081 337 17816 7822 2912 15895 5985 16766 6771 4737 10804 10247
11670 15398 11542 6174 9756 19136 9588 1096
11542 10519 7822 568 575 7319 920 10077 16463 12936 17683 7316 11407 19075 10384 19154 9811 19418 13384 14035 923 11657 16464
11542 4675 12276 2754 19136
17304 686 19136 930 19138
9588 1096 15794 14139 7822 7319 527 19365 10961 16463 16841 17679 16464 19365 3774 11542 9756 13125 7491 19164 17310 5016 9871 13593 9756 16537 17946 1575
11542 9871 2942 15073 19656 19568 9926 8574
17683 11542 16261 10406 19488 15410 8570 5450 15398
7698 17816 19145 11542 15175 8782
4684 6771 1928 11670 19136 15387
7319 16718 19503 7319 6270
10537 3604 6787 9756 6771
10912 18574 6533 7053 16261 9800 8224 6962
7822 11727 7822 6771
15410 10804 17830 12058
9756 16744 19145
9756 1848 12276 6635 6787 17816
12882 1497 751 15170 67 5542 5517 11770 6771
1173 9588 1096 19603 19136 6448 6174 14975
12 12
13539 4851 5552 19737 7319 774 3719
19418 17137 11606 19418 10073 14118 6771
2058 10317 14118 10278 10804 19171 7314
11542 8413
6722 17683 7822 6533 11542 6119 10317 16120 7554 10402 2058
19235 18295 7319
17683 6193 12276 19136 11542
7585 15771 19136 19418 4684 10700 2701
8570 10317 11606
2377 10480 11573 8871
3580 14060 10317 14900 3602
18210 10537 16755 6632
11542 9871 19235 19164 15170 1877 10537 16258 17982 19603 19136 10151 15170
19043 11291 10473 19136 11542 15398 17683
9588 1096 6549 972 3604 5445 11542 7822 16766
5068 972 3068 4944 13695 12596
5517 4569 10706 6511 6533 18062 5520 11160 19164 8529
12276 11573 10700 6675 4729
12865 10539 7233 17136 5910 11542
19136 19365 11542 9740 5910
972 15398 9588 1096 4890 262 16701 975 7737
12276 13298 11573 12276 11573 13163 10128 14878 18566 8589 2327
11232 17141 7299 7319 11542
16094 17816 13360 4569 13154 9560 16994 14819 11416 12582 17106 12799 4590 7717 5665 17106 15489 2007 17816 16141 4568 11160
4152 16994 4012 16845 14937 9588 1096 13325 19399 14999 2904 5841 14830 4536 19749 11825 9811 19418 13375 16269 17889 1848 18326 6533 11232
11768 15949 12865 14998 7680 14632 5994 12030 7677 484 13124
10523 3267 11409 10804 7291 2183 1923 10084 11538 923 13529 6592 3406
12889 12490 6119 16994
10539 19145
12695 15598 17012 15221 1242 9850 16452
14118 7299 6771
2754 15170 6771 9588 1096 5350 10363 15797 10667 2223
972 3601 17315 14748 14075 7319 7526 7654
13191 6771 7481 5517 4573 7694 19659 3601 12889 1096 16996 13375 14830 9756 10706 6026 5988 6582
17683 10077 8116 13941 1587
5677 8308 2481 7319 1643 7977 12569 16766 15003 2747 9756 8413 4975 11541
19086 3601 14381 4138 8627 11957 16744 10086 6771
4540 2633 9560 16994 16098 13360 4569 19379 3386 9004 3161 16196 11411 9851 15347
7654 19659
13182
13463 9800 10556 13637 12154 14152 10145 8116 19164 7698 4652 7677 18596 18156 8309 10436 17479 19447 7530 9739 18172 7974 13820
16640 16605 2905 10155 10698 4590 17106 2386 5677 8308
12376 19461 16017 3361 10689 3360 2032 8232 11670 12058 1848 2019 5517 16139 2480 2392 10067 15719 11160
18297 1298 11827 4438 16844 14937 9588 1096 19084 4418 9811 19418 13375 17389 16816 17466 2904 5841 14830 4957 7040 13124
12276 6511 19399 18303 13523 9850 8675 15717 15030 10064 11232 8218 16325 2302 7148 9735 19224 17122 5910 1693
14139 7698 6771 8415 7319 13220 10317 15398 11232 146
14139 7698 6771 8415 7319 13220 10317 15398 11232 146
14139 7698 6771 8415 7319 13220 10317 15398 11232 146
14139 7698 6771 8415 7319 13220 10317 15398 11232 146
14139 7698 6771 8415 7319 13220 10317 15398 11232 146
14139 7698 6771 8415 7319 13220 10317 15398 11232 146
14139 7698 6771 8415 7319 13220 10317 15398 11232 146
11542 19442 12414 1965 13036
568 19442 10128 17110 568 575 12415
5075 13611 19442 14576 12415
4252 19442 18636 12414
11890 12202 11671 19442 4106 4866 12414
15030 19442 15557 4866 12414
10943 19424 12276 6437 19418 13377 16418 9749 4163 10708 12414
11232 12110 19211 19573 9233 12198 579 721 6198 12932 14546 13019 630 11030 10824 12829 11232 15030
19043 15521 16701 11232
11096 10318 11542
10537 9584 1096 19573 8104 2834 10063 11699
10317 3892 13856 19601 11573
15410 1643 18278 11573 1982 12276
7707 6174 2335
1965 19565 4850 14738
6174 9926 16595 10381 1643 7135 10028 7383 4549 5078 7927 17683 19418 10700 11573 1982 18721 10519 16907 4971 19418 9198 10700 4276 3082 15349 16204 4549 5078 15406 13459 11997 12865 4645 17934 11573 16907 13191
8103 7698 12240 11997 12865 11573
13182 5445 1008 5985 17732 11573
8503 5507
3951 5101 10062
7319
10028 17946 5377 5999 11766
6693 5818 9588 1096 15337 7022
6183 8103 11573 10317 17945 2216
11573 7822 527 7822 3601 15337 15341 6797 10028
17883 15341 14731 1643 10028 6174 19136 3193
12865 10317 15559 14872 13804 15341 9756 6798 3375 8503 1848
15173 10028 2754 18722 6193 15505 9756 7319
17310 527 15977 11688 6798 10028 15341
13046 4202 7319
5971 19145 11542 7319
9815 10081 1879 5910
12337 3082 10912 7822
13191 16760 4229 17683 3082 10644 13191 6174 1982
3082 6666 15407 10700 6771 6174 7319
16744 10081
6771 972 16497 12886 10644 15406 10317 9668 11858 5916
1520 10644 3604 13288 19365 17816 7822 9633 10709 3082 10911 10358
14196 11542 6198
8578 10700 1120 11542 15886 12276
11232 3604 7822 12730 17816 19087 15398 11542 10089 13172 15398 3291 19603 17793 7299 5985 2912 9560 16994 9588 1096 7822 574 3604 19418 13383 1965 17679 11542 7319 11409 10644 371 10073 5985 5841 14830 7319 10223 3749 6771 5677 8308 11890 12201 9787 8016 11404 2693
13926 17920 15933 11606 1654 5985 3749 6771 15337 5985 7698 7136 10056 524 8163 11409 18578 11232 7698 3604 19136 18674 10402
12023 311
311
9560 16991 15152 11904 10406 13163 13360 4569 647 6533 16141 18173 11160 12799 4590 10504 16727 12276 11904
9588 1096 13163 14937 16844 19399 7298 3435 17346 17771
19418 6771 10472 12799 7698 7927
9811 16269 952 6884 19644 7067 11795 13235 11428
19601 7366 1165 17238 7490 17364 2063 10151
18932 13627 12524 13235 7319
15542 2912 3360 7713 14533 11232 17114 13316
6680 10317 6408 6062 15152 11904 10406 3683 15886 3173 3109 18749 15540 9228 15911 6787 7698 3082 5497 1643 5927 9213 14660
9590 16840 17437 15217 13332 13888 2754 10438 19365 11542
15170 2754 2677 11795 6749 19723 12240 9588 1096 16844
10961 2754 6174 2677 7127 19723 12240 9560 16994 8431 5517 4569 5480 10317 4538 10944 6540
2754 13588 2677 13523 6533 9850 920 17698
7654 14738 12702 12240 12865 18228 4022 577 12240 12865 12240 3193
7927 10706 15496 5045
13477 13191 17678 7698 9668
16844 17390 2364 15175 2258 7409
3604 7682
5677 8308 8413 18730 11890 12201 5100 18730
19601 17679 11542 10472 17982 18578 2748 15217
12030 16760 18268 7698 345 11291 3604 18303 8626 17565 11542 19145 401
7927 18228 15170 11542 1540
11858 15398 18303 8627 19136 16261 5803
15398 13588 1076
7319 16760
19278 7199 13535 11542 6852 2730 19138 16261 10317 214 253 11292 19058
11542 2317 7442 14118 3044 15565 13048 13191 6141
17920 15933 2730 15319 10684 1643 7977 5549 6911
10481 920 2310 19568 1583 527
1748 10686 10684 1643 7979 12888 19054
1176 6592 7129 9756 146 8627 771
11542 18278 10396 12030 5803 19136 13856 16596 19145 1306 17816 19053 213 19725 5626
11542 7526 7314 1643 17720 7680
7698 17982 1643
9756 18179 12276 1583 12888 2754 9856 11542
8784 1893 11542 7319 5985 17122 10700 15521 5016 18914
11542 12276 6631 11573
10317 14139 7319
6631 12707 11542 5910 2677 8629 1639 19156 13139
7585 11542 344 12 10684 8784 6201 8413
6631 565 9811 12177 12276 7894 10519 7319 17680
10317 12276 7526 1678 2058 2007 16417
934 7526 16746 4038 17499 9811 12276 7585 7977 19089 4038 7446
11542 9756 11542 19086 10073 19136
12276 6631 11573
11542 12276 6631 11573
10317 14139 7319
6631 12707 11542 5910 2677 8629 1639 19156 13139
7585 11542 344 12 10684 8784 6201 8413
6631 565 9811 12177 12276 7894 10519 7319 17680
10317 12276 7526 1678 2058 2007 16417
934 7526 16746 4038 17499 9811 12276 7585 7977 19089 4038 7446
11542 9756 11542 19086 10073 19136
12276 6631 11573
11542 12276 6631 11573
10317 14139 7319
6631 12707 11542 5910 2677 8629 1639 19156 13139
7585 11542 344 12 10684 8784 6201 8413
6631 565 9811 12177 12276 7894 10519 7319 17680
10317 12276 7526 1678 2058 2007 16417
934 7526 16746 4038 17499 9811 12276 7585 7977 19089 4038 7446
11542 9756 11542 19086 10073 19136
12276 6631 11573
14139 6272 15398 11542 15169 18043 17720 10481 8413 8675 6540 9560 16994 429 649 9588 1096 2754 7918 5097
579 1982 6339 18731 6335 11606 5517 4571 3602
13191 579 13529 3375 8542 19418 13377 3068 9811 14139 10706 6026 11542
13154 12886 1591 16792 8413
4684 12276 1965 3602 15410
17122 4074 11409 18605 12504 5971 11542
11232 2125 7110 3604 12276 6771 19582 15577 14152
947 13443 6010 3601 9668 19573
3163 15398 2912 3597 17889 12276 6533 18005 5910
19582 11542 12196 14075 3604 18314 3604 12221 9756 7677 8590 19659
6026 2912 15902 6554 10709 7881 16889 19573 6174 1982 4739 15942 7366
16994 12157 4062 7894 13375 16641 15787 8039 6511 16269 8243 7682
1106 14830 6816 15319
1106 13163 12707 4014 6412
17137 11606 11542 706
579 19054 1568 7698 6677 9181
11232 1669 4337 8707 10183 7698 16760 12868 9156 11807 16200
10396 16439 15030 8215
16760 579 4610 13529 19656 3016 6412
17679 8707 4337
8643 9802 11247 11542 6812 17140
14196 19145 7233 10961 12240 5985 6533 11073
934 3876 19136 7224 11904
12504 7484 294 14569 11127 13191
15169 8213 18314 11542 7654 15398
15073 4890 6337 3964 14063 5971 11542
6511 6533 3901 12198 10519 7698 3601 18299
9560 16994 930 3601 7052 14186 596 13220 11768 5912 3068 9756 10317 1106
16994 7680 7654 1989 582 15114 16682 2871 15559 14872
7747 10128 10740 7698 10485 2474 3601 6898 4741 10317 18925 18799 2390 4028 1935 16703 12788 14979 7586 14748 10917 7654 6562
19418 405 4319 5450 14882
6174 13443 13191 18273 11542 16701 405 2479 12397 19488 16828 4253 6562
4277 16417 15217 13154 14953 17137 14622 8524 17365
6511 6533 5608 9756 16099 5985 10700 19573 10700 5912
7585 11542 1 12
18376 16907 16907 13191
13360 4569 4234 6511 6533 12707 13124 11537 10519 19218 523 4131
16909 12707 8450 11573 17364 3223 97 17569 5510 12663 15800 6198 6511 6533
8119
12032 15125
579 5252 15398 16889 10317
10999 3597
15364 1049 2754 7314 10317 4447 8524 12276 7316 11573 6183 15410
579 13588
13046 4202 19601 11542 17816
1909 7233 17499 8413 2754 920 7918 19418 17982 5098
6562 19601 11542 6183 15410
8801 16910 19486 6128 6193 15217 11542 7587 3604 1643 11727
8863 1205 1171 85 10151 14 2396 2997
3936 18317 13159 10561 3663 4784 12154 15594 9094 18729 6452 19565 10804 17830 13341 5520 6141
9756 7319 11542
3936 7144 16882 8382 15247 3344 1395 17377 19654 15337 11542
9588 1096 16742 12376 15161 2834 6128 16985 15911 10171 7233 12061 7654
9428 6174 17718 19656 1204 17474 3936 11542 661
10233 40 79 19767 12240 4537 1179 11792 6771
9756 19138 11542 11542 17616 7228
13477 5517 4569 1395 16138 10804 13379 16889 523 11160 13523 6533 16844 18303 8527 17479 19164 7680 7526 14064 10558 13954 6119 15828 2373 7576 2373 5927 9898 15935 11503
9560 16994 9588 1096 13732 13182 10084 12693 18549 923 11606 17110 2912 9004 1120 4138 17466 4536 6608 10097 12209
19365 11542 14075 10402 8259 10315 3082 17771
19733 7319 5985 7228
12023 14196 11232
12276 7316 11573 15410 19725
9139 19278 4400 15911 10406 11792 6771 15771 19436 11788
19054 18009 12276 6175 15169 9588 1106 6779 8616 10434 15217 7252 16813
19418 7822 17816 10081 13191 3612 17889
15577 12276 10357 9800 3630 1620 6673
19650 7822 9633 9802 18716 6007 1879 5910
14106 14671 4557
12221 10804 12865 5016 762 2754 774 8707 14139
10155 17608 4252 16595 14400 15372 17310
14139 10482 7129 15401 311
146 14064 8871 934 6540 8589 2327 9560 16994 9584 1106
952 9799 13888 11254 3604 10073 17683 4138 8627 9756
15337 13443 15407 7053 9668 7319 1180 18303 10123 3082 2317 1115
9707 3068 9756 1115 7319 9510 3068 17854 15410 10804 17830
7979 9756 7680 11512
18303 19750 3082 13529 7698 5677 8308 17108 3068 9756 2677 5743 11307 12337
10073 4138 17830 5628 11542 10171 183 1843 8116 19573 13459 17816 5972 7215 804 14063 19046 11542 5910 1566 5972
19043 5591
19278 6339 9249 3604 7319
10073 10528 7319
14196 8261 6693 10317 7053 10084
11542 15947 4144 2071 19365 13477 5552 2847 10706 10073
14139 2912 19365 6533 6119 9811 7822 9633 18944 5367
11858 17720 15398 11542 9588 1096 10481 9756 14748 253 16261 11503 6771
5677 8308 13588 12276 10481 16302 11542 2058 11606 8360 13110 14139 18568 7977 12707
14139 19595 5910 17889 6533 19488 10709 15120 8073 13529
7654 16627 12493 6119 10056 12276 6533 15535 12276 2912 11073 7299
1909 7698 6339 7319
9871 8748 8031 10402 11332 17056 6225 15649 3601 5769
6026 2912 16658 5910 11542 18213 7898 1456
10317 15398 15521 5971 3082 11606
11858 5549 11407 5743 12596 9803 6976 12276 17283 6177 1120
16601 6511 6533 11542 4852 7898 2832 3082 7898 2832
15120 17718 7319 6676 11542
9560 16994 9588 1096 13152 5517 4569 6329 4482 13325 16969 12695 17474 16138 5520 11160
6771 9004 18303 1591 17474
5841 14830 19418 13375 13152 2904 9811
2912 6852 14059 19654 1540
5969 19145 5677 8308 2326
10590 7982 4861 1982 16094 14878
9787 8016 19418 12203 13152 1120 4138 18749
18749 11542 14425 11761 10009 18749
4890 13159 6533 14810 3383 17889
17304 13125 4792 18277 14449 10895 15030 11160
5068 13529 7698
6771 16069 11409 19603 19145
9588 1096 2754 13793 6329 4482 11997 7576 11877 5362 1209
8707 11542 13941 19014 15895 618 15949 3082 13111 17771 6771
15911 10684 7655 10700 18716 10073 10531 11542 16972 580
605 7319 4973 10684 2878 8707 11542 3082 17006 4868 4940 8413
527 6771 13941 7698
11232 6562 6242 6337
11542 2754 3079 7319 3604 19603 17816 1474
14196 11542 6198 19089 7698 10073
8941 8111 15398 7698 3604 11573 16701 6312
11232 7319 6771 17212 19098 8249 11409
934 6661 7822 12889 568 9005 9588 1096 9560 16995 5841 16730 19418 13375
11542 7319 15337 7822 4973 3082
3163 2912 19582 1575 2916 3221
11542 7698 17136 17683 7680 7822 7680 12337
4684 6026 6533 12157 10519 7213 13627 15594 8707 19573 15337 13191
3936 4337 4214 19582 11542
9588 1096 14139 15713 11542 7442 4249 12019 12888 12337
4138 11232 3597 3918 1965 7316 11409 6771
8413 15221
333 11232
6010 3604
2587 10318 5917
9560 15033
15409 331 2032 11649 18314 17679 16579 13351 16889 15409 11996
1106 11307 10523 7822 2733 16095 14882
5677 8308 12370 8392 15298 12593 11078 12493 19088
7592 16701 14967 3602 10644 10709 11416 10519 12967 12290 6675 14594
17683 11542 19215 4210 2754 3876 6864 6455 13658 16261 10480 7129
8578
10317 5552 3602 16264 1643 7792 8382 8577 12276 1748 4854 516 14199
18508 4890 7319 11409 5628 10084 6562
9588 1096 10041 19132 14878 2922 7800 15584 17325 7747 12240
8395 1120 14668 12026 12493 4252 4421 11409 9811 19418 13375 19379 6440 14063 18542
10804 17110 2912 2855 6119 1643 7979 9861 12276 7442 16994 9633 2480 5520 1620 4792 11160
8707 3597 15949 15337 15878 12503 11615
1583 7314 67 11292 15765
14139 11573 1748 5517 4571 16846 6141 13941 5971 12276
19086 10110 1620 10402 21 17683 11606 9756 7698 10402 10073 6533 6771
639 10317 9588 1096 920 1173 7319 16266 5549 1013 1591 12276 3622 11409
934 5971 9812 12888 1097 646 16269 596 17985 14129 17467 1593 1013 7319 2065 6771 6119 17420 9896 1013 16417 15216
11811 15170 17467 4537 14139 5971 10519 13529 7698 9871
18375
14139 12030 19582
8239 7861 2402 15344 7530 11877 10350 15081 11416
3380 3630
6201 17946 4275 2746 17057 2326 12402
6141 6141
7319
3082 13007
6174 16261 3604 17680 7747 1907
19131 11416 1643 12468 16461 12865 4547 19723
10706 1076 12865 2754 19131 17816 11416
19733 18210 10317 19664 11542
16261 15046 15940 7291 4440 2612 12865 6491 11710 10278
6491 8111
7319
11232 1485 9276 6174 11542 13347
11826 5517 4569 4540 7053 4735 8675 1011 5520 11160 523 2308
12376 1485 1474 4234 6511 6533 1208 6533 8496
3375 8784 11542 6119 18314 4239
579 7319 3375 10358 7822 12889
6174 17110 14882 7698
16760 7526 2317 5910 18299 10804
8643 16266 8707 10402 14943 2754 5649 12538
7822 6771 3604 6174 17718 14894 10402 2058 19179 10961 18578
6771 19418 9800 16120 6464 16595 6826
18728 17451 19407 8485 8087 6787
19138 6408 18849 15217 19132
16766 6978 11885 3082 1907 4940
3594 5769 16012 6564 19479 6771 11858 16069 5549 16486
7698 1667 10684 3082 527 1540
19418 18468 15526
6174 4252 3922 11885 5349 8547 1106
9838 5542 6411 18721 13627
14449 2677 7654 15398 19418 10537
12865 15169 13536 17992 7319 14452 6431 17136 9756 4473 1575
3774 803 16261 17982 11863 568 13152 3068 9756 14139 6675 2832 19086 15398 7898 17889
11542 9756 12597 5985 7698 1667 661 3604 17466 3604 16266 2754 10073 15878 9663 17816 2754 14139 14352 7979 7680 18204 6174 17992 15947 16261 8125 13341
8116 6361 19568 14139 11542 14139 1008 17946 12 11573 164 13588 17946 213 3602 164
8396 14196
16466 7316 11542 6183 15169
11542 7698 12490 6255 9926 5917 923 16701 13529 8111 15398
5917 14115 10537 10835 14118 6533 10706 11542 19603
11203 15170 5917 4074 16701 10317
11542 3604 14885 9588 1096 7529 13152 16701 1120 19535 10684 10537 7001 16257 13191 1849 10539 12276 7526 714 19043
6533 1881 2249 2832 15787 14139 7302 18640 7894 18548
9926 3630 19043
8570
8106
10656 8503 17310 7526 7302 10554 6533 10644 12865 2833 10223 1879
4144 10317 11573 15886 6675 7698 17680 7526 920 12154 16701 10402 17140 14148 19418 14400 10554 6533 5910
10307 7319 14814 11542 6498 15648 10084 10315 3082 16852 3621 12889
920 18542 7904 16760 10740 7900 17854 11311 10278 6815 16261 19603 6753
9926 13200 7680 16701 7299 7530
9266 7144 10684 10129 7822
10402 14075 11542 6533 7885 11409 3379 7654 1989 1540 3604
9588 1096 7587 7822 12888 2916 16844 2058 18402 1176 6464 8615
19723 164 6498 15648 3604 11573 10519 2317 7319
11232 12337 12276 1965 3604 11573 19723
7319 6276
12398 19087 15398 11542 9588 1096 15217
3017 7747 1474 12396 16760 7319 3082
9560 16994 6249 9633 14878 9930 8707 11573 10317 8589 2327 8040 12730 3082 14781 3034
10077 10519 17122 11096 16846 15217 10233
12873 17978 7585 8116 344 13110 11573 3539
11542 19603 15401
15169 18045 9914 16760 10350
16701 17137 9756 11606 5971 11542
2912 19575 17889 17720 11203 15406 16788
7526 19659 16760 15895 5985 3082 1626 6362 11606
13171 1909 19582
12058 10684 17679 15542 7319
11542 2754 17683 3016 15221 744 16120
11096 17122 19418 9926 19136 6771
12058 12932 6635 9588 1106 11884 15398 14892 3580 10056
16298 15634 9756 10539 16846
4421 18777
9588 1096 16583 10317 952 2223 5731
14118 10278 18717 12865 10317 14118 10278 11499 9535 11884 14370 11542 13191 3047 10223 568
11542 7299 10073 6631 12707 3131 1096 16270 2174
6464
17050 739 6771 17304 9850
10537 19647 6771 1173 594
8808 14619 11274 12 10350 13261 15911 1173 594 19418 6764 12 10358
15169 11542 19488 11606 6337
18268 13529 7698
13191 16371 568 12725
9588 1096 923 14588 4262 7698 9633
4538 13360 4569 6517 18201 7747 14819
14461 2326
2326 4957 15234 7526 11416 1620 7526 6417 11416 5520
1369 4538 16138 5520 523 11158 2302
4538 8439 19399 146 9850 524 6533 14454 15030 16138 5520
7025 9699 8413 5903 1120 6533 934 7698 19136
9871 11542 19086 19136 7233 19224
9756 6011 12030 5803
14139 10318 6771 11999 16299 3602 16299 17679
8167 10095 8714 6787
9588 1096 952 19137 11884 15398 12276 5954 568 19418 13375 7698 9633 1000 6771
10539 4138 13191 9756 7319 10684 3082
10077 10528 10519 14201 7233
7698 19136 4325
10519 17199 10700 17122 19749 12290 1306 19136 8524
15878 13191 17830 491 3017 10644 4138 8627 6993
6852 15401 3965 13511 14065 13779 14065 12276 19551 13632 16178 2058 11606 11542 176 9738 16813 15886 14064 5246
9034 14132 11232 6562 11606 1982 4302 18155 4010 18716
3774 15895 16852 10129 8883 621 18894
4974 8997 7366 1748 13921 13584 13946 15948 3604 12707 7319
16701 12276 14314 16052 16071 18005 6533 7529 15030 1620 7409 2058 18507 15911 14588 5607 11281 18339 11542 18273 7698 17136
13588 12276 7316 11573 15410 164
13477 9560 16994 5517 4569 1643 8243 13529 7698
9588 1096 10485 576 6873 14878 16844 7698 8243 18303 9850 7319
639 17255 2373 2730 523 17212 11542 9756 8309 6677
3163 9588 1096 9560 13529 7698 2346 3719
17683 10482 7319 11542 19136 12414 19455 11121 16812 12888 11542
7319 527 12540 7319 17830 7319 6236 9588 1097 12276 10056 11573 15169 10317 19080 17004 15170 6540 12788 14979 11542 4663 7319 10151 3990 19164 11542 8064 5016 14082 10396 7319 3597 523 7053 19164 10151 18303 17782
