449
10537 6771
3068 16420 9759
1054 7421 3240 12886 12959 12700
16420 213 11808 3047 7822 7215 17304 3068
3621 491 13989 6787 19205 15747 7983 16539 10537 9276 9213 10872 9548
10318 11863 17017 10481 10317 17466 10700
18914 10420 7822 6852 7008 16417 10740
18391 1950 4578 15217 10644 19086 4360 7422 14102 15046
10537 7983 3618 6904 2601 16297
10537 12959 19278 18903 8727 18393 9859 8338 6753 4267
6852 1054 7421 5841 16730 10861 15684 15092 6740 4783 12882 14882
11542 5016 12396 6255 12401 2754 12157 3048
533 16423 6549 952 5469
3163 12959 7983 13546
11863 9279 16760 10358 4233 6382 18168
11863 17017 7822 12337 3048 15521 19737 5743 19164 10317
1054 7422 5851 15221 18375
6804 429 10539 8707
5917 10171 15146 8111 19737 6272 19737 3597
12504 12395 16975 10804 10247 13538 12395 16701 7822 16420 146 6072 527 16914 8707 533 17628
972 16420 2730 163 15169 19723 14370 972 16420 146 2730 17610
5971 1054 7421 905 17878 10673 12888 12959 12700 16420
1054 19467 4178 16420 14106 3628 19136 2896 15398 16420 19467 4180 12959 12700 11841 9756 11838
934 17471 7233
5841 16730 11606 1982 14900 10123 9947 5572
17720 533 11606 1982 6852 16420
12504 7585 972 16420 344 12 6554 11542
9926 12865 16423 6549 19418 5088 15170 17683 12396 16417 10740 18166 10317 1532 15496 7698 11573 3719 14060
1173 17069 6787 15170 4512 9917 18166 14148 13462 11863 12276 10223 4074 15148 12400
12707 5098 6478 12959 12701 15247 2601 1843 7228 5910 7592 15398 10644 12960 2601 16298 1828 2730 10278 4578 10937 1843 7228 17305 6562 6693 4074
4675 19603 15401
5971 11542 17069 6771 10804 7319 2065
10317 405 10073 19145 11542 9756 19136 10432 3021 533
934 10318 6478 18914 9857 9756 4666 13856 13571 7588 15375 3044
8643 1909 12709 6478 13612 19087 16261 19647 7343 6771
17683 1054 7421 5841 16730 6259 14882
7421 14139 15407 579 12959 12700 10537 15398 6771
947 11542 17069 11542 1909 7452 18004 19750 1497 18566 4512 9917
6478 16420 17471 12276 11795 4512 6787 3017 4011
14196 1171 5974 533 17072
15837 12023 4780 10148 7822
6852 17057 8338 11542 6183 15410 17610 10233 17499 16417 10740 11863 6631 17057 8338
13191 972 19596 16466
19086 9926 16760 19136
527 12976 7233 15863 18419 1054 7422 12888 15401 11542
19086 15398 972 12959 12700
5841 16730 972 7983 568 575 19418 2178 1568
10861 15684 12276 17137
10537 11542
7585 33
11670 15398
17136 8452 17043
6198 10482 7129 11863 1783 11542 163 17043
1783 18272 2659 16420 17136 8452 1783
17854 3621 2272 11573
3621 2272 11542 1848 15410 5349 12240 2693 7353 5711
8643 19278 15398 972 16420 12865 9800 15173 11209 7747 15398 6771
1554 16420 17043 6804 15169
7822 6771
16420 7822 6771 11542 6251 5064 12240 16760 6249 17899 11863 18299
568 2121 3068 4944 16760 12886
10861 15684 13154 12882 18391 1935
213 4442 5707 596 2693 7353 7585 11863 6273 18730 16371 5711
12240 16760 17899 1982 19164
7585 972 16420 11919 17513
19278 11197 13475 972 16420
19618
10317 18166 9983 3604 17801 9172 3628
934 7822 5388 11542
7698
972
1054 7421 429 5507 4557 12490 3220 12959 12700
15398 16258 18227 13152 12959 12700 15169 12959 12700
5841 16730 934 19547 8928 12707 11542
14713 8817 5427
3857 429 2474 18070 10421 4259
10810 19206 12585 16420 6750 15530 19205 16058
1965 16564 10166 2732 17816
19208 18849 12504 19164 1982 13990 4810
11542 16878 6193 3621 2272 1371 9005 19205 2898 12960 6852 10537 7983 16539
11670 15398 11542 16692 11247 2058
10317 13989 18850 12276 9756 7698 13241 11818
11 18391 1935 11858 7529 1306 17501 12959 7822 13389 3612 7822 14586 15922 6061 8340 7977 7141 16730 12959 12700 7677
146 15911 11542 10519 19573 19278 16539 16760 10350 10317 15410 13152 19164 3628 14106 4578 2806 16539
19418 11858 7086 19568 13171 7663 10233 10062 14106 972 16420 345 9926
12431 16371 5711 5349
527 12669 213 11573 10810 19206 6249 9633 5067
12959 12700 13154 1054 7776 9756 17467 16881 11200 15259 18556 12276 4547 19278 12421 18006 10480 6608 19579 9213 7136 16261 5803 3047 10278 7082 6464 10804 3052 10278 934 7136 10537 7983 16539 13154 5841 16730
3047 5901 10804 13591 6193 12429 11997 17474 751 11858 5901 9914 922 19418 6464 16248 13591 4101 9002 19164 4665 13391 5934 11858 17720 15161 2479 1620 12815 11863 19742 3317

6771 4233
19474 16420 252 2757
15337 11126 1054 7421 11632
10420 10480 10317 2007 16147 10189 9872 10480 10317 5056
18391 1935 6771 15170 18721 19568 18391 1935 7822 13389 3612 7822 14586
15170
18884 7387 1982 6771
2007 16420 6540
10318 3068 11623 5016 7110 11028 19725 6255 16420 146 213
11542 18739 7412
527 12231 7927 19365 11542 2169 5431 6677 16054 15830 9181
19599 16420 146 213 429 8167 11573
12276 16257 19599
10686 5542 6478 17310 4515 17925 16261 19573 16417 10794 3068
16421 3068 19502 3158 16420 16701 19479 5985
6026 11542 9756 14139 7874 4512 15565 19582 13115 16420 9926 10537 11606
9926 14139 19086
16420 11542 579 7698
12276 67 19725
14196
19136 7698 10864 11542 6852 16420
6194 19048 10810 19208 6787
16420 15540 1965 1008
19145 11544 10519 17830 15073 7680 8802 17679
17683 1054 7421 11812 17816 4939 527
17816 14105
17680 15406 16907
12195 3226 8338 16420 10644 1076 10804 18895
5016 9303 16420
12396 16682 5261 18849 12429 10317 18338 18849
16420 952 19502 10864 17926 18338 3628 920 15886 4562 19488 4229 18932 14228 2075 17022 1133 8338 2479 17280 7698 17679
12700 3448 16100 7977 13859 10882 17927 17513 7013
19488 10882 18156 1965 16627 8701
9279 3774 11542 18156 2817
10961 2721 18338 16420 2721 17879 10672 11573 972 2961 10700 15496 18324 9926 15173
4610 11542 7698 15221
2912 7698 10148 8817 16730 7421 6141
6750 15221 952 7698 16420 11542 9756 15409 16261 11340
19136 18564 16420 6753 10420
10961 14371 16278 14010 12290
3572 6771 1207 762 10303 7319 7747 10523 533
5075 10810 19206 11801 18155 10700 17043 2145 16852 16045 16417 10740 18542 17069 6787
533 15530 2058 7717 16760 10350 3048 10402 13990 6852 16417 10740 10519 5970
17680 3048 12396 16417 10740 11389 4547 12288 17816 11538 16917 3048 15961 5637 8555 10700 10317 11389 4547 16417 10740
6255 10684 3085 10402 3068 4944 6771 934 10223 14125 8102 16763 5910 17069 11542
6771 4512 8272 6335 972 6925 13046 19574 6272 15521 8570 15398 18554
8167 639 19138 11542 2959 13923 3148 17879
17879
17879
832 1054 7421 6816 3148 18849 16420
17879 17499 6566
6679 10861 15684 15092 6740 2210 7822 568 14753 17515 19194 13264 712 16042 10317 1291
15073 17137 9404 11127 11542
7927 579
15398 1154 1136 17629 4685 15063 1643 7977
6209 2007 1643 15264 2657 12981 10472 14118 4275 12192 9756 13120 17220
12315 16298 1620 11542
16371 5711 5349 12550 16768 11606
568 7698 9633 16760 9800 9276
14196 11542 8396
12337 1120 11542 10644
10537 17057 8338 11573 6119 16420
14139 5971 12242 11573 17879
12058 11863 8338 9756 15407 7654 17887
5969 11542
14139 8167 14407 6410 11573 18564 16627 3422 12396 2884 8243 12396 11542 10317 13084 2853 10317 16420 146 213 17879
6675 10317 11863 11542 6409 12276 10539
11573 9756 5349 4578 3052 568 9756 15409 16321 17680
17683 8103 11542
1849 3719 5016 1823 12396
19164 15173 11542 1643
7698 11542 9756 14984 19365 16420 8338
6852 19723 15247 6852 16420 6771 152 14371
15911 14402 12276 6631 17069 6787
15375 12276 7747 1982 17690 9756 16581 16595 6826
3630 14158 15407 19164 7654 4144 10644 5628
17513 19725 15911 6852 152
10684 3712 6771 4621 14618 12395 16760 17122 1497 14419 6852 6771
1363 527 17141 7698 18914 13529 7698 533 5097
9756 4138 5552 11409 12431 19243 14158 10706 19086 15398 13171 10700 1982
568 972 9633 6491 13316 3082 6119 1054 7421
9756 15406 6872 3068 12959 12700
1120 2007 14148 11542 428 19131 17816 6494 14288 15540

7927
16760
13191 10706 17813 8028 3453 10787 9756 5927
1054 972 565 9756 6872 14878 12959 12700
6339 1173 1982 13538 7176 16417 10740 7086
12276 6174 3422 1579 3292 4724 13538 7176
9926 7927 9756 19486 12748 19725 972 11863 17940 10709 11573 3597 7064 3756 7476 8857
7977 1620 12206 4993 1306 9820 4549 5910 11858 577 15557 10700 11542 11249
17683 11807 18721 6771 11807 18721 10308 10708 4107 11807 568 11807 19650 5078 9756 7526 17422 13647 17889 10233 3472 17889 5031 6763
7343 6771 10709 13235 3382
19164 14766 8499
15818 7343 10121 5502 13646 6771 10704 2335
16261 14118 1848 15375 14059 18946 6348
7526 7442
972 16420 146
19573
11670 15170 2916 17939 5016 14878 2912 484 10485
3187 1879 11542 10481 10317 19535 12700 10537 12700
12276 11670 12032 2373 14946 6464 16094 3203 12959 12700 10472 6464 13667 3203
19535 14946 6464 13667 3203
16371 5711 10480 10317 12030 2896
7585 16371 5711 12865 19787 6771
8125 19136 6771 2790 6174 9800 12276 9400
6478 15521 971
13286 19658 13283 527 9983 16760 15800 3621 2272 12865 19418 10537 1173
2721 11542 7822 51 19723 12240 3187 19656 15337
527 16266 7698 16266 1643
10740 13163 6608 16421 10537 1643 565 7586 1643 15337
277 19725 12240
10537 11542
17683 10317
5916 10554
570 6771 7698 1907
16261 14139 1907 11863 12959 12700 1054 7421
525 10317 18210 1591 14082 17466
934 19138 2806 999 6771 7577 3710 18605 2787 590 11863 2223 8884
19318 11863 16420 6771 12959 12700 14779 1782 17359 18716 6618 467 15667 7600 19315 15822 5362 8116 469
17939 17816 10898 16395 4037
14139 14139 7698 14139 1907
7228 10478 10864 6540 17899 12959 12700 10317 12276 3628 18210 19469
11858 9252 19136 6771 7592
18210 16420 6771
17718 13462 18917 17878 10672 6787 7835 7660 5298 12176
4406 6771 10317 15541 18849 10672 6787
10317 11542 11606
12276 1965 10864 11542 163
11542 12929 10317 533 672 6551
16371 5707 11542 11884
14405 12242 18849 16417 10740 3052
19547 7803
527 565 11542 7822
16760 934 11884
15564 934 11884
11542 19131 17816 11416
19418 5969 11542 11606
7822 11542 10864
934 6533 18314 6771
11542 2754 15410 19365 6533
18227 19136 11542
6193 17679 11542 12882 533 16760
10318 1086 11542
2373 10539 6852 16420 11542
7747 8752
7747 12143 10864 3621 11573
15375 6771 2730 1306 7747 1982
17690

10318
8240 10709 14158 7747 7326
17939 17816 2724 6759 7585 3044
19603
10706 6621 18166 5711 17953
7799 5711 16420 146 7747 1982 6174 7747 12414
18166 3158
10838 9850 17113
6771 10946 1498
10539 4500 5782 15284 6852 18303 11573 14106 9541 8586 3738 11542 7747 6174 8752
19733 15284 14855
527 16233 533 1575 2916 12882 18914 12565 10317 7660 5292 12176 1982 9756 14748 17069 11542 11808
16420 9759
19418 12799 15398 7343 15526
14125 19235 10958 16312 13529 7698 579 9926 10317 1054 7421 16420 7822
7698 17879 17718 17879 13928 11838
1575 6193 11542
5841 16730 11606 1982 9947 5572
10537 9947 5572 17718 13529 10315
10315 11542 10315 16420 10958 594 9675 9542 4549
4783 10148 17142 13256 3633
10317 7983 16539 12058
952 9901 13549 10872 9548 9871 6540 19722 7698 11542 18566 16420 213 17982 16985 10999 15103 14010 11190 6821 6198 6183 10318 16420 17683 9926
10999 7680 10700 294 12396 12290 10804 17683
277 10961
15170 579 17720 7698
12865 10318 12865
4684 1825 16417 10740 11 146 17878 10672 9893 5572 9541 7180 8643 17720 13319 1626 16420 14139
934 8240 12276 7026 3621
12276 17679 14139 10318 1626 9108 7586 12960 12695
934 10318 19205 4941 12276 14063 13513 12644 8064 19302 17878 10672 6852 12276
934 7136 18914 9281 10420
17720 15221 5427
3857 18268 10420 4022 8643 14196 15401 240 15169 240 1231 16760 527 11801 240 18969
1054 7421 972 9633 16420
5827 14878 5841 16730 7822 9633
7698 8707 7698 12396
17720 7319 2502 831 3413
934 10318 15217 1764
11542 6249 971 3946 15398 11818 14671 11606 16506 19647
14139 15398 5767 11542 17132 12396
568 1911 7421 7442 14878 1578 6873 16423 3628 4737 19479 16135 934 5832 12959 12701 11841 12930
5841 16730 10324 6765 14878 13941 527 400 17132 9893 5572
7335 533 16371 5711
1171 14670 15175 5767 6771 16943 9756 1995 10620
6750 15221 9027 11606 17168 5683 15371 17204
16371 7352 4737 6926 6201 10481 18376 14125 16417 10794 1088 1575 13831 1575
8382 6337 10233 10233 11818 14671 15195 1568
10472 1557 972 16420
6201 11542 2754 17042 12276 19565 11884 5765 11542 5765 570 6198 13154 14882 1835
1054 7421 11877 2007 17679 5841 16730 4895 7828 6201 11884 7747 15170 6338
16760 10350 13443 4239 5985 4910 579 9871 18725 6228
17032 972 16420 11884 4610 11542 8396 14201 6194 19324 17057 8338 11573 6540
10537 12396 16420 15540
10684 10536 3068 12959 12700 13154 10668 17878 10639
19136 8309 3679 15540
11863 12959 12700 13154 14148 9756 15398 16420
7799 11542 11884 16766 7698 18966 5711 6174 5016 8784 10143 3975 13389
5067 7698 10317 15073 18155 7526 18716 1456 11542 10317 12396 12276 9756 2931
7803 1643 7698 5985 10700 15406 14125
12504 11542 19603 15401 6335 7698 6852
6855 19418 15170 10895 5349 2916 5075
15542 6193 565 15430 14576 14882
10861 15684 15092 6740 14713 8817 5841 16730 11010 10151 1054 7421
6478 11818 17679 19418 15170 11542 19418 6812 8116 19136 16417 10740 11573 19164 12058
11542 13163 11606 8733 7526 10684 16766
5711 11606 17686 3021 12226 7663
1054 7421 13163 16417 10740 18213 10644
19136 5098
11858 14139 18448 14405 16420
8578 16261 16853 3774 12897 1982 527 16294 5098
18438 7983 8382 15247 16881 9295 472 9967
18438 12959 2730 19207 12865 3317 10318 16420 5985 8309 5910
10644 15496
8643 14921 16422 16437 13529 4022 12959 7747 2066 13529 4022
3621 14381 18391 1935 1505 10958 8295 12030 3621 14381
4578 18391 1935 13538 11542 6562 13234 11542 10700 10454 6365 16420 2730
1620 16760 12960 12695 19278 11340 15407 11112 6287 10700 1120 16420 11542
15406 6936 12959 9756 8106 16892 11126 11699 9756 6894
11542 10644
8116 1909 5005 8116 6549 16420 8169 6771
13588 14171
12337 7698 6771 15170 1982 16420
19722 12936 6675 12396 6771 17379
10317 18391 1935 5008 18324 14139 6675 16298 12959
12396 12276 8832 13283 4363 2373
3163 5841 16730 1054 934 7822 19136
17544 527 6198 13154 12707 13941
12936 7506 6675 1054 7421 7822 16417 10793 12700
7322 15059 972
7822 15282 7176
17683 16275 17939 14748 4623 14160 15540
19046 17379 146
12079 15073
8784 11818 6672 3597
7822 6771
2475 525 16760 6978
3082 1885 1908 11606 16417 10740 13538
17162 10519 11818 3648 5542 10537 13538 15540 11858 18133
16420 576 11606 10317 16420 13934 1482 6562 7505 10056 15540
7822 6771 17713 5971 7136 6562 17085 11863 1783 6194 15407 10537 11606
4684 14196 1171
14139 10317 18849 7526 19659 12396 7698 5743 12276 13529 3158 3680 6852 12276 10999 3459
10317 12707 10350 4195 2754 17227 13529 3159 18375 12707 13029 16258 5804 1652 7977 12589 1652 3612 1909
14139
13110 4232 17057 16422 7898 1298 1620 4232 15393 17274 17134 16258 15173 19731 7977 6174 7977 2730 8884 1367 9828 12959
9756 1643 17680 12226 19720 920 7097 6511 10482 3021
19131 51 7654 15398 7979 14139 19083 15398 19043 5591
7097 11096 15221 13443
15169 11542 14111 14671 920 18268 1568 15401 6771
10519 1643 533 16907 4973 7118
17593 7663 4619 10383 14671 7136 3719 19659
968 11542 1833 6193 19164 3680 12748 17742 16423 11573
10317 3682 7513 19019
2653 389 10345 9756
19659
14158 13588 12276 1965 6183 15410
527 17058 1054 10644 17879 10480 10317 8589 565 5841
6201 972
8309 428 6437 2770 19733 1831 9893 5649 17718 10317 9894 527 9756 16423 11573
19145 15103 13990 13538 213 18850 10519 6337 972 16420
15147
4684
6852 10804 15221 930 19494 13538 18166
5722 10417 18391 1507 5009 15264 11351 1849 1643 7977 6141
19086 6812 1173 11606 11863 8331 3019 7698 5985
10955 17748 18914 4561 14879 5427
4069 9756 10706 18716 10073 1811 10420 10485 7319
18917 18067 6352 7530 6495
930 19494 13538 18166
1168 2007 6540 16423
6339 10519 972 16420 146
11573 12231
16692 12396 16766 527 6816 9400 13941 6635 568
11573 9984 5944 3628 9836 16420 6635 17069
17654 7747 2310 13235 6174 2335 19145 17690 6771
13172 14491 16420 3628 3597 10278 2007 15319
1054 7421 13163 7460 8575 3453 8338 6174 17718 972 13394 16701 11838 8243
13459 19420 4454 7835 7660 10537 14713 8817 7822 9633
16766 1456 11389 14377
10861 15684 952 13176 19136 14118 17435 9078 5008
13856 10056 11573 11606 1982 6338
17679 13859 7421 10485 11606 10317 17522 13155 1059 11649 19235 15398 16120
2730 17608 276 9735 13803 3188 16420 17878 10672 15169 10657 6771 1054 7421 19547 9633 12959 12700 10657 9633 16420 12882 8240 7680 18166 17720 15398 2754 13793 146 6787 7737 5841 16730 13159 7983 16539 17720 648 6771 1054 4421 17889 7977 1965 12707 527 5711 7822 10420 9756 13297 15169 201 972 12276 17679 8169 6693 10317 15984 10317 147 15221
13484 968
3017
1575 14158 11542 7176 8941
16419 19725 12058 8396 1140 16424 11863 14370
1054 7421 1982 9633 17878 10672 15902 7421 10485 10317 12959 12396 3628 934 10546 15398 7983 16536 9351 1879 10317 17878 18166
1833 13191 10350 11884 10245 15126 8707 2474 3019 16904 1575 4106 14241 8413 2732 16564 10166 15902 972
10539 6771
5349 10864
10572
10233 16595 15173 19418 16460 6771 7680 7822 4905
11542 4299 9926 18213 10903
11542 16632 18210 3628 7983 16536 12960 6852 10537 10872 9548
934 19205 16057 9351 3628 16423 4232 19207 11542 15800 12960 16870 2583 1848 1982 12929 7822 8338 9756 10317 3628
934 3622 1323 9756 10317 3628 8167 9756 18210 3621 10700 1643 527 7822 7421 13154 1982 16420 17879
533 7822 12540 8752 16760 18210 1907
1907 17880 16420 11573
1306 7822 11542 12276 1965 17057 8338 589 17816
11670 15170 11606 6507 2058 6272 9756 9926 405 8940 19737 1120 16420
19733 10539 7422 11841 3453 3068 6217 11393 8338
18303 17782 19407 14733 327 952 10537 5841 16730 947 2157 11606 4421 10911 11542
12345 15398 7421 11542 2721 11858 10233 7654
9914 8072 12707 10317 5645
17939 11291 7526 18722 16095 13015 11652 17879 10672 19768 2847 1169 15755 4276 8111 10810 19205 405 3360 13092 6287 17057 8338 11542 2090
11670 15170 5349
12030 14405 11786
10961 9756 15911 6852 16417 10740 16701 11389 16701 14377 8283 17879 10631 3388 14831 10700 12239 17679
15398 18700 9896
3459
6338
16466
19043
6201 15169 10056 12276

9836 7529 2058 1620 16417 838 5031 12276 9836 11047 7576 6519 7576 18391 7529 15771 4557 6141
6141
3597 4239 8791 5985 19647 11863 6955 16760
10317 15577 1783 11573 18123 14688 1783 1881
7822 6236
16417 11542 18849 5101 19145 12240 13191 10358 10706 12030 13916 16433 11863 6467 3052 16760 18914 5927 12030 2905 4158 13617 6294 19705 6517 14748 18094
19733 18210

6255 7747 7199
10684 565 16090 11606 1982 17879
7577 10519 1982 10482 9895 5584
6478 10937 15337 17549
2058 13048 533 10684 16760 10537 16760 16760
14196 7654 15398 1537 19043 1783
9756 14449
920 6685 1370
10320 15410 345 6193 11542 6183 10644 8675 6540 17069 6787
15169 1537 249 12276 19221
6771 17978 19716
10684 18914 9756 8116 1909 13286 2912
16371 5711 12231 16312 12231
7053 5542 17830 15398 240 8167
240 579 4610 6771
14158 5016 6675 16420 11573
14148 14158 6693 5065 18005 664
15170 1242 19750 18895 12886 6816 19753
16420 10402 15221 7761 3193 14063 16784 533 6771 3604
16420 11606 3425 12396 8338 6771 2754 14139 1230
7136 16420 252 13588 5349 9756 972 16420
11542 15407 5431 11606 10473 11808 16069 16595
17683 14118 17679 1204 12865 16420 13154 17878 10672 19603 10151 19136
