435
19562 898 10537 702 7174 7677 1620 4596 6815 6803 11197 12696 10067 898 12697 2500 14178 12319 2774 6771 6710 19216
7698 11872 896 15409 12804 1474 19164 952 5349 14177 6787 7136 19164 3055 12222 11305 8033 6646 4578 1134 2069 775 3621 19331
11950 13235 11197 12696 7747 10700 1965 10278 17816 10475 12748 13588 11858 6313
1173 896 15409 14164 6183 11214 3754 14903 12144 12748 5118 3932 1000 10278
896 1664 18716 17212 816 12697 4893 9756 15496 15508 16951 6826
12276 1982 6787 10069 19725
10537 7210 1002 952 11366 5767 5175 6174 3933 10537 14118
19562 896 19059 6816 10350 18213 9199 6587
11197 12696 4728
6852 17816 579 10539 12580 19437
17552 19563 937 5727
13960 10966 17058
10999 1000 7576 8413 7243 14192 9959 7292 11240 9809 12695
3200 1583 11997 12630
10539 11407 12580 19437 7822 3422 3612 458 8104 1306
461
8108
1120 16566 11407 11045 15098 4464 13154 2475 17946 659 2501
8396 14201
13941 10519 7822 10358 2885 10289 19466 13641 14284 9183 10417 13427 13499 6398 10307 17985
7684 751 6557 19418 10320 5969
11542 15409 14362 16785 3668 11127 898 19582 19418 11044 17331 4512 16795
13220 10546 3296 3317 12696 11599
896 1203 6517 10537 7698 12240 3103 6161 10698 3313 5615
7353
10465 12696 1715 6141
10320 19418 10155 11542 17608 2007 19098 16120 6464
19562 896 17310 12696 1781 19486 7636 10709 12276 6010 6787 4596
7822 3296 3346 11657 7210 7034 7210 4388 898 18027 8707 13831 10656
10958 15398 6530 3068 18316 6787 594 11368
12177 10740 12580 19437 16257 15683 2205 12748 5897 19562 896 8707 19488 11242 896
6185 13191 18299 19418 10081 6038
6852 896 6771 10472 17816 13276 10278 4578 2985 13499 9428 10417 18303 6088
1989 12414 10917
10537 19562 896 930 1995
6174 19418 639 16492 10056
7663
18288 19725
4408 9529 15288 19418 7082 10561 11407 10064 12974 10911 13235 18874 3251 1715 14400 8395
2754 594 1120 10381
11010 11542 1105 8040 10762 10233 922 8739 19504
2310 15401 11624 10063 17683 8087 146 16985 4883 14900 3604 4557
4729 17499 7654 15398 11542 14748 12058
15398 2007 15319
7737 10480 7299 19136 14900 17212 16100 13170 12244
11542 10903 19737 7588 24 12882 11393 13176 10171 7822 11453 6174 10402 9199
14139 6490 15398 6771 2754 1485 10804 4610 14671
6771 2575 15410 6498 17816 13588 12276 19601
15221 12696 10317 121 11277 17998 13656 19086 15398 17047 12696 10480 9576 9612 996
13191 435 10317 15247 6771 13656 8360 4196 10804 6536 12865 12748 2754 10684 3068 11296 405 7654 1620 17816 19315 19089
6174 17904 4278 10358 10684 3068 19059 14921 11044 7524 16655 10135 15175 8360 12595 19732 12627 16261 6076 12622 12376 15739 1120 6536 3068
19556 527 1200 15337 18213 17549 16889
9292 12321 11447 6133 17999 15773 12696 10465 14228 13002 2369 5377 4627 2652 12004 732 11614 18037 7852 15856 475 19562 898 8585 19562 896 5067 19562 896 15337 12580 19437 13163 19648 15341 17330 576 5480 10317 19562 896 8028 8626 2691 3621 3380 4387 9178 1002 13271 13753 12226 9433
13191 16894 7708 17216 17556 19562 16298 12580 16894 17816 13311 100 12696 12376 3493 19488 15098 4464 1368 11133 7233 10590 2616 10740 14084
9756 17683 7526 4215 19562 6085 12580 6085 19562 18207 8041 11463 10417 13499 5258 10919 1000 7577 17304 7210 3180 15650 10537 19058 13991
1420 6771 1009 12414 11956 163
2942 1965 18106 6771 19442 8076 3296 6852 3344 4810 12696
13191 15634 18086
3082 10324 4679 17536 3378
12580 19439 19332 13317 3372 17114 19562 896 9445 6430 6255 13859 11173 15685 3068 13110 4304 13027 12628 639 8392 6771
1566 898 13269 17124 9249 8465 18716 8215 12133 19190 1000 16031 14513 6533
6771 19603 11953 1328 5068 17742 11954 18460 17683 16298 1196 6771 11952 1965 6771 17842 17301 16228 16508 12538 12030 15755 15182
19086 7698 15773 12696 15398 6771 12431 12730
19562 896 5082 12580 19437 18317 6236 11389 1000 565 11542 2589 18303 5769 10656 3317 10303 18375 16447 1341 13711 174
13718 18112 1620 17816 18895 9700 19145 12671 7252 6448 4260 4555 9966 4260 1341 19583 17816 6878 8318 5789 13027 9756 11727
10958 6812 2058 16069 17380 3017 9279 13332 6010 6771
11542 14425 17816 1742 6765 16707 3994 6194 5469 1850 13230 7822 12865 10408 17761
6771 7505 6675 7698 6771 18542 13191 7505 3068 4944
1879 6771 15411 10684 3068 7558 2605 3831 10517 10740 6771 7677 1849 3813 17122 19089
6536 3082 5903 8318 4464 5796 6877 3376 13319
15221 12696 1833 10657 11657 17294 11438 7747 18722 16278 596 3100
6771 15902 3103 3375 525 5065
19145 6693 19098 8111 6677 10804 6787 10743
7698 9633 19562
10537 12580 19437 17683 14878 7529 6193 7698 13888 13341 3100 14139 5500 6771 7129
11197 12882 19562 13026 10310 3604 8685 11855 12994 5496 8179 12994 5496 19624 17889
10537 1185 16299 3602 5337 17881 3346 17728 16299 6771 17683 13998 16568 14290 12642
17683 7822 3604 2754 11952 1965 13036 12276 3017 4862 19723
7654 15398 4531 11904 14748 16299 19535 10854
8287 16237
6425 2200 19562 896 11099 2774 9317 16261 11542 7587 3447 10285 13528 9756 19087 15787 1838 12696 11542 15742 11542 16760 4474
9756 1366 12696 17999 2622 5120 14059 2754 9062 16261 19087 13695 3939
19278 15398 11542 8578 4610 18875 3251 1715 1715 14477 12696 14588 3100 9234
19659
12226 14465 16760 6141
13182 14669 19105
11390 8503 15329 12051 18749 7174 6723 12695 18112 1620 17816 12696 100 18864 10657 17401 11045 10180 10397 1341 6760 8309 19648 13856 19573 10544 7001
19649 19562 896 15408 10537 12696 1206 18728 6557 3830 3336 14129
19488 9279 5104 3005 3082 3805 15409 4022 5628
16669 19562 10123 12580 19437 5607 15319 13497 6489 7066 6174 3601 15221 19573 16134 2058 9403 13960 10966 11340 5638 2100 4785
898 12015 12748 7299 1587 18721 2583 11410 6501 16278 16878 14685 5362 12933 14900 4141 15530 1488 15684 18339 6675 10402 18457

6491 10700 1989 6852 147 11292 11197 12696
11311 17816 6765 6187 13099 8576 15436 12865
15060 6193 19562 896 11542 15410 11010 13300 6281 3082 4958 13888 3165 14118 12865 14190 17679 7823
898 3082 952 15406 7022 3305 15634 10414 16601 3820 9357 6521 952 7023 4656 19067 4255 15365 15452 13591 6313 15437 1965 13888
896 8980 19654 3068 6507
17124 11670 11133 12929 10278 5457 18690 16268 5922 2609 12868 13759 3896 19549 19659
10961
19235 16776 9128 14139 9276 11606
4890 2007 11730 2912 10381 14139 6675 10706 16760 19365 9279
12276 17679 9277 19324 19365 17679 7565 8860
11542 5985 15787 579 10657 17816 18106 11542
17679 9756 10317 10804 19562 896 11573 12276 6382 10804 13191 2411 1849 15862 5985 5917 11542 7585 9759 17544 16250
11542 10804 3082 14139 4939 11606
11542 14383 9138 8944 3082 11606 10317 11438 10278 6350
527 12504 6693 14139 4610
2013 11730 2912 10381 16792 12580 19437 7529 15862 12725
15073 12581 527 14139 5671 13364 2912 11073 2754
6771 19418 1204 9059 3016 12393 1626
6675 17536 14900 1224 2902 19418 10320 5969 11542
16652 14894 9569 751 1919 6068 19418 10320 10537
15169 1306 17816 2730 9756 12058
19145 17816 1231 6478 11599
896 2912 1120 565 13718
12930 706 15319 10336 12055 19572
16258 5803 10123 10706 11606 6197 7586 3939
7136 568 16978 14882 10062 14874 5663 13236 9788 1775 6119 12490 7524 16655 3719 7289 8784 16655 11670 10317
17830 13110 13319 11542 14559 930 18122
12226 11974 10413 12299
9926 10700 6771 11999 11599
830 17369 1497
8544 7473 1551 6787
15073 6685 10537 11599
830 5468 18959 12696
6675 3690 17499 6198 15410 6771 19136 19380 9063 7506 5971 15648 8109
4287 12027 16113 7217 13512 11874 16113 18493 17876 10539
18213 15046 11407 6787 13641 10516 5910 17889 6478 9871 10537 6319 15319
18210 14894 3994 11657 1833 10128 9993 17209 6682 15895 1013 4726 5764
17593 11599
829 18303 8627 18210 10537 12058 1620 14129
4684 11807 14748 11453 17703 5971 17771 19138 10473
4144 3073 6536 8447 6760 11670 17305 13071 15096
19737 6693 10317 2987 6760 934 9351 19551 943 6780 10590 2616 3017 1643 17679
10804 6787 896 13152 10123 14878 19364 15409 8942
19437 5985 3090 401 15712
10966 934 7698 9633 4144 1833 12696
11197 12696 8862 6010 6771 1230 13499
6771 11885 6775 15800 11606 3318 1833 17149
14139 7299 6771 6765 19547 11657 568 14139 7698
6771 10519 7319 15949 7558 12580 19437 5916 8795 3068 10804 17830 17771 11542
947 17720 11542 13443 17683 10223 2317
14196 11542 1171 9756 19089 19136 11884 7299 11542
579 17720 11542 13941 6010 14063 7319 12725
7053 19136 19021 6787 7899 4115 18448 1204
17683 6787 7319 15410 8028 5423 12695 10537
6771 8643 1207 19393 18792
12580 19437 13960 10969 1204 3017 8309 1204 11542
13154 12725 12886 3936 11542 934 1204 5016 7479 12865 18795 4705 9243 8712 10247
6530 3082 8928 12504 16766
12504 11542 6010 5970
17683 4727 6771 4007 11127 15175 7022 9216 15398 8855 11542 14096 5910 1838 11542 14132 15398 9254 4004 5910
19474 4850 11542 19568 18508 13261 19211 906 15170
8643 10233 15170 19324 3605 6730 1173 11332 12345 15398 9201 11542 12325 1562 11247 10519 17680 8104 10278
9926 11203 15170 11606 15170 11542 1909 19418 15398 15169 19418 14314 15401 1833 11542
6771 19418 17499 11606 16780 11807 17137 15398
3515 19458 4547 7762 5594 10436 2276 12276
6762 19562 896 11727 16261 13588 8167
1491 3963
10539
6771 16601 13039 2828 18891 12696 6771 19102
11599
896 15800 12276 6820 6781
9317 15175 16600 9756 17865 16760 7654
11797 16760 3790
10317 17499 16460 7299
15398 6676 11542 15398 9756 6675 7698 17816
7267 1000 19648 12580 19437 13159 14878 896 13154 214 19725 773 8518 12696 12130 10919 6722 6815 11197 16851 18270 17816 18106 1620 12696 7684 19725 100 94 923 19164 11047 10787 1341 10397 7829 12696 12748 4464 15295 8319 6141 14123 12748 8928 12058
19437 10830 4109 15712 14882 11173 15684 12827 18339 16030 7228 19439 6722
7822 527 1835 6775 19547 13345 12696 12058 12748
333
17816
4348
12030
7387 17570 9433 13048 10517 11080 9700 4850 1643 3670
4910 8928
6230 17380
5303
6296 15170 18223 16217 19164
11884 1023
7101 8863 4578 19583 10414 6193 16051 14898 14129
16760 12865 15979 17979 14308
10903 3679 1524 10589 11894 2980
16094 987 7822 15496 14738
4874 1023 14246 19725 17154 6852 13480
17865 12276 17316 17008 4446 5075

19595 2058 1879 11203 6812 2058 1683 10406 6160 12696 6225 6329
12226 7663 13191 6554
4656 11006 14118
12580 19437 1965 952 10539 18981 11766 17315 7472 16914 11542 18981 7472 16914 18542 1393
2916 16489
8169 15398 10684 565 11542 7677 2860 2542 14878 16095 14882
8707 18482 18266 6179 11699 14900 18266 10397 12748 12240 3317 1833 12865 7737 12696 15221 4547 11904 9756 14718
15398 5507 8164
7822 9633
16836 11197 9926 11010 19053 1620 17816
12240 16760 12240 3317 13529 19136
11499 3103 12221 1115 5542 11307 12580 19437
8935 2677 14878 10397 14106 1520
9756 13793
574 13159 19783 13593 1643 14139 6249 13318
568 13159 8318 15099 4464 19547 2513 13027
6723 6533 9926 7228 7822
13169 13529 6771 7822 16317 2916 4800 11809 8224 6234
429 5970 6771 6193 10245
6631 12707 6026 6771 16462 16069 14131 1213 19439 7642 6464 6804 14134 7694 1620 17816
19439 15946 12726 7635 17816 6452
15294 1013 19783 6877 1420 15398 9693 1665 4485
19136 15217 17731 17830
7190 12601 9598 579 13731 4828 565
6852 11542 13154 579 10318
4144 6478 13856 1935 16703 19418 6574 13036 13588 8310
7927 19562 896 5075 17718 12276 15407 14063 10688
12276 7698 11573 15410 13941 17816
16794 5985 6771 934 15409 19544 1565 11952 15577 16792 3292 3221 18731 5013 7827 4292 14179
15170 487 17380
13220 952 5461 13200 9403 17816 18106
15398 11542
19418 13922 19164 967
14900 15565 12696 7174 14900 16760 9279
6193 11904 11197 7558 12580 19437 19046 16094 16813 4068 12240 2821 3597
2821 17310 100 12696
6852 11904 11045 6452
15294 6877 6096 8318
10519 7299
13027 4464 15577 7565 1341 8339 15787 5016 11912
11542 19603 15401 14139 5971 14365 6939 12897 13995 15152 17050 739
12276 6631 11573 17816
9926 12696 13719 14900 6553 174 7747 4656 10537 11542
12321 15217 16815 12696 9569 11657 16261 19136 15514
6144 3683 12058 15895 6195 10278 972 10278 19573
13907 1366 16279 10064 2320 19659 3009
16978 461 6086
6646 11203 11858 18448 12865 17146 18716 3615 15403 19568 1789 6652
8106 11044 9198 18716
7822 16760 7822 12888 1833 13036
19562 896 6540 7747 8064 6771 12580 19437 10714 10123 7136 17720 13740
3597 14748

12221 19475 185 8627 1620 118 9756 12276 4547 19546 12875 12058 12346 1620 11197 12696 3612 3422 14129 7558 12580 19438 7136 2814 16410 10519 17816 12696 137 19547 15398 10804 13115 16410 17816 1212 6771
14900 7680 10537 7558 7558 12696 7558 15169 12696 8243 6448 11663 7136 10804 13115 9201 7654 12221 6174 9756 16873 3233 7948 934 13846 1173 15886 19418 10537 11542 10317 8239 14714 12696 7918 12321 3432 17865 11657 19418 8185
10233 16595 7473 10317 19562 898 11573 18793 14152
12276 4684 6257
5971 6193 11291
10961 12717 9277 100 19656 1002 12696 17816
8714 16964 14900 3100 12696 13499 11795 6193 15217 6771
12016 11453 8643 4820 14063 6581
2987 1342 4241 12696 952 10644 6973 12865 19583
11044 1341 2989 751 15294 6877 6096 8318 7524 16655 15098 4464 6141
3101 12696 3016 12904 10414
934 10318 9770 14129 19012
6557
10684 3068 3225 6554 19583 8860 14063 5428 14129
14411 3225 14400 12696 5910 11542
16595 14666 10317 9756 3643 17040 12026 13950 14139 10318 11542 17295 10350 11999 13950
11858 11247
11197 12696
12276 7824 6787 6183 15410
13831 3292 12397 19562 896 7491 5078 3031 12873 18730 4684 12580 19439 1965 6771 15170 6675 10317 8543 5471 11961 5220 11542
14894 12696 2813 5910 11542 6829 3082 975 5349 8167 5793 1703 11173 15684 10537 9788 1775 4065 16728
934 15837 12023 10830 4109 934 12882 11542
934 6693 14139 14352 7558 11542 9756 10788 18900 14533 13941 7214
11197 12696 6631 19562 896 11542 934 17946 12 11573 17816
6182 16299
1171 18961 12696 6815 6677 11332 3317 4684 19136 11542
10746 2817 12646 1441 3317 7526 7654 18093 14748 100
7822 1340 6086 5709 13154 13667 568 4464 8318 16572 12716
10830 4109 7822 13159 11653 2819 6126 12697 1838 11699 1838
17631 10475 10278 5016 6086 16261 12936 7030 14356 19164 16760 14555 15148 15398 13718 7898
934 12004 1000 405 14352 7558 6815 3016 10656 12696 6160 12865 1230
4973 568 11389 6086 16152 3597 6335 19562 896 6787 15800 7558 10477 5016 17816
8675 6540 898 11573 11670 15170 11884 12276
6693 14139 8111 19145
947 6225 10903 10414 6339
7587 7698 11127
10317 15337 18156 16261 11863 2557 15895 17122 7680 10317
12696 15221 1879 7822 16595 1982
3082 6872 16760 10317 13960 10966 12695
16367 17718 3068 4685 6400 12620 1377 14139 15800 8959 16278 10064 7680 15398 452 11956
11858 17720 10700 3730 11884 17136
2879 19365 6771 19488 10709 8675 11352 15221 14139 14139 7319
11157 15098 4463 13588 11542 1965 12707
10056 14196
8675 13617 7587 13046 11247
11197 12696 14292 12396 14900 3604 17816 18106 9400 19737 6530 19562 896 6771 1525 11770 15650 15886 17631 6787
16760 19648 12580 19437 5217 10278 19476 10408 12696 100
10556 1894 6005 12240 17400 17310 17816 13110 6193 11197 11047 10804 6536 12698 17816 10317 8318 6452
15294 6877
8447 3082 2475 525 6631 658 2501 15098 4464 8413
6771 7822 5988 2912 10706 898 19654 8945 405 6935 3082 8626 8028
19562 898 11197 12696 6558 15771 1835 4856 19164
11542 17502 16760 12016 15329 11728 7558 13154 12580 19437 7677 12696 2656 18749 6723 9084 13154 13960 10967 12695 13154 9959 7292 11240 9809 6193 4547 11197 7558 7677 1620 100 12696 11047 10397 8811 6452
15294 6877 13154 17909 8374 6096 8318 13154 4065 16728 7524 16697 13154 9788 1778 4464 13154 659 2501 8413 9803 17329 14710 13341 6631 1340 12595 13027 13154 10812 4966 7033 2207
11542 17683 898 5068 6771 11606 1982 5068 8096 15936 124 8570 19562 896 6549 7526 12192 16701 10318 8096 15936
5910 5910 17683 898 19582 2071 9279 17816
3774
18173 12696 6724 6533 12016 15329 6815 11698 7680 1620 100 6193 4547 11197
18490 5176 7319 15584 3604
17679 15398 11453 16261 18689 16261 17934 533
6771 9756 7615 10278 10740 9926 10406 19549 15551 11139 6198 18716 12707 8685 13957 10406 1982 10150
7585 6800 14064 311 12 7698 934 9871 6924
6249 11542
6693 6157 3068 6812 7136 11912 12696
579 952 7136 12748 1982 13499
12015 952 7698
4400 9926 17680 18716
19562 896 12276 19187 1329 8450 12015 15503
18508 6198
18173 5471 19648 19573 19562 896 9199 10804 17680 1965 15341 15410 10903
3103 4730
6693 10163 3317 1989 17999 9928 6193 15382 3317 10656 12276 14546 7849 3317 11606 9111 9926 6193 4068 6193 11536 16258 9756 17998 11858 9926
12580 19437 13154 11884 14878 3068
2916 8396 3724 8862 6771 16486
8318 19783 15294 6877 3521 13310 9693 1665 4464 3100 19583 10397 1341 19545
2346 6771 19138 15577 17830 14132 579 12996 10417 1965 10278 1965 17816 15409 12897 11740 12936 11247 7680 1620 18287 12696
10151 18037 10742
12580 19437 13951 6619 12748 12748 16701 8928 707 18716 12688 1874 15398 12996 8928 6771 12580 19437 15449 3100 613 18997
15398 8928 16609 10417 10278 7293 14748 12865 14748 17816 6470
3034 2995 3756 434 4406 166 6097 15861 8685 5856 5903 10399
10537 11542
12580 19437 11858 15410 8116 9926 10417 14129 16261 11095 19659 10317 11863 3522 6574 6771 6503 17300 11863 19742 7677 12696 6771 19648 7737 585 19399 17003 6193 11904 19549 7677 7677 8888 12696 6675 1341 12707 10278 5628 147 3009 17687 11044 6096 8318 18227 7526 13152 6775 7677 15398 19650 4483 10142 19164 10482 9195 7694 10640 9926 7822 6771 19562 896 525 12580 19437 6771 4312 9648 10713 17816 18109 19399
9871 11542 10155 19088
5910 17683 5016 13341 5917 6255 12276 579 8103
15073 11542 6675 7698 11542 9799 9276 1850 19648 12276 11670 19136
11542 9803 5956 17771 10233 10155 13110 19488 6830 17771 11542 15170 16852 2583 11044 1242 13341 10454 5910
12873 12888 6193 12276 7442 16314 19573
12580 19437 15895 13831 1907 12276 6675 17683 10223
11670 15170 16641 15787
13960 10966 7698 12707 10481 4013
15170 11606 19488 14646 16760 12707 9251
10958 7822 11542 4684 19137 12276
12276 1965 11573 6183 19138
12580 19437 5349 17552 19573 11542
12429 10480 7129 13960 10966 11174 15684 1929 17909 8372 1537
11542 1881 1833 8857 12696 8558 11542 6852 8855
9756 7195 10537 11542
12195 17683 11542 648 13588 1643 17380
16317 11542 19656 1833
15324 6249
7716 6119 15221 174 8561 16760 527 10656 11542 4155
19138 11542 19737 13171 19136
19418 19603 5326 16407 2680 5591
11542 14139 10657
5473 6771 6119 11588 5542 1441 639 9926 6361
4144 18969 16899 9756
12157 1345 13477 4625 10656 6675
6174 12580 19437 18731 10317 596 17985 9160 4248 4890 6478 3068 179 3009 896 5349 10937
14051 6771 17013 16856 1441
9926 11606 1341 8789 12696 3663 12276 14118 19583 17881
19603
13539 6580 12696 7233
13539
17683 11542 14139 17502 11127 13501 19583 11807
802 10700 18716 18438 6107 12221 14989 7754 4458 10278 16204 6035 6201 17150 18716 10706 18716 524 10317 14847 4245 5338 11103 6526
17502 16760 9243 3829 16195 16197 13593 5016 19164 15401 6351 10278
12696 13309 13718 465 12748 6088 17687 1928 934 3047 10417 982 14647 5015 19400 19171 15401 17680 10417
7822 15337 11542 2939 16595 5910
10233 9756 15170 14291 15398 12865 13861 8243 16306 3068 1620 11573
8675 6540 8318 6877 13027 10804 6760 1211 11542 8111 15398 13319 6693 5709
6174 3874 405 10073 9668 14513 12728 6346 17384 18891 19583 7565 6722 9154 17114 14755
4919 10656 11542 7677 15787 6174 17718 11203 3719 5088 19562 896 13265 4795 18210 7491 3287
7319 3103 16267 9201
15398 7558 6693 7698 3429 9158 6679 7478 6398 15881 15319
7822 11542 14196 1171 5657 7299 18896
351
10741 15170 19565 19145 6771
12886 2818 8450 12934 6760 8450 10317 6452
15294 6877 19399 19783 6096 8318
12580 19437 7822 9633 952 13163 14878 8243
7587 3068 12934 19164 10519 568 2754
19654 7698 5383 8310 17310 7822 565 18213 2479 3068 10278 12580 19437 6771
14411 17679 6771 8643 1838
10485 9027
12696 7737 13110 6198 9931 2818 12886
6204 7654 18542 1838 12030 5803 7737 10480
16760 3082 527 10700 11606 9756 7737 6771
6249 13099 19737 15410
3564 11658 14900 11542 16371 4236 19562 896
11542 14412 1833 11657 1626 15284 3296 429 6554
5075 3376 1668 7343 12748 12696 3292 1426
527 12580 19437 11884 3082 10644 18210 11858 16316 10317 527 11542
19145 19418 4684 6675 19098 3568 11657 3090 4971 11542
19145 6693 10317 15146 15409 10317 11542 10171 3564 14900 11658 13566 11247 8243
11858 19659 15170 12276 1965 14900 3564 11542 10644 14177 6086
12865 10537 14106 3349 637 11664 3287 4684 19418 10537 11542
15329 8106 18325 6540 10399 17816 18112 100 12696 8478 8811 5388 8910 10850 13499
6557 5767 13191 10350 4139 15658 19562 896 4973 10706 6771 13941 5970
947 12580 19437 13163 12580 19437 6536 527 2733 9800 9279
3296 2819 19331 12696 838 18210 14129 16317 7587 6771 15859 16312
896 7997 14227 13200 9158 3821
11197 12696 6257 11302 10762 10804 1372
898 7049 15477 7496 11795 17513 19725 12810 5910
7526 5985 11197 12696
10537 6201
10706 19086 7654 12696 1643
10706 19086 7654 13110 12580 19437 19278 8240 1922 14768 10657 2821 2730 16813 13029 17939 1620 10657 17816
12865 13154 6878 8318 4464 6141
7822
934 17720 13960 10966 7698 11542 9788 1775 14139 9756 6198
9756 3103 11542 10706 19086 7654 12696 1620 14816 18287 6174 9756 12276 11904
19562 896 7491
10537 11542
18213 6582 11542 2856 10317 5468 5910
14193 18228 6107 14129 7654 1620 7684 6086
1180 12044 10223 12044 3082 13319 174 11542 7587 10519 17683 4740 10804 5856 12741 19139
12882 14900 11542 11801 3180 6939 8785 7182 18213 5970 9034
19136 7600 19448 13342 6842 19100
19562 13731 10898 7822 9633 13861 17889 10804 11884 7163 17816
14139 1643 6066
11197 12696 6554 11542 7479 18690 7479 12017 14314 3965 5171 13499 10278 18625
19733 18605 3510 14900 17830 13235
11542 11573 6459 6086 6765 19545 9183 12748
10740
10999 9926 11542 17310 12042 12242 11573 10317 10221 13897 3007 4142 4854 7175 6492 7478 7592 7698 11542 10644 179 3009 7822 9197 12748
11858 19562 896 6540 12717 7136 6771 12276 1965 15410 14177 19725
1566 12865 17683 14274 7654 8224 12865 17683 10938
10324 17683 7938 9353 11730 3082
17713 5946 16760 7822 18446 12889
10303 14900 3604 17304 6448
19138 13918 6852 17816
12234 12580 19437 11203 13159 19562 896 6816
11203 11807 19583
12226 11173 15684 6249
6540 19562 896 6174 10223 6540 10850 646 4536 15409 8503 11554 13779 2754 920 7092 1173
6464 10644 7698 11542 19725
9926 10804 17683 18874 3251 1715 7822 17720 1583
12580 19437 12177 3220 10123 12011 5242 16878 579 5971 6771
12580 15407 3049 19562 19365 6771
17683 19562 19087 13152 14878 14123 7822 565 12240 12058
12897 5971 15221 12696 6771
10537 12696
13593 3082 6119 9084 13154 13960 10966
10318 8784 7680 1620 17816 10417 1120 10278 15407 3132 7577 10317
10537 896 12696 15170 19136 3717 19131
