469
8543 6339 10519 7586 11623 11954 1565
14139 17720 11542 12524 12691 10151 262 11292
5910 9756 7632 9857 2041 9991 13750
3068 14360 11858 4940 15407 5880
14139 6812 10684 574 1907 7822
15221 15748 4557 2222 934 13588 2058 11606 12504 11542 15407 12540 11762 15901 19488 4739 11606 19164 3936
17720 8735 10446 15863 1982 11542
16267 17137 12081 1563 11954 11542 14174
4263 1395 7894 10299 15358 380
19418 10700 3327 1401 11342
11964 11542 5098 13235 6685 1370 11 8626 10835
19488 7680 14033 8570 6198 18443 577 6179
10959 15041 1173 6812 18328 3694 6808 6026 17816 10482
1761 11542 19573 6814 18328 10706 16729 18266
5657 15938 1893 9820 524 10317 3054 19583
10350 11542 9856 2041 9991 19418 14559 4578
2754 13670 18328 9857 10959 13529 12154 7136 18210 8339 17046
14414 11542 7979 15797 6472 8018 5059 5255 5692
4159 7631 11542 15834
19132 17816
10519 19132 17816
3515 19090 16914 13690 17720 17114 5910 4596 771
12548 11542 12548 5075
429 12030 16760 2931 6852 8626 10961 8626 8028 19365 18303
14139 18438 4233
10961 10684 574 4783 14865
10961 3263 12002 15357 17422
10961 10151 67 6484 491 17329 6484 9756 9930 10764
10961 17422 18073 3621 2891 8339 17110 533
10961 16268 12633 3095 3065 6685 15582 1685
10961 146 16593
7698 14139 19087 7698
10151 9279
18508 17939 146
277 8627 17499 262 11292 19603 16760
6771 11808 15541 5693 10804 15221 15407 7053 13110 9756 17777 10402 6365 11804
6236 9002 15217 1368 10959 14222 3275 14748 8382 15247 5507 17950 15173 6361 1173 11537 16760 923 10171 19549
10999 1123 14222 10700 11518 12145 18439
18894 17114 17304 1568 3994
15983 19145 12276 17608 11670 19136 4400 19043 3612 5591 2699 10151 10515 17816 8068 8116 5632 2905
10317 10804 12865 7442 11542 1643 14666 6338 11606
7136 1643 14666 774
9756 14106 10597 17889 12337 12414 11952 12540 10472 10429 4202
1643 5693
1643 527
11632 4973 1879 7586 3447 7680 1643 16595
16462 7136 9230 9248 15217 16229 13856 6825 10376 9756 15170 15821 3193 9756 19494 12695 15771 4578
7927 19086 18716 17683 11494 18122 4578 12695 11606 6084 12276 6631 18013 2504
19399 2721 18932 13303
6812 4810 18932 7698 14148 6276 19609 13407
1566 10804 12429
10961 7698 14671 3597
19136 3717 19131 17816 10482 16261 1982 17009 19145 15357 17422 294 11542 1748 3774 11542
11542 10472 2317 19131 17816 11858 19647 14671 11542 1643 10233 6198 9926 19136
17549 9756 17549
13191 16069 527 7698
3082 13319 15406 491 3082 10700 15497 4624
3275 12334 17122 11606 9249 12865 13319 11542
579 8111 12276 12335 7747 2183 11542 9756 17549
17683 11542 15798 14129 18717
6174 18227 7035 12865 934 15787 9161 14748 17679 6209 9181
15169 19365 12332 8524
10523 7953 6844 2107 10317 285 11292
2052 4207
15771
19278 6174 15169 1357 4549 10064
13110 2721 382 262 11292 5495 9452
69 2977 8540 3321 17310 10151 146 8627
16364 18711 1255
12332 17683 5445 15787 12865 18717 5349 6804
7038 1002 2754 1909 7756 19086 12431 15403 18223
2754 15170 12030 10485 14748 579 14748
18296 19583 6117 15911 19794 7752 13389 18717
11542 8452 10519 1497 11203 13410 12414
13789
19164
2754 10700 1982 11542 11416
7586 13587 6522 11770 352 9761 11863 13436 8911 11190 5651 16970 3899 8524 10320 12412 2041 9991 6312
17789 6771 1965 13690 13342 13831 6523 3017 1328
6313 16473 5649 14477
577 12929 19398 13389 5921 10350 17781 14475
7927 6731 3068 13154 565
7756 7120 13733 14150 1907 13687 4557 10740 12276 10151 10481 10317 565 18887
11542 1575
15401 11542 15060 19136 5283 14148 15398 10453 5075 7526 12414 11939
17360 7529 12276 19131 17742 8627 8699 10278
9926 3484 8547 2504 15357 17422 11072 19664 2272 11542 1748 17683 17501 16760 7442 1000 12865 18210 9183 17304 4131 19087 12929 2730 9759
17679 10318 15410 13507 12112 7102 609 18548 16612 3315 2041 9991 9857
1575
596 16462 852 19737 15398 6771 9926 1173 8103 11872 17816
6804 15410 5591 10402 5098 579
16760 10123 3082 15971 3372 5445 5303 15407 18672 3657 8685 9276 10245 5743
2071 8075 5298 1379 15409 14336 8942 3932 11872 4153 14093 15393
16910 3063 5501 1306 5229 19353 2821 18729 11375 13002 5262
14139 9279 1035 19324 17305 10472 10438 3275 14139 10512 9276 10155 12276 9799 758 8325
577 13987 5349 17718 6478 15358 4940 3082 6562 10056 224 12429 13538 4138 8627
12226 9648 1741 2466 1209 2058 5238
18224 19138 1120 19601 11580 19663 4808 12633
6478 2754 13729 11542 15771 9040 9213 12633
13608 6174 1757 8530 11542 4388 12633
16364 1255 11084 19194 2007 18254 19541 19194 15824 2641
18711 11761 10028
10056 10151 15858 2213 14812 18711 5954 8424
13171 16744 15797 19601 13036 4133
6198 9931 1893 1040 3060 12633
1965 9248 1300 11807 7068 7058 2884 12333 4133
14139 19601 13617 6183
8520 4158
17720 8735 10446 1643 6174 19599
15911 9926 8103 18328 14063 15398 5303 16929
8503 18174 4235 6735 3082 17982 18375
12231
19418 458 15911 6735 11542 1748 14118 6177
7663 4488 2317 16069 6010
3395 15217 15169 4512 15319 147 11292 7616 10303
17000 146 8627 5474 5910 19145 4518
10317 1278 11606 12548 11542
1278 934 1748 14118 6177 9930 12452 10151 2058 17168 3395 15217 6011 18771
9926 13235 11542 6255 19131 146
277 8627 17816
19787 4512 17698
17122 17866 1176 3258 4594 8722 929 17560 10124 12412 2041 9991 352 1462 150 4578 8076 1000 11223 10958 162
19565 7654 11542 17310 8722 8927 4886
10123 3068 10959 13154 17552 9606 3114 6755 6836 8772 15221 12447 7587 7726 17758 3109
10056 8626 1909 10439 10740 11542 4003 12276 17758 14125 11344 15790 2998
6954 15837 9815 19046 1620 16760 10959 9926 10317
6174 17718 6693 9756 7747 10579 6814 12412 2041 9991 15530 15898 4795 11542 405 6348 8928 10764 14177 17830
11332
774 14671 18438 451 1563 11954
19131 17816
12058 594 10358 2754 15170 6272 15398 1531 12799 12873 18891
15319 14748 12058 11670 1583 15858 14666 11542 16701 13159
12058 19418 4055 12749 11044 4290 17499 18725 19131 17816 4828 6183
12226 11542 5916 18725 1881 3275 12334 7530 13125 4363
4363 16410 11416 19136 18725 11542 10482 7129
12276 10350 7526 3717 14666 8570 8315 16258 15161 146 8627 19145 5165 2317 11542 15357 17422 7747 2041 9991
3278
12276 19601 13048 13690 6183 15410
17967 19573 10560 18716 1404 4133 2755 10245 17324
11872 16195 5961 9307 17451 5872 18716 19573
9914 352 18716 5871 17967
18716 15484 14491 3818 12748 19221 3275 10276 17967 7604 4913
9926 12058 10937 14205 17967 10123 2041 9991
934 9926 19302 9108 7526 2041 9991 12152 17967 5872
934 9926 6740 12335 3275 15073 4912 7585 10027 17899 9800 17973
11542 2376
11542 6771 10472 12623 2317
6693 6735 7299 5445 533 11542 9871 19164
19136 17742 5016 15946 2030 17380 11534 19145 13690 13046 920 11606 16729
2007 6540 15577 9787 2012 11573 9005 8735 10446 2188 16648
19787 4512 17698 10234
3372 8503 8751 10634 16835
19145 11542 10278 6612 3880 11542 19723
10402 17168 3082 12276 5046
944 8735 10446 10396 5683 15371 19787 4512 17698 15407 18577 10472 16069 4939
15401 10345 19787 4512 17698 19221 15170 10345 6562 17085 11542 4684 19609 11542 19723
19787 4512 17698 1643 11542 8735 10446 6562 12420
15401 12124 11542 11761 7510 8752 6431 13283 8572 11606 1982
19659
19733 11416 16410 11542 1982 568 5075 15337
5693 6141
8643 11542 12061 11792 6485 3326
19659 6082 604 3082 6614 16760 18188 5824 4235 15949 11858 8103 3054 16760 19086 9756 14984 11542
12124 17305 2877 1254 15354 13730 12124 2629 1254 15354
9375 12865 15221 11542 8643 17816 13730 491 11542
19733 1982
8167 3964 8751 8241 12414 17351 8941 6174 6007
6478 9756 3646 3676 11542 7675 10123 3068 8945 6804 527 12887
15217 7442 16618 3184 18340
14588 16760 3230 3505 11606 13803 577 17304 12165 13803 11573 17304
14059 11606 15406 1230 11542 8064 14196 16408 11416 15398
1278 11606 1982
17445 1372 13235 4973 17526 12596 5067 5693 6141
14139 6335 1497 1909 18285 19725 8722 2041 9991 16978 16231 1076 12147 2067 15592 12775 7950 14183 375 11481 5880 14707 9765 4350 15688 4922 6507 9158 16818 1904 12464 12451 7003 8114 8115 5211 17087 18849 12276 19535 1300 18187 7698 6209
13838
6193 12929 1306 9010
10121
5164
19535 14351 13887 12897 6255 13899 16729 5628 13497 17967
10151 2011 10171 12707
1180 9756 15302 19728 17746 6873
12231
13850 15787 16852 6694 13719 10937 3936 7526 17893 9953 1176
8722 12412 2041 9991
13940 17748
8526 6408 6348
8542 12774 9639 5687 10959 9606 3116 7071 6249 16312 5950 9815 19145
15398 9787 2011 5075 16825 15221 10334 2312 413 10017 533 6812 12412 10804 8935 4512 15773
11542 146
238 10151 8626 15765
11410 18718 13873 8450 6562 1982 15551 6780 10317 3404 5655
277 12 11542 146 2011
19787 4512 17698 7698 11542 6338 10402 934 19733 7698 6771 5068 9787 2011 12414 19453 1965 574 2754 10700 6249 12888 9606 3114 2912 7698 9560 3339 9639 5687 9588 5734 10835 16852 5682 14011 9963 3046 3244 13413 11606 7698 7136 10472 6771 1643 13220 15337 12337 5432 13036 7698 6771 7698 12596 6174 17830 10402 16069 17683 9756 146 8627 5985 15540 6771 19787 4512 17698 7698 11542 5985 1965 6771 163 687 6119 7822 12888 9606 3114
12023 311
327
5683 15371 6852 266 10517 9276
17683 11542 10960 9606 3114 14878 3630 17544 6696 15595 12396 16760 13130 19087 18716 17683
14139 6771 18021 2041 9991 10700 11542 16852 6694 10123
10961 9756 13283 3068 4944 12536 16825 16760 10350 10644 9756 18266
12276 6338
5349 1982 5868 13191 12429 11542 10223 10959
17304 16852 6694 10123
17683 9252 13283 527 3068 4944 12276
1120 12276 4019 4425 11573 9756 7677 12061 18156 15466 352 18039
1911 17549 8784 10700 6771 6174 19138 17713 5971 16701 1909 838 10226 4704 11203 1965 8784
3016 17680 11807 13781
8643 11542 17552
10937 4910 10958 3719 491
13235 10700 11542 2041 9991 2818 10743
6193 5767 6291 3114 14139 10644 11727 4684 6540 12888
14139 6693 10317 12707 12333 17312 13110
10245 13549 12777 6213 502
8243 13804 17771 6119 18005 5910
8396 14196 1171 7594 19136 15375 6174 17690 17816
19138 9 19656 10
10482 8117 533 11542 9863 12412 2041 9991 2730 19659 13110 11542 533 15221 2245 934 5917 9863 12108 2041 9991 10060 214 11245 17680 19086 7585 11606 1568
6174 533 1643 17718 533 7822
5743 19164 7822
5917 1965 12707 11542 7530 15398 12108 2041 9991 7526 15771 8215 18290
1575 7822 15217
12504 972 11542 15410
17973 15217 2058 7907
6198 11812 15398
13529 7698 6771
6198 10318 13987 382 7136 2588 3109 6010
9953 9606 3114 18491
10519 3643 13317 17967 10128 10129 2041 9991 17560 1462 7472
18721 15195 13951 5018 17451 3275 18722 14118 17967 13401 15170 1252 4892 1000 9041 18144 96 139 3008
12865 15170 17967 19418 7526 14118 9111 3597 3515
6418 9111 2754 3135 930 9926 12376 9711 18833 17560 13907
8103 4913 11259 11670 14548 13235 1989 7473 15116
11463 1371 16830 5349 7367 9111 13818 11770
1176 6771 19603 15401
2942 1009 1965 6174 17718 5023 19136 15756 18932 441 11820
1120 14668 16608 19787 4512 17698 18314 6771 11812 7698 19654 19573 10472 13601 10686 5349 12865 15946 4879
10804 15221 6675 1907
7822 12889 8309 5960 972 16760
12276 11573 2912 12801
3082 16868 17274 12915 6524 18834 6870 1620 7118
16069 16490 11542 7698 5174 1748
6852 8503 11542 16261 4121 8450 10228
7020 17686 18210 5119 7756 15223 15221 15797 3275 17973 17164
10262 16204 7663 7050 1002 9926 1848 4512 6750 6209
11542 6431 10472 2317
11542 5549 9772
9988 17526 17168 11542 17114 13888 11808
3679 1278 19418 15398 17690 14059 11542 15798 15838 1935 717 6771
5068 16069 19715 11606 13538 6787
527 4610 12276 15922 12888 12414 11952 12888
16701 14416 1334 13910 11542 7586 12414 11953 16701 5693 13602 10317 6520 3327 14118 13830 6520 3325 12414
11542 19787 4512 17698 14118 6437 2932
11542 10223 12197 13200 16825
12030 766 12030 11863
11542 7747 6529 12154 10787 16371 6292 5078 12707 15410
15337 9984 11795 6193 1371
17988 17750
6174 6292 5445 2058 11740
568 8064 6076 17549 10961 19365 13617 11542 3834 12708 5303 16261
11542 14886 9756 10278 15337 5542 3309 6529
10519 1982
19787 4512 17698 163 9606 3114
16760 12 19723 13850 12412 1935 9991 19535 12143 6814 2480
11776 16371 19094 4944 7894 4947 15357 17422 294 12332 7654 7526 5851 12707 6771
10940 19164 11084 7526 14114 10429 7654 6812 9856 17560 10644 16191
8309 19749 18048
8343 9756 1120 9633
2011 5075 5349 1120 10868 9633 15797 11084 533
10958 774 13269 7979 9633 7822

7592 7747 16191
17967 15221 10644 15406 10317 9756 1120 4547 12206
13588 10317 4623 10644
761 13907 5910 9764 11010
333
7022 1982 8735 10446
19164 16069 10472 3996 8116 18438 17329
6174 16963 18268 19474 10644 15496 18508
19787 4512 17698 17114 14497
1176 17122 13182 6549 11542
12276 11542
8578 1982 12199 9787 2011 7343 18442 10056 18303 6787
10317 15398 16261 13235 654 13804 10317 331 11542 10317 13235 2433 15895 16760
10402 17261 3082 6174 7698 7979
13286 3902 6771 14063 5165
12376 458 11116 17967 7526 9111 13720 4133 12276 11670 405 7526 8224 3082 18438
19787 4512 17698 3082 11611 12221 18755 9986 16197 14232 13887
10315 9279 17257 2754 13341 10317 6174 18438 11514
605 13286 4680 3082 11542 3230 13286 5692
12221 3833 16492
11811 15170 19138 7291 6771 19474 16410 17816 1120
15542 5098 15170 10151
1363 1540 527 18605 15949 16760 3950 11214 2317 17830
6478 352 11606 19086 1909 9181 9633 13220 9005 1626 10472 8722 10473 1982 1002 10472 5985 17816 17560 4489 5985 11416 2583 15577 1753 11190 5651 14118 13124
12124 14118 12929 1363 6026 4491 10740 883 6504
15398 11542 9756 12276 18402 18227 6458 18223
5910 7088 10700 1909 13690
15410 6478 16258 883 17816 15398 8102 4547 150
8106 5904 1643 5719
17422 2011 2208 15795 13407 8589 8735 10446
12058 9071 17422 1620 5719 6076 1643 19599
17899 5303 16914 1758 16760 9385 9697 2754 14806 5349 14748 13509 11084
2209 15337 8643 6285 2317 12276 12622 15938
2011 8309 10941 5428 5068
6771 12030 15540 11046 9321 17967 15221
6174 6801 7052 10706 19164 2041 9992 3740 6494 3691
15410 19599 11542 10472 17816
18542 3589 2312 146 8028 8627 10472 13283 12596 4420
1643 11568 7291 3380 1643 14777 15922 7698 565 6812 19365 10472 6771 10999 14139 15922 12276
10128 9997 429 18355 13152 10226 14882 12605 15375 7769 18278 15540 568 10480 10074 15541 11542
5251 9983 17380 11465 10151 12337
6852 12707 11542 12605 13529 7801 6237 17967 3275 18716 1300 11499 9844 12865 2075 13571 15943 1306 19583
11542 7677 19488 6174 11098 12231 10176 6174 13621 17164 6174 11542 17515 10274 6174 5581
13907 14402 18363 15401 11542 15496 18716 579 1982 886 18729 11153 19442 19090
17679 17859 11573 9756 15787 18716 12412 2041 9991 9857 14129 9857 17114 3275 758 10644 999 9756 2818 19086 9856 11670 922 10040 9111 1848 15541 17737 18716 7756 5349 8309 14941
5615
15337 14941 18716 7756 19086 1703 19573 14941 12058 213 4131 10171 12004 9939 9413
18716 934 16596 7526 14941 3005 1699
9787 2011 3017 12276 11154 6781 8450
17304 15847 10156 9715 18894
11573 4812 3275 824 9823 6126 15648 6225 11463 18773 15170 11961 9606 3114 429 17058 18213 4887 6541 3275 758 4884 16976
6812 18932 19541 10558 10556 10959 579 10700 3047 11247
14588 2912 12669
11542 6927 490 4133 15566 3017 14197
14106 12396 15337 19656 4593 10472 15365 6491 10764 12412 2041 9991 3719 14093 19656 11450 6779 1874 1000 7058 7136 9857
8425 14139 10579 6693 6771 14139 13029 12596 12633 7121 9351 6119 8028 8626 10472 11904 13987
9606 3114 7587 1120 7822 12888 16852 16100 3275 12334 17513 19723 19573 1622 6804 8727 19589 19087 10740
14882 13154 5985 14139 14600 3115 15777
11542 14371 12882 17816 7025 18210 6179 17939 13110
7592 14370 19723 5626 6675 6693 18494 825 19796
12276 252 11573 15169 19087 9856 1002
19601 17679 16889 18210
14118 10278 19599 11542
9756 17683 907 19313 19164 11606
5348 1165 15787 3006 19583
15170 1165 10406 10317 10406 10317
12865 5651 19086 10406 5016 12231
2041 9991 16596 19090
999 17816 4994 14989 12633 722
2041 9991 9756 16852 10124 15171 14569
12276 12929 15073 18324
15033

18324
15033 16596 9369 9863 6194 2073 2073 2073
19453 2041 9991
11807 16852 12942 10317
17683 11542 7698 3739
16601 317 5927 12 19725 10064 12412 2044 7529 9857
10317 15794 18716 6201 11542 6193 19164 17968 17561 18722 17456 2931 8382 14031 824 13872 11073
7698 11542 7698 527 9213 9756 10709 5303
6276 3739 524 6225 10317 8103 14118 10278
11542 10706 6675 9871 1076 6679 15046 6679 7698 527
9926 1173 824 13872 17559 9756 10317 6276 11542 10317
7526 10519 9929 579 10317 19136 11542
19787 4512 17698 7698 11542 15564 6201 5016 9871 18891
11542 4684 13996 10519 6150 13913 10317 12234 3275 17967 17561 7233 17561 7526 9111
10961 6174 9111 14139 14377 6852 6758
10700 18716 15398 17561 18891 19365 17679 9213 15046 11542 10317 11573 18293 18008 8152 11542 17304 14931
7586 11542 344 12 16593 7822 11542 10700 17683 10519 5016 17680 7052 579 12337
11542 14371 11606 8751
11954 12415 10644 14139 19083 19136 6804 7747 1306 19136 5098
527 1338 17830
15221 11011 7526 8243 13804 6596 9634
9756 7680 11512
15221 3379
4974 1683 18183
12504 6693 10233
9926 8751 6337
11542 10233 6193 19164 19278 6339 15398 6592 12597 17750 12276 7824 6179 7478 2730 5098
975 5349
6010 12717 7867 930 9926 5917
920 19787 8685 5767 11542 19488 9277
17683 11542 3612 3427 3774 2462 14802 9962
12058 9403 6010
2011
2847 17445
14139 2310 10482 19136 10519
9606 3114 14139 11606 565
11670 7822 7526 8928 11542 14139 10402 3068 6130
8751 12276 1171 6183 1369 7343 14196
10278
14139 10482 7129 11542 15401 13536 14111 11954 14176
8643 11542 5549 6852 231 6771
16760 14683 1306 15922 12929 19578 6814 12124 10644 2317
7319 934 15410 11542 15357 17422 15950 13987 12412 2041 9991 10558 2570 6771 12276 19737 11606 6365 7136 12412 9914
11096 1982 15837 16760 533
4890 2013 2364 12206 6771 17009 19145 15357 17422 15950 6771 12276 1167
17137 8589 14671 11 16583
17720 10644 9279 6010
3017 8735 10446 6562 1643 12337
12276 17680 14139 2581 8589 1000 456
9815 18228 6758 19324 3068 4480 17114 18716
15407 19235 17122 16312 10317
11761 15393 8215 16665 5040 6174 18227 16312 1000
2754 16258 13343 2491
16794 2007 5238 4905 2011 11332
17720 5803 7698 7698 6119 3114
5210 577 12710 14118 16760 7136 8116 1909 5910 6771 1011 11779 15359 1013 10472 8021
18303 8299 13029 11606 3956 2223 12276 8298 605 10959 14139 14631 18716 804 7052 2694 7373 922
10059 6452 2238 14139 11808 11606 18722
14416 13231 10269 10339
10059 6430 4519 13806 9253 8116 18891 9369 2041 9991 3740
17683 10308 5075 5349 1982 18894 405 3742 533
17683 8735 10446 11606 1982 6771
11958 12276 2396 19122 11542
14139 14139 13283
1011 18932 19164 3082 2583 18699
13690 13907 5910 11542 16760 4155 15847
1000 13690 11542
9756 10317 1278
10999 18438 1002 19582
9350 17679 9351 5910 11542 5910 19549 12231 19379 4229
2730 4131 9366 16726 14568 16889 524 10317 7680
12865 8167 18716 1459 18716 6141
15170 12276 9871 11573
7267 19138 11542
13269 10005
6518 19172 14978 13511 16195 17967 15221
15169 11542 4138 19725 771 15107 9965
9525 10094 6863 13523 17560 17970 579 3275 16312 16543 11863 9603
4420 10151 7144 6825 17560 17260 19297
7526 2041 9991 17683 9756 7144 6825 3195 13152 3680 4913 579 19426 7585 16431 1816
19787 4512 17698 8309 9997 11812 12276 2568 13380 10402 19151 7979 11534 2074 1568 10317 2514
7692 4859 4363 10528
7979 15173 17593 10402 6417 19151 14118 10278
9756 8684
6209 7020 7680 7654 1306 2180 15998 9611 7291 12865 6675 7530 5657 13544 2818 1173 10223 7144 6825
6771 2317
12865 952 6209 17680
16701
12865 7530 11935 13544 9756 9863 9161 12865
13981 952 19659 6771
17683 7698 11542 10706
15170 879
4022
9756 15170 7698 14148
15046
18438 6771 13332 6672 18716
19488 9711 9863 11084
12030 12231
10317 5304 10706 6174 19599
7518 7977
8167 15410 6771
8167 8239 13977 18278
17816 1002 6995 7068 4135 9863 12865 6174 9926
9863 3193 12865 19094

6086 8503 3880 12864 13143 10709 11542 3880 16964 13641 1328 6771 19025 1420 7822 6412
2007 6540 8503 11573 1540 11542 10317 19787 4512 17698 7529 4293 472 19586 12414 3964 17946 141 19007 19005 19025 1540 146
252 10396 3832
19025 4812 5932 13591 4133 17559
15337 8880 19656 6753 11021 13021 8945 527 1422 7698 13859 18894 8243 13191
19025 4860 11606 1216
14196 6198 19136 11542 18378 12337
19164 7654 12634 3287
7585 177 484 12429 6771 6501 10644
1680
429 19787 13687 12413 2041 9991 6174 883 162 11606 10223 9857 18716 7058 19723
934 19787 13687 1173 1462 352 19123 12865 6174 15170 9400 131 19667 2244 12030 17718 6642 3017 6174 12100 14492
6771 3372 9252 7585 2291 13690 13690 4614
17018 6540 2380 7582 10317 1909 1053 13675 10277 14118 19583
6653 5054 1851 10277
19787 4512 17698 6771 14118 16951
920 6198 9931 12452 19418 2015 11872 16760 10804 19725 1465 10644 609 9468 17148 10958 8928 11407 8450
11668 17561 19426 7654 6430 10206 1459 19287 17372 999 7654 10206 7526 12276 10740
8929 10507 12276 5046 18891 3724 16760
18641 9187 17967 6119 19151 2212 8310 2817 2041 9991 17654 459 5155
16701 2638 13907 19324 11760 13682 10267 9759 15551 8790 19164 15748 10740 6128 3515 2159 5562 2223 15354 9213 2480 18141
13220 6478 6771 7587 8942 10959 10123 3068 12929 14139 2041 9991 10706 5466 11542
