442
16269 14139 19087 15398 11537 13536
2972 17939
11542 16069 17830 9815 19046 16261 8102
17830 9815 17686 7680 18266 1306 9756 11858 8103
5917
5100 15938 18303 8627 12276 12929 10700 883
5910 11542 17608 12605
8240 13070 5507
11945 3648 7747 9839
7698
13535 13529 11606 11542
15161 11416 14139 17152 11573 7526 18884 2561
2007 6540 10256 11814 3597 12058
11670 639 11542 8589
13588 2015 3971 6495 11542 15794 5917 15217 13536
15911 12231
19278 11542 15398 7603 11858 7194 8103
19534 13941 6511 10482 6174 3422 14125 19365 11542 5432 17812 5910 17720 6804 15398 1788 2730 15398
15319 7677 2075 4252 16595 14885
9839
17437 12865 8064 8064 19520 6750 13535 11542 11858 579 15800 6750
2007 5101
11542 13831 4202 12337
10396 8028 12865 15781 5910 7195 9839 11137 6520 684
7955 12231 4083 16278 6464 5933 14885 4252 9756 10591 4524 11044 9042 9680 6467 11784 14863 6005 14766 9648 3856 3612 6464 6464 17541 4252 5065
15787 3819 10620 4202 684 19046
10151 15162 146 11233 6779 3396 11542
8570 11877 17816 6771 17862 16278 8772 8464 2215 14885 4252
9839
19164 12040 985 1347 6787 3791 16757 10539 18128 10282 680 6750 4578 533 6771
12865 8221 15398 11084 10482 17152 6939
8916 435 19131 17816
16760 1338 10706 9745 111 9467 9392 9426 10740 230 19059 19239 10480 10317 12862 2570 14491
4248 4697 16904 9002 10256 11814 215 11598 13125 4207 8772 5838 19632 16052 15306 10171 8064 11814 19409 6357 4013 6688 17160 1965 13110 1551 14080 19407 19534 4512 7078 9740 68 7276 15688 3392 9740 8780 14803 6753 15073 19534 11267 811 10378 2341
19136 9213 13191 5349 1982 13839 13120 104
15486 6749 13127 10961 6812 18716
15486 6749 13127 10937 1845 17816 19043 12276 18303 19418 15486
6951 1761 6361 2612 13632 4618 19077 7263 18245 3016 4578 14063 2583 15694 19043 8893 14527 1465
6090 13125 16878 10000 6949 15911 10157 1746 7760 10440 12272
1961 8221 7079 10317 6002 11766 8727 7888 19534 1176
6771 10171 14930 19534 2008
19278 19136 11542 429 8784 7233 15902 2310
11670 15170 19145 11542 12622 6348
12058 6771 11623 8938 16907 6927 19534 7654 8675 3392 14803 11190 12061 1459 2612 12865 17155 13125 4207 7977 17226 1306 7209 19151 3612 10317 12030 10432 12865 7530 13125 4207 3719 18514
8543 10406 11542 10644 10151 1173
7136 3082 5743 5549 17982 8168 7319 12542 7977 9872 10315 5006 16595
3068 10256 11814 5155 5856 4824 3648 17080 11465 15406 14362 14118
19608 4974 13529 11606 13191 6174 13229 4445 19664 16985
1176 13548 19647 13229 13856 7167 19060
14666 2019 16466
10537 10256 10482 7129 11877 533 11542 11542 16596 7856 11858 7747 7888
10335 16332 16599 10318 10402 8450 19534 15211 11542 10700 16261
7747 2310 19145 19053 17779 16174 7526 5659 19534 19043
952 10258 10056 7228 5604 19520 5515 9213
6338 10402 16101 15337 10256
7228 5516 10999 3460
12834 4252 19669
3422 15398 1173 15401 6198 5005 1176 14983 12886 17549 11542 17437 17686 16258 16261 579 10408
12234 14449 2561 12799 17608
6338 10317 12229 8169
17137 13283 14065 7586 1203 2612 19411 6360
7979 8503 11542
10233 5865 11542
1035 11606 19520 19232 1889 9021 4808
13171 16692 11758 5128 3055 13649 16627 1568 6730
7680 10453 14671 16426 117 3346 9567 7586 9756 16583 18303 8396 8966 13317 15655
17136 17136 327 8871
19618 8102
5969 11542 6011 18771 13735
6771 2754 8491 9276 345 11292 15170 19575
7850 4684 19575
7850 6771 14060 8386 934 12882 7867 16778
6771 6431 5275 5743 19418 10537 11542 8167
8643 12337 12276 1965 6787 3292 8450
5851 5445 10256 11814 3930 10278 4578 401 4004 19488 11606 4973 11588 934 3691
7850 1989 5854 5442 19418 18266 18895 16852 16778 11127 1893 6771 16261 6787 11807
16317 934 17058 613 5850 930 5851 15221
6771 14060 8386 3292 10903
11542 6249 11606 7734 11606 5453 15221 6193 11542 15410 10256 11814 17946 6631 11542 5971 6923 15169 11542 1909 8543 7822 2935 10804
12276 16878
6923 15169 9926 16462 15406 10317 12276 9756 2902 4152
15170 16462 9427 15366 2222 19064
9914 6225 19064 10317 13225 6852 17816
9926 15947
15368 213 252 13226 7136 19063
6198 9803 13225
16462 5910 1178
11542 6554
16595 7698 13241
10001 11815 12888 7387 8725 17310 3975 17160 6039
11454 9255 2111 16177 19134 11542 15557
13152 19396 7587 12435 15658 5683 14124 12154 14152
3296 7587 18895 14118 15496 7897 9459 4884 15947
17720 13125 4207 12717 5065
12234 12058 12306 7698 13241
11367 12996 533 11858 7680 5657 14945 17304 7213 2439 6753 19534 6316 8243 8255 6771 16892
8310 12830 4973 15969 17110 3082
5005 12276 12276 9026 4822 19171 6787 3005 11127 15409 10278 12622 13240 7663 6312
13941 14291 3047 6675 7698 11747
14106 11818 14671 17720 12226 19136 14975 6771 10578 7822 6771 8338 8111 5917 9756 8152 14129 1203 19534 524 10317 6771 5303 17720 19534 525 9756 10317 7151 9856 6201 16752 10133 17830
8558 11858 2310 19546 7680 18227 7526 1570 15220 7822 834 19409 14421 2058 16174 19055 1120 7822 16174 6771
10256 11814 576 1965 1907 14878 14196 6771 1165 19089 6111 7874 5683 9478 568 7698 10523 19534 2294
14106 8871 19725 6852 17816 19647 14666
7680 11542 19601 19138 10804 10804 19725
14139 9926 1878 8863 1643 11542 16999 12622 6348 19145
6480 10077 8116 7698 12707 11542 10804 14738 15949 3082 7747 9400
2754 8863 19193 10644 533 16695 17802 2898
8716 15496 15221 12276 1120
6677 428 436
5910 15839 19528 5910 16278 13341 17967
14139 15161 11416 17816 5105
19087 10317
19534 8647 12302 17232
19534 10165 6448
19534 928 19520 1213 10155 13415
10472 2317 15497 3774 4972 17160
6194 16261 7822 15170 10317 9926 19145 4473 18210
10171 4207 15217 3044 7136 16595 19079 1306 6430 3515 14403 807 15063
6800 15771 3044 15161 17816 6110 4619 12276 9738 3388 7761 18128 19164 8309 12429 3436 14933 4312 448
7051 79 1497
18731 10256 11814 11542 7835 6896
11542 5971 8738 10519 12865 17614
3378 16907
18721 7077 10644 12030 17136
5910 19278 2075 17720 7444 8570 19520 19544 7663 7050 11203 15521
7747 2112 15947 1879 3585 15794 4973 12755
18183
5168 11542 9256 16410 8028 18683 6641 15911 6693 10317 4138 8627 11858 7526 1620
19474 8215 10171 6852 8028 8626 7752 11416 1620 16701 8573 13028
15410 18045 11542 9926 17720 7680 9871 17094 17750 8784 7680 10740 19012 1823 6771
17137 10804 8396 11818 3648 14063 5971 17304 13235 1891 19534 12897 17982 491 13628 6357
5985 15737 13182 17525 11409 9800 9276 19534 6582 1083 10317 17147
10256 11815 1965 6771 4250 17718 16591 1575 11573 5016
17137 5228 9983 7260 2063
19138 7850 6631 17152 6787 6659 972 12888 16658 10123 12414 11955 10256 11816 12435 934 6663 7184 7855 9648 4984 4840 11618 17321 4465 14832 10350 12958 8326 6771 2474 11069 17525 934 972 12888 11814 1604

18730 934 6771 12276 1965 5005 934 10539 12436 3068 18722 3346 13229 10644 6053 972 3296 10874 17303 758 15284 10810 16817 8553 4106 4866 4148 4498 5068 9638 2864 1432 1965 17152 7496 351
2754 458 6478 11606 11542 18605 12429 8713 4851
11542
458 16760 9756 5432 1013 1843 14376 4822
1368 8503 5917 9815 8578 16261 7698 8102
10151 6800 10259 15793
9213 8681
5910
13235
14669 11097 6800 3406 5910 4252 10961 19612 8310 5745 5591
7592 9756 14452 5591 1013 7694 15398 17608
10402 3117 9997 14201 2145
13220 15837 3296 6554
6812 11573 13941 5552 12221
14317 2912
12276 11573
11606 5971
19136 7919
15398 17610 14314
17683 12865 7442 1643 14671 18605 18603 16569
19603 19145 6174 279 12865 3709 7698 5985
17679 10317 5927 1179 11792 4568 2435
13191 7698 527 6554 19534 16054 18605 1583 3422 18729 14118 19534 1459 568
17683 12865 13856 11606 16719 1643 14671
7654 14228 2364 4618
19603 11416 10151 10700 4623
10958 10537
11542 17939 13110 6631 11573 1366 14148 15895 6867 11407 9756 7868 10406 6348 3082 15217 6201 11542 6828 7526 14921 19488 10482 1306 6852 16701 6646 11149 1909 11542 10700 12929 6675 10317 6174 17718 1909 11542 6228 8842 16701 1909 11542 2474 17946 13888 14118 11542
14205 19136 11542 15398 10256 11814 576 19136 11542 9756 1843 6540
11999 17304 17816 14666 6787 1909 11802 14305 7850
9926 4296 19534 8722 8699 9468 10958 14518 17172 5108
8928 12799 1474 9158 3819 6414 3819
6414 3819 10317 19555 6673 6836 9181
19534 11112 17251
10258 12888 16964 5985 12030 15755 2474
6771 15771 525
3296 5708 19488 5238
12276 1965 6787 10472 17816
10700 17122 2931 12276
10256 11814 16593 162 17750 1748 15755 16760 7535 19055
6771 16601 9648 12435 11814 8728 4821 10516 19399 17312 6947 8524 2612 12230 19577
6518 1370 19051 1643 5468 5127 13125 4208 11190 833
14134 17159 294 12429 18547 8221 16177 19409 1848 8724 12601 8720 19534
9648 12429 7526 9926 18228 17154
10318 15911 6852 15401 11573 10256 7822 18730
14196 7698 17750
7850 2931 1604 17305 18560 7850 596 1120 10315 10256 11815 18829
7850 2754 3880 3422 577 14982 17422 1051 17160
579 11542 7587 11884 14273 577 6177 11542
11542 1961 11770 579 19528 14114 9856 4207 10836 17556
10256 11814 6554 952
17110 2912 4840 11617 7184 7854 9591 1050 4465 14830 7698
12504 9255 11542 19418 10700 9738 15373 4229 15530
10804 12865 19418 6675 10317 3131 5910 8360 19136 146 15380 4250 9494 1123 13907
19474 1335 17729 11542 11653 14671 17946
2754 14139 594 6631 10256 11814 14878 6183 3597 523 15173 13941 2058 3881 12276 2015 1783 6540 2380 13152 14878 6608 6758 1783 15173 13941 2058
9739 6771 17771 15169 7176
6693 10317 1180 4262 3110
18213 5971 6771 14349 4874 19136 13888 3287
13407 6771 5985 16778 12600 17382 9856 15221 2820 12865 14100 15947 10317 12276 15319 16380 3068 4984
6174 17718 19418 15398 19086 17593 19365 2912 1013 4262 10709 12276 17816 6631 6787
7850 163 1000 17750 6771 5065 9638 2863 16592 10256 11814 7184 7854 4840 11617
16760 7026 12081 11084 16791 833 13125 4207 7053 17154 18729 10402 19496 12601 19534 16558
16766 16312 6530 10706 12276 5016 6478 2754 6675 5856 6652 17759 2924 11532 7387 18501 7252 6675 7272 7894 17396 8186 1824
7803 2474 579 8392 11542 2754 579 6675 16174 15979 16176 15557
10256 13730 527 2159 17310 9699 10740 10517 833 12058 7586 14586 10700 17122 7894 15063 12936 16999 4765
12504 11542 19603 11904 19603 17816 16701 6675 17759 6174 6827
11818 14671 6771 15406 3001 1306 18605 4810 19534 6478 12994 13424 17152 17750
17683 3719 11335 13235
7850 6771 19534 13125 4207 12994 1623
12994 11542 19534 13125 4207 18722 7171 4951
17631 8570 5383 17514 12923 4922 10700 11542 7822
2638 13907 15409 10517 9800 7680 6680 10317 3719 922 18551 2754 1225 920 1171 7101 1120
5851 14733 19145 12436 17160 18696 5409 9803 11542 9279 10472 18605 17104 10512 10612
10958 6771 6339 7822 12276 11961 10223
6339 11606 5916 10554 11542
7867 8761
12032 6927 11542
7822 527 14125 527
16627 4252 15146 7526 5910
7822 6771 6193 6771 8503 5349
14139 12397 1169
922 10706 2443 7215 804 16285
15410 11542 18542 12 19725
18502 972 11542 3713
11814 1965 17058 527 9633 7587 17946 12888
17110 2912 934 4610
17141 11077 17110 568
19418 7654 8396 18434 6771 12865 19087 533 9213 1328
14139 7698 6771
12 17830 1982 12882 16758 9211 7136 3427 6771 9871 14534
17166 5108 8570 7698 16760 6119 15911 10317 10256 11814
8643 16760 7849 10223 10223 9279 6927 14139 596
12221 8823 11978 11542 6266 6011
7442 6771 1874 13028 1180
7086 18605 1889 19534 5917 9857 6201
10402 10925
6135 5225 8412 13125 8863 13978
12058 4232 3302
12181 10021 4772
12181 7698
17772 7545 3388 15516 4772 13125 19631 1881 10700 5972 11542 5023
15169 7698 14671 11542
6272 15398 11542
8643 6685 15755 6337
7484 15950 5542 10256 11814
12276 6791 7526 5854 1456 7291 533 17758 11409 15046
3082 9930 6771 7677 12933 16566 7526 6787 10706 19086 19086 17157 19534 14125 7803 1209 15564 6771 16898 6431 14196 1171
10537 6771 3847 7526 19086 19136 3082 16852 12933 6532 19086 7526 16627 883 10256 11814 5349 6249 12888 14748 12929 3068 11542 533 12605 17748 12605 9743 15221 5851 17889 10706 14946 16898
7850
2754 15170 17946 14671 930 16608 3372
17982 774 8871 14065 9711 6771 1169
2754 16645 13061 5315 13278 15170 19520 13278 7526 8382 14064
19664 17040 8221 2317 4822 3719 18605
18045 3719 15180 18895 11346 11542
5969 19145 10256 11815 19573 447
7343 19418 14111 17946 14671 3662 19136 11542 2754 1974 2342 5325 8871 14064 17274 7680
19086 15398 14118 17152 533 11542 3134 4736 6174 253 19725 9835 2671
12312 16595
11542 18605 13120 16907 16280 2317
17104 6204 9738 214 6682 3388 6852 17679 15398 7665 19534
6680 10317 17679 11542 3925 19534
15217 5516 9756 1583 1583
7530 16878 15738 14860 277 3458 1568 7530 804
16993 10256 11814 14098 18128 16810 6967 9756 10658 16748
9756 3201 11292
2879 19488 9515 7195 7640
3597
7354 8167 11542
206 19601 6771 6183 15410
11814 7822 952 6771 16907 12865 17614 7747 5985 9756 10171
10406 11190 16174 19534 1822 13191 11812 18330 15843 9756 1173 10700 6183 14429 1907
15878 920 3604
10578 7531 19235 15496 8714 10077 10519
6174 1982 13028 7747 2094
11499 14101 7186 8841 4624 3082 10644
16701 2058 2067 19278
17513 10358 11606 11606 11606 18201 6764 6771 10317 9756 604 19568 6764 16332
5803
12226 19733 19534 1459 7900 12865
2903 762 771 16094 3193 1460 19534 10320 12720 5320 10706 18593
19534 9856 5658 5320 6174 11858 12865
6800 19568 14139 18723 16889 10640 10653
17159 3073 15634 6174 16569 533 6771
1132 4808 19534 1891 14785 16371 5711 12717 7642 19534 6448 4513 222 1180 10480 5811
17521 17152 8613 6047 13723 15435 10442 18227 9110 13364 14529 19151 7034
12376
6466 171 2180 256 13847 8757 5983 19534 8338 6140 824 10156 19444 19633 7339 7280 13342 10442 4952 8556 15365
7928 7034
3380 6367 17652 4973 1643 17679 12897
15876 6771 15131 10472 17816
8570 11670 7526 1982

14743 15294 907 11727 18722 4252 11858 9926
7680 17865 11319 8490
7698
2031 1982 17536
11542 19138 674 7496 10322
10804 14152 11
11542 10644 10223 3378 14730 16760
146
14125 8503 11542 10644 17544 7818 15947 10317 213
10867 2818 833 16174
8857 9398 6679 7822 4882 15688 1838
252
10804 14669 3710 18210 19534 10958 579 1885 19164 11084 5006 15578 3515 6049 10958 18210 4808 11542 934 15215 2754 8102 18339 9756 11542 7587 18716 17759
277
15564 1180 11573 18813 1907 5917
7654 19136 2677 14449 5591 12276 17680 17122 19418 5016 9871 11542 6348
7592 10383 1643 14671
6478 15375 17729 2274 17795 5542 1643 14671 19399 12946 7592
5065 15976 2863 2617 1833 1623 7550 18966 10743 2479 1620 19520 12998
10256 11814 7822 18730 10937 6478 2058 5016 11542 5349
15837 568 934 5349 17552 9633 15221 14139 8243 19636 11858 10223 11542 17152 12865 10317 11573 19418 14139 5969 15375 17729 17683 6198 19418 5969
13209 7654 8382 6336 7822 16760 10350 11542
19399 9815 15401 13536 17277
18745
9190 15401
9800 15895 8589 11542
9756 6366 7979
6236 10155 15066 4207 19632 13733 13182 15694 8218 19560 9928 19534
17122 10700 6846 15006 19560 4547
19235
11858 10155 4207 15942
3663 15496
5917 19601 5917 15911 5917 5588 18122
19520 10467 17159 5927
4252 14885
6198 17608 10156
4252 7785 6804 19525 6750
9926
9756 8240 5927 803 19135 11416 9756 15398 5910
11542 5927 4252 14885
8784
7020 18217
5705 11542 16985
1643
1583 10256 11814 19603 16261 4473 19384 3224 10005 15337 13443 13191 13241 7654 19488 19722 19418 9914 7696 15170 13235 12058 19474 19534 2265 1215
934 7747 13749 12996 3988 13191 13241
5615
7353
13115 19407 7263 19560 9648 780 5927 19534 4772
14738 9738 18129
7979 9926 664 11203 19145 6771
13283 13191 1643 15337 17058 3296 10256 11814
9914 9484 9756 5910 9926 15878 11979 17680 7680 17771 6771 12226 4777 13176 15401 9423 6753 19520 11266 15771 2341 17353 8064
6999 13749 9243 4578 4202 9239 13730 17771 6771 7585 18716 10056 8731
11542 19737 1120 6205 11542 13617 3675 16257 9106 8871 14065
1540 14064 11542 8386 294 15170 294 6431 9871
8382 6337 11542 9756 8572 2401 533 6771 7224 6175 10472 19221
2401 19488 5383 19164 8572
19365 11542 17982 18605 17946 5910
12276 19145 7698 11542 12276 16985 16760 6680 432 10684 3068
12276 15922 11407 6675 4292 12140
19164 17686 2754 15337 13286 19656 17683 1086 15542
14739 19488 19135 17816 13286 6291 6771 9756 19104 7585 6629 15161 11426 4202
18438 5640 2754 16258 17683 11542 4862 311
11 14064
16466
16460 11542 1825 4578 1597
17816 5910 11542 1320 12435 10171 6750 928 10714 1292 16094 15432 11267 19343 1173 8103
3597 7822 17136 6995 15154 10696 17240 15991 12436 14527
6852 14666 14063 8578 19647 16261 13332 10787
14234 13887
17830 7136 10081 16266 12318 11535 5108
10151 14420 12058 10686 19136 7068 10028 6787
2015 9467 11542 12435 15742 16595
6478 5349 18716 6634 15771 2735 6779 14975
10318 19136 11542 12276 10256 11814 13159 10128 14878 7698 9633
7850 11542 1748 14129 18210 16760 10317 11542 19164 1620 934 7894 11084 17154 19409
10317 15398 17168 11542 12865 7526 13029 12276 12276 10317 868 9213 16339 15565 833 876 14477 19534
527 11542 7698 3597 10317 3124 16914 11542 1643 527 17679 1643 14139 7526 15398 19534 6562 11542 4138 15380
7526 19659 16701 7698 11542 19136 12290 16595 11542 5657 19136 17813 5910
6771 8503 13078 15409 10317 1173
2546 7874 19737 17465 16964 8791 2007 3691 834 18965 13732 6787 1623 7850 6771 1735 1838 17012 11409 7788 11704 17374 6771 3372 9252 1498 16286 8503 18731 17372
2916 17552 16094 7894 568 12199 15557 17060 4733 3082 11814 7822 7101
17718 16701 5628 163 4302 19418 14542 16332 17865 17946 13032 10392
15902 16897
11542 7467 12901
24 8076 10258 1965
10383 4302
10317 19409 17631 17152 17168 8597 11542
19136 5969 19418 5098 13670
18438 1643 14671
1909 11542 19418 16256 3880 3346
14569 18891 4512 6316 17314 15160 19583 9076 4578
11861 6771 10171 3515 13806 9252
7894 11084 16791 7263 19409 6182 16982 3515 14080 12601 19534

16760 18480 15496 11999 8102
19733 12889 16852
10256 11814 18730 6249 13235
19733 12865 12221 13941 2418 6464 4578 6174 17154
1909 15410
6771 18577 11818
16266 18184 6209
17686 6249 2046 10527 19780 18381 15800 11606 9056 2754 5930 16701 13530
6119 18202 17830 11670 17499 18339 18223
12504 4610 11542 527 7698 14139 7698 3068 4944 10318 10684 3068 533 4829 4822 11127 7663 436 10278
13235 19145 11542 5743 6007 16266 16706 11247 11542 11831 19089 10155 11542 17608 4821
3719 9923 17122 19418 5969 15648 1904 11127 11542 18156 10700 15073 527 7698
1176
13673 1879
7747 5098
12030 19136
17160 5016 1081 596 3124 18849 5683
14139 8578 10317 5683 9756 19534 17312 13110 7545 7875 1817
18508 6174 3422 11542
17122 16462 1081 15221 10481 16784 1604 8597 11542
934 6812 12030 17304 1568 11542 17683 2754 15170 10256 11814 11542 6183 15410
8543 19043 11542 11849 6272 7680 405 6804 19136 11542
8643 17683 7822 8784 11542 12337 18268 8675 5101
14059 7850 6852 214 11245 15007 7526 1306 316
18508 19648 5075 9638 2863 6980 10699 14401 11542 1654
16462 16592 10256 11814 6604 14541 8725 7209 2653 11296 17158 13125 4207 11542 3346 6236 16760 10320 14257 11606
4971 19369 1583 5475 2317 19079
11007 4958 16951 206 8028
3296 19534 12221 16943
5910 11542 10156 15309 8215 14125 7586 3307 3126 8395 9756 6284 10056 8626 4971
11542 1542 311 7472 18727 7747 7839 13617 1989
14201
8152 2067 9358 17152 13036 6338 18045
6771 3225 17168 17673 11805 11651 14402 16698 18870 7864 8627 3894 10022 15773 1573 19412 16978 13887 3597 6346 12429
16760 6849 14551 17122 13254 10519 18895 9262 10171 985
10256 11814 18317 3636 1645 15435 4890 533 8338 11409 10706 2257 11352 10126 13887 10155 10519 4875
14106 13191 11139 6317 10706 13182 15496 14284 8261 11407 6680 4880 8575
9156 5531 10706 3728 13036 14059 12129 6621 16701 7136 4786 9346 6044 6348
19603 19145 6174 19443 8178
7850 14139 7822 11542 13191 13941 9279
19145 3082 18227 17154 12707 6693 11542 8578 15102
12707 10317 19733 11770 19534 1889 18605 18155 7086 9756 5969 11542
14125 11542 5916 214 11292 6198 14528
19534 1885 10317 13733 6417 17737 10644 11542
6174 17718 19534 14125 14588 16760
5917 14139 972 12337 17683 1982 12276 11542
14196 6771 6198
19138 11542 8240 10519 17325 7698 6771 5098
7762 6852 15221 10233
16760 5349 15220 9756 7698
10317 10256 11814 6787 9926 10519 12865 2832 7822 11542
19136 16701 5969
19733 9926 19534 524 19164 6771 2832
1083 17753 11573 524 19164

3082 13154 10644 6675 19088 10700 12375
17040 7585 11542 16233 327 12
