436
19164 11573 11166 7535 13727 1120 10472 10350 6764 15319 11606 4202 2754
2663 10999 7698 2317
9738 14920 2821 3111 4211 6755 6141 6141 6141
11166 18156 8116 17304 15542 9213 5927 12276 10472 2821 3109 16364
17909 4343 18730 10480 18228 4022 524 17679 6193 12276 11573
17422 760 934 10480 4022 19136 18716 4022 17680
13191 12276 9946 2183 2317 6685 1370 8037 19087 9756 7654 8524
1624 15540 1828 4557 8604 18228 11224 19302 5803 2754 7526 10937 1643 15337 10472 17943 4343 7529
15046 17679 11542 19418 10700 11416 4344 11727 1456
10804 6544 2832 11542 16990 10472 2373 7576 19418 13218 2564 15398
34 2238
7595 18376 6347 2886 16371 5711 16593 11542
16760 5985 6010 18884 7387 294 19725 751
13191 15060 6319 1683 15634 11203 6872 12276 15505 9856 17560 15161 19583 13729 1002 14987 919
11606 15911 19058 9946 12815 2710 7438 4530 5646 7530 8615 5315 10436 9891 12865 17816 17816 1850 2954 19058 12485 19060 17332 2585 19583
8339 19058 19601 15113 16758 19058 6347 11383 2206
19618
15983 11416 9378 11542 16233 6771 4262 923 568 10485 10317 4062 8784 11542 19656 16094 3187
7526 19659 10537 6503 17319 6174 7022 10453 16914
7188 17679 971 11542 17909 4359 7977 10485 10056 190 19725
6852 8028 11542 13588 1965 533 11542 10056 147 19725
9255 15771 5946 429 16899 18968
16904 533 15557 2566 11493 5532 429 6554 10700 11542
18508 11542 16080 7827 15375 8028 11542 18303 17695 17690
11628 10514 3663 7496 18098 11606 6363 16889 10700 15496 6501 1540 533
16094 7865 13588 8028 6362 6554 1879 11542
2912 1965 15540 9597 14445 7698 605 10122 15602 13529 4022 18914 6694 10123 19379 11727 6109 16255 19474 15410 1120 11542
4343 4343 10740 15068
7822 11542 12504 5349 2386 2052
4973 7663 1583 10700 12748 6852 214 11292
9926 11573 17114 2058 10169 3612 1907 9756 14738
9756 17114 1909 9173 17456 6319 14139 5657 2433 13571
3597
19164
8102 19164 10151 10700 15406 5023
15169 8871 14671 10317 12226 14060 311
311 1982 17683 7680
14060 8382
10317 3187 19664
19054 7747 14296
19603 13544 17793
19131 11416
19043 3612 15398 7199
15170 13283 5719 15161 7176
17683 6174 11165 1982
7663 15081 6852 12707 9204 16693 6995 8298 18047 18250
1173 16371 6422 11542 6255 3021 9946 6386 15798 18043 2631 15217 2754 6812 18887 1749 10709 9741 11848 12030 17137

429 12030
6174 18155 10700 18303 12865 3113 16079 18047 10480 6276 7319
14615 11342 8935 11542
12231 639 10539 8517 17679
19235 14106 13332 14671 11542 12865 13410 13888 3598
12936 17683 11542 11035 6174 19599 10558 2570 13679 533 11573 10063
17690 7144 11342 8935 6787 16592 17909 4343 10743 19136 11334 15375 12276 5065 9648 19554
5971 12276 4890 952 9928 7680 5016
16701 1575 16904 16371 5711 12276 16701 7529 6007 17683 11606 13191 7526 6395 952 13732 16267 14149 6365 17680 8102
14139 4343 16701 3090 15466 1907 5985 19164
19535 13159 758 2890 17122 8615 5985
12023 11342 8935 7535 13727 7529 8382 14198
10539 5693 5068 11542
11542 9815 11588 7747 2317 13235
17909 4343 3372 15800 19645 12058 527 7530 1982 751
11884 15398 9694 8500 11542 9597 14445 7698 605 8722 17422 11332 11178 11414 17718
533 15530 5349 2475 6255 11 15217 8407 10644 9738 15371 4138 13241
7698 533 11542
6339 7698 19145 6852 18043 11542 7176 4684
16760 6501 18317 2249 11542 6209 11052 19089 2178 19583 12073 2238 8884 7529 19573 533 15221 2566 11493 5532 11628
2912 5708 533 15221 4735
4250 7586 2386 2052
18728 6249 17838 10706 17122 9926 17909 15837 2585 7587 18716 17138 15221
5910 4547 11542 19582 17909 4343 15471 15217
2922 533 11812 9255 14522 18213 10315 533 7698 7977
8028 16593 7585 327
277
11542 683 12030 12030 10223
6592 12597 533 6946 6826
11542 14139 7698 14139 18697 15401 12865 3711 15267 4202 17909 4343 14148 15398 11342 8935 7535 13727
14139 19474 5860 10740 15073 19302 17720 10723 17686 14791 9034 16813 5517 10804 13760 443 13531 16204
7680 10700 1173 19086 12865 4618 1965
11560 17946 12022 533 17750 7822 5068 3296 4022 16904 12504 3717 12602
214 11292 8867 15771 11542 17144 16261 1894 9763 6417 8867 13544 7654 15398 11542 14139 19603 8867 14201 3717 6348
11166 10151 12276 524 10472
10937 16261 2349 6371 19049
16171 7680 1497
9914 11045 15217 3082 17304 1782 2433
14631 16600 11877 11342
13443 19164 17946 17409
7747 9135 576 10480 4022
12226 11338 4898 19583
4 15380 3413 5349 17731 17830
10121
17409 934 7677 8554 19731 10317 278
11166 10317 10519 2007 2570 11573 10317 15003 9109 8814 1220 13623 6204
8747 10317 12240 12865 17122 5027 11601 8652 17456 9756 8431
6771 2317 14748 12762 17865 15528 11858 14535 12396 18278 15540 6183
1180 4138 11884 8867 15221 5532 19603 606 13544 15398 8867 17608
4684 19043 18884 14450 12276
934 579 16300 10318 206 246 12276 6771 920 11966 13191
3597 17683 18303 6787 6174 14416
19418 7086 6771 6255 12276 18303 15878 15221 9403 19201 8382 13115
6272 3068 4944 577 16760 7927 9756 8935 11342 13793 4549 11553 15406 6007 16371 5711 7621
19164 9815 6339 4494 4191 15787 9350 5
6771 2249 10303
1120 1000 15164 19583 2058 18086
10999 6193 11542 10223 16325 3465 15165 19583 13935 2317 14588 18716 10417 14118 19583
6183 18155 9856 8341 3189 17686
2537 19429 13154 14878 10062 330 19575 6926 12058 10317 18288 19725 10064 15362 435
18106 19583 11877 17816 19654 6771 7526 3422 14129
10317 2355 8796 3422 5640 5349
10999 8116 2754 10472 16619 13110 3302 7233
15169 11542 18290 1965 11542 15410 19725
533 11573 8643 6257
972 15398 18290
15398 17742 6787 12058 15410 12276 14139 19086
8643 11807 15398 17742 6787 5969 6771
17909 4343 12276 6631 568 18730 5098 12888 6771
17720 15893 12842 934 14139 972 9633 17909 4344 15837 9828
5971 12707 11542 17909 3399 15837 8616 5532
4022 12707 9018 6771
6276 6307 11843 13968
19136 11542 277 11233 17830 16701 5969
12226
11542 8945 19136 11670
10539 12707 11542
15794 7625 17456 18723 12060 13391 400 18729
9199 8791 12707 11542
934 594 10617 13115 15565 6812 3616
17628 11542 14411 12490
18303 17782 16572 16245
9756 10537
1965 12707 11542 7654 5532 2630 19583 8388 10740 10644 2585 6183
14530 15217 2630 9824 6812 11599 4343 579 14787 10278 527 18729 14118 14933 3399 15973 14118 6391 8287
10999 7803 5693 2734 18153 10999 3597 12060 11542 2317 18729 7835 7803 7480 4152 14125
15217 11542 18729 14118 8002 15973 10537 19136
10537 17455 11542 10644 16356
11884
7822 19136 11542
2959 16371 15322 1514
10317 17593 8819 13737 7684 12353
11542 5065 7822 16914 15324 6592 12597 6675 2309 15375 19171 3934 19725 12414 12414 6010 6771
17499 16760 19418 10317 7654 17610 7526 15733 16760
13907 10958 1285 6771 1982 13538 11164 11573 10233 17499 18324 16691 1965 15540
14152 18324 19086 2931 11
6010 15893 12842 146
17909 4343 213
2386 2055 16921 5074 252
18593 13191 277
6007 294
7698 533 6939 311
9597 14445 327
1080 9781 344
6771 10706 15496 12
12707 11342 8935 7176 6335 7888 2437 6771 17122 5098
16509 7496 17114 10317
12276 19132 7167 6771
13011 1833
10443 18968 9279
10686 16760 16760 16760 5500
568 7587 1907 12889
6193 12276
12717 7069
7927 6077 5708 2916
11658 15284 7822
1216 6119 12372 6816 9633 5966 6771 11660
13332 11877 9204 19418 10381
18566 7178 6646 5101
11342 10958 15406 8935 7822 11573 2754 16701 10644
12276 13731
7698 9633
1879 11542 758 8063 8501 14918 18273 1306 15742 1643 7979 6995 1637 10485 10526 11606 10317 17909 4343
16069 15398
934 1171 12032 10056 11573 4343 952 6815 12158 15797 18716 6592 15006
7822 11542 7299 7654 10482 7822 527
6174 17718 10233 18716 8570 3946 13861 11416 6010 11573 10317 12276
10961 17772 7698 527 934
13856 18926 14706 4138 15380
2685 7979 17598 1474
17909 4344 2834 920 6193 14810 15409 19737 1965 14810 6183 7694 533 13036 14810 16978 11342 8935 7176
15410 6787 8941 12276
6771 6201 11807 3604 533 17168 7698 13191 5349 12889 579 14051 533 6771
3712 18914
7526 10961 6879 11292 15319 17816 11518 15406 10402 13908 12504 3612 6431 19179
13332 7526 9926 7144 17422 11073 10317 8570 458 11877 11342 4684 19418
11542 7822
17909 4343 1620 533
4684 1965 11342 8935 19737
17909 4343 525 14139 6771 5075 2386 2052 9756 5065 1965 13617
11542 525 10317 14118 17679 8106 14118 10278
14125 6174 17718 8875 755 6174 6312
17499 12865 11542 14139 7698 9633
12058 11542 11203 15406 1540 2244 9946 8875 5107 6147 8722 7680 15161 8875
1540
11542 19278 18482 1383 16140 18324
15033
7756
6198 14139 7698 9633 10709 6771
16317 9756 972
7680 5403 11596 13155 16278 13341
7680 2677 5591 8570 17909 4343 19418 3597 1620 524 15521 11342 8936 13727
11542 12337 1965 15540 6338 12030 15401 11573 12337 13286 10644 13170 17137
11670 13235 13538 11573 7592 15170 6804 9871 13191 7022 5969 5533 15221 13286 4420 3845 17889
10317 11573
11542 7291 1833 15226 15773 7822 16371 5711 952 17909 4343 7822 9633 527 7588 6677 11389 9541 2249
10700 15755 14139 10318 11606 8570 15398 16299
10317
533 7359 2886 16904 11096 15126 1021 15893 12842
17122 15410 19324 11342 8935 15540 9541 2249 2355 15540 12716 17304 14118 16049 14280 5683 18005
4344 3885 6147 8722 4930 3082 14361 9983 4944 17718 947 15319 17816 1474 7586 14588 4262 17816 19243 3047 6787 13438
13149 4684 4775
6011 18771 8938 18567
15902 19601 11342 8935 11542 6183 15410 1008 19601 4343 525
10485 10317 13617 17422 14998 8791 9350 11863 533 15221 10804 17680 15409 5612
4343 16744 7176 17312 1568 7698 11082 5626 11164 11573
11542 1643 533 15406 17748 11542 3082 6680 7586 11542 15337 4547 11542 15221 17114 15771
10961 9756 10317 15540 10317 9541 2249 2355 15540 4343 14477 15409 13341
14139 17683 4343 10503 3100 751 2935
11166 1120 9445 533 11542 17687 4022 17909 4343 3399 2585 3774 2886
11542 9984 18314 13151 16760
4144 10706 676 10480 10317 8805 14139 1115 3621 14381 5763 10740
14139 8167 15337 19650 17683 10709 6201 7654 19659 2587 17526
17526 2589 16100 3082 16100 17680 16701 8338 3612 17946
11542 10706 10480 10317 16428 7654 6740 10523 6622 6082
9486 17772 1568 2253 13870
7927 9756 12669 4144 11573 6852 12276 12276 2876 19233 16508 7496
17909 4343 16701 7698 3612 533
6873 14878 17946 758
15521 7698 15337 5279 10064 12707 11542 7136 9034 8722 13722 19399 923
568 13154 12707 485 7747 10523 10073
11884 19573 11599
12842
7996 7996
9597 14446 14878 11697 8570 15398 3068 1120 15521
12789 12785 10485 8615 11542
17946 10317 10406 533 15221 5381 6077 11606 14569 568 16901 4262
10519 3038 15221 6659 6771 10317 12707 4343 3397 8616 5532
11884 10443
15226
7698 11542 9034
19365 15540 11342 8937 6228 1009 12276 10056 13172 15530 6779 6228 14020 17680 8935 6135 15798 10317 13046 13044 14748 16595 11542 15800 17680 1989 8935 17789 10709 11342 8935
12929 19138 1474 7025 16760 3773 16760 4812 8934 6193 19164 533 15532 17549 16766 10350 3189 17680 3844 12276 12276 1120 4086 5193 3833 10790 19164 6228 1338
11542 9756 12605 10432 533 15530 9756 9800 4418 2663 11012 16760 7680 12061
19164 15497 11542
15170 11542
6249 11542 7176 19737
6249 527 11884 13011 4022 533 15530
7698 8714
9946 15221 5532 15221 15902 19583 2447
15893 7698 14878 12789 6873 13696 15787 16639 17909 4343
1080 9781 19131 17305 19084 9041 9747 1340 8503 16527 10005 14878
13191 16784 7129 12030 11863 9756 15165 19583 12073 19094 11334 11542 18299 18273 16375 11342 8935 11573 16701 1965 533 11542 19723
934 14273 15521 11542 18005 5910
19418 9756 19043 19136 9756 7654
19603 19043
11542 10519 17758 11409 16899 18900 2630 9824 15079 1760 2950 9946
428 9983 9346 5445
12276 6693 3604 8843 8413
11164 252 10704 6491 14530 9040
5838 11760 2912 10013 8706 13301 2401 12865 6562 18223
5790 8617 9040 12519
10233 1411 1080 9781 2754 16364 1982 5954 11606 1982 565
3239 17015 14878 1831
11332 1173 1551
1583 1449 407 1583 5466 12622 17549 18635 5084 6798 10535 8170 10999
9926 19568 7526 14748
10317 3187 3187 9926 1982
15506 11542 5466 9926 15633 4360 10073
15196 10804 12865 10317
15634 11542 17048 19659 2007 16408 11573 12059 429 11463 1456 3100 12030 16215 9740 15435 3002 7977 10517 8685 17985
3604 533 5445
5854 1643 14887 3466 14733
11542 10644 9738 252 17830 11542 17909 3052 15217 13588 19051
16744 10709 11573 17909 1873
19573 9850 13524 758 8722 9856 13158
19086 11416 1620
1575 11542
11599
8722 17291 11542
11542 11599
5075 18227 9351 18894 18791 4388 5016 4131
934 7002 19583 14545 12074 2244 17737
10891 12073 19193 15393 9467
672 11542 11606 2422
17909 4343 4766 17985

3932 11542 16593 10958 12276 5618 3894 18763 4403 5005 6183 17720 12748 11112 3467
15398 2754 13152 7319 1674 18199 17784 10999 11642 3533 11783 18768 14519
17881 4343 11670 13729 7215 10278 11342 8935 7176 17718 6502 3652 18432 17690 12276 13529 16233
1982 9738 12929 17332 2585 19583
17453 18721 15798 12886
19565 1575 5072 16760
15170 16371 5711 12490 10895 18447
11542 12030 15755 16899 17771 10804 15221
8643 18508 7927 5542 17909 4344 11446 5727 10804 10804 3431 6464 17771 6771
1179 6174 14428 12345 11537 6464
10317 11342 8935 11342 15787 17909 4344 6464
10480 10317 17909 4343
14139
10317 5985 10480 6464 3430 8626 8028
7442 12276 294 10686 16899 4684 10849 14463 18578 18721 17909 4343 3431
15169 252 11342 8937 12276 1965
17909 4343 972 9633 12429 6852 15375 8240 11342 12154 9926 19418 8102
9756 10317 17089 15164 4547
14060 8386 594 3450 10123 12929
9800 8086 10537
15505 11342 8935 7535 13727 9249 533 672 11542 13443
8570 774 17683 5016 12337 6816
14666 8570 14569
6498 9711 11573
9756 15170 10317 8167 1994
11670 15170 7535 13726 13529 7698 11542
5970 1171 751 51
10402 2058 6201
10317 15398 11542
533 11542 19086 15398 9756 533
2754 15398 10402 3604 5445
9871 7535 13726 19278
7680 7585 1173 1568 7822 15221 11542
14139 11670 19136 11542 6183 6812 2310 7585 18227
19364 2912 7698
568 6554 9633 579 6872 12707
952 15170 11573
5349
19138 10626

18278 19751 10539 533
8615 7979 8735 5743
18278 15787 7698 11573
17909 4343 6562 1965 6147 8722 19737
6183 11858 16904 5312 8768 4579 730 8382 13115
11411 12337 8452 533 11542
12337 11858 19138 12396 15540 15410 11573 213
2754 8543 15170 10539
947 13941 675 17909 16904 13529 14790
7927 10706 7698 533 7698 8338 6119 19541
17032 19737 15410 10067 605 10626

15540
15169 18045 10485 13529 1575
17305 7799 6337 1014 17909 4343 14633 8875 758 6147 8722 7148 9204 11343 7176
12019 2386 2052 5082 535 18906
7535 13727 7677 5707 755 2095 17560 2244 9946
8722 10171 3515 11670 7436 11863 17422 3888 9597 14445 12789 12785 15893 12842 3368 11727 755
8722 17164 11073 11863 17422 10958 9056 757 7894 11670 18217 3717 11342 13399 14568 1635
6258 15220 16371 5711 1850 11996 4343 16904
13656 8106 8389 6771 11599
4344 2834
9953 3293 14828 5806
2912 934 6661 15108 5681 11173 12097 10122 15602 9694 8500 7727 11778
494 11542 2100
9756 13831 654
16681
11342 8935 7535 13727 13487 9173 8841 6771 15398 19723
19737 934 13588 6010 6307 11795 6193 533 15528 2480 16261 11863 12058 19594 7111
2386 2052 5075 1893 9028 14058 14139 9931 19164 1306 16760
3375 15337 3896 17138 2052 11858 11335 1825 7025 533
16760 10396 10942 10579 15410 533 7299
8382 12173 672 19418 7864 6852 11291 10056
9756 10233 7654 14648 41 11292 13831 18358 7299
11542 12582 10519 15716 18771 17909 4343
7530 752 16306 1634 15771 6852 11164
8240 458 18729 16901 533 14139 5969 15217 5532 2630 9824
7188 16367 7535 13727 1120 11164 11005 12030 16371
17683 11342 8935 1487 18593 16760 2474 9249 3109
8382 17450 10882 5150 7951 2238 14421 3346 5 11542 10318
12707 252 7535 13727 7680 19164 6562
18438 10660 8875 760 18729
12865 1566 11164 10317 930 6693 2317 15977
11861 12276 16901 15217 2630 9824 11573 1849 12276 1965 533 11542 8450
9926 10005 19136 276 12707
6174 19136 206 246
15398 16261 17758 5101 2317 8679
8360 9711
10462 10519 19418 15170 9756 1120 9541 2249 2355 8796 11542 15170 14748
8643 11342 8935 7822 527 7822 7357 11863 10656 18153 18414 760
15063 1974 18716 8720 7698 11542 17608 11904
6771 17136 18716 16960 760 934 8699 7233 9756 3516 2405 3958 9861
19418 14416 5917
17770 5971 11342 8935 7535 13727
13341 16462 10537 18227 4923 1643 7978 17771 15800 11573 19136
579 19659 11961 17422 11073 1643
934 13170 17137 10306 11409 10644 18716 10073
533 15221 16371 5711 17758
10539 16904
17422 6852 7598 17720 7680 18537 7894 975 6276 7299 6010 11125 19136
4684 10482 7129 8578 19418 11342 8935 277 16279 14063 10064
7136 10804 11573 19603 3287 15319 4684 19603
17683 9509
9509
419 11173 7542 9400 7698 8784 8875 14233 3876 6970 11165
17816 11542 11164 11542 7698 16760 17168 7299 16371 5711 15385 14645 12030 17946
6201 12882
5683 3031 15911 1879
4138 17816 9739
6339 10067 11164 11542
17909 4343 2474 7698 15642
15893 12842 8413 14748 17816
10539 9597 14445
8570 10056
568 15407 18722 10804 16903 10644 6174 9279
19278 17610 15398 11164 252 5098
533 952 8382 13235 11342 8935 15540
9871 533 19618
11863 6771 6128 14375 14888 14733 7585 11407 15938 1620 9803 653 13804 5282 8289 17909 4343 7529 14318 11342 15165 19583 12276 17816
12789 12785 9597 14445 1013 15893 12842 7698 17909 4343 16641 15787
17456 11863 7587 7698 17108 11542
4344 401 12887 4578 4697 16904 438 15688 10577 14238 19565 8935 13341
5075 10743 9800 16904 15221 13381 14318 9315 2312
7822 11542 11670 19136 6198
17881 19278 15398 11342 8935 17610
6339 12030 17560 17739 19583 13191
7747 17679 7698 13191
6147 8723 1620 533 19365 11863 17426 12842 12786 11863 17560 2238
10539 4241 19193 9486 18722 11542
17456 12242 11573 11863 17456 12276
4684 10519 7698 3604 10358 13014
17830 7097 11342 8935 5016 6675 12290
17720 7698 5985 594 15540 8574 10700 7343
11342 8935 7535 13727 15791 13183 16611 522 19418 1413 9800 8255 934 6956 6995 18257 19486 14717 5910 6771
533 15528 2838 5949 13115 12886 7585 19164 11877 6174 6307 15217
8392 8935 12058 10644 13341
5192 17094 6947 7819 16504 523 2585 3748 12276 8715 6969
11342 8935 7535 13727 1468 1667 15540 10583 16904 596 17846 2406 8707 10644 13553 13341 3068 1948 13154 15893 12842
607 11542 934 9119 13500 18213 11251 7358
12506 8935 7535 13727 2475 6306 8935 16904 8935 7359 10706 8935 6006 9880 7788
15410 6787 13159 19087 15398 8941 11863 12200 4619 7654 6437 2770 10155 2396 5362
18508 10069 2730 9657 1176 13235 6201 18601
4302 3326 276 12462 15540 1965 2220 13538 12290 2335 15398
17466 10539 18278 15540 12221 17720 16755
10318 11164 18278 19164 18722 6193 4547 12123 9162 19171 7822 5707
6771 17057 5711 6764 6437 6119 8867 923 5385 17941
6201 6478 18227 10882 8950 16760
17909 4343 15800 18716 4828 13159 17909 4343 18730 10804 6787
7529 17858 5910
13163 9340 9392 1000 8338 6652 12030 15161 13524 6646 8289 13523 3622
8125 19043 5910
