1044
579 7698 525 11542 17813 5910
1935 716 6249 14936 13058 13 4011 6209 8981
2875 4027 1950 18293 15935 9869 4990 10123 4916 934 7442 6249 12889
16760 2754 4568 15046 5919 8338 5008 10317 2419 4022 8064 10591 5921 12429
4252 2730 7694 7576 14314 16408 146 8658 19136 11542 10171 1076
13462 9756 9857 1935 716 7752 1568
1409 2272 5917 17777 523 14921 18690 6830
5971 11542 17813 5910 3719 14984
17720 7698 17750 18339 5442 4822
17683 10740 15411 6771 11858 19086 15584
13319 19539 11446 11084 12743 15585 19809
16760 10804 10499 5927 18375 15221 14633 8524 4154 2159
8608 6231 7588 9317 4918 3612 8524 16701 4154 2159
11606 17816 5750 15221 906 5495 1306 2884 4154 2159 17816
7822 5864 4214 19568 19541 18936 15584 15221 15284 16313 10317 17270 8930 15317 815 15008 12276 4822 6771
13110 1907 4810 11028 14648 18039 12951
1849 13555 7101 6011 2007 18201
11807 19136 13421 6771 11658 12058
11858 19418 18217 11143
2007 6540 4540 6809 10233 17499 11542 16385 1643
15284 8049 8066 3342 6771 5818 568 13241 15170 14738 10358 17549 15337
6693 6193 15922 11291 65 11291 11542
12276 13235 8738 18268 19345 14139 1643 16596 10081
16596 14698 16760 14171
6236 1935 716 13154 18293 15935 10644 11542 14738
11203 10537
14139 14139
7694 7576 13364 7822 13191 11542 13191 7586 1568 5628 9914 1708 15217 15935 15131 2310 4138 11409 9276
15407 14532 9989 12961 2902 19568 10517 12431 12397
9926 7680 8102 9926 4910 7136 5549 10317 18034 11700
12936 15398 451 1563 527
5917 19164 6562 6712 9756 429 18375 213 10097 5940 755 9756 17304 13330 12226 7894 7880 9317 17982 18605 14139 19549 10556 2570 6771 9756 5985 7309 3717 11542 9539 11623 13200 15922 15217
17683 8751 7530 12865 1909 6026 19583 3974 4229
11542 10513
16462 852 17816 17114 1566 11093 8838 923 3612 8397 11542 8382 13617 18773 2007 2570 19379 19365 16760 1748 10633 10779 13767
14139 8503 19488 13769
11203 3597 12396 16760 579 16261 15170 10278 16607 19583 6141
11542 13832 6730 19131 8627 10700 13273 14281 1173 15161 2071 5917 9077 13907 11890 16627
10937
16760 12030 14118 10278
10578 19138 16309 13046 4202 12707 1565 15369 15323 11010 12799
1909 15748 15337 15860 1011 13191 8495 3950 7362 16546
1909 8396 17316 12865 777 8499 13046 18728 64 11292 15170 429 12030
4540 6809 3372 17316 5075 7291 17445 3975 11039 19145 19138 13538 6787 3784 6787 12221 12030 14377 15170
17445 13741 4136 12030 6771 16306 17683 7694 7576
7442 252 527 1371 19603 12040
5910 429 1200 3068 4944 15634 7800 6408 11638 15217 13529 7814 8592 18578
5803 6335 5075 3239 14405 930 12882 6771 7576 5436 17390
14139 10317 4540 6809 5075 13538 11573 6631 5615
7353
15573
7694 7576 5549 11542 17982 17136 17526
6201 11542 13443
579 6852 11292 11542 9926 19399 14587 8104 6512 10700 8738 10480 1643 14653 18642 10850
17946 14139 14139 1643 6511 527 6119 1935 716
16760 14125 16266 1889 3082 553 15406 15902 16907
8784 11542 579 13941 9279 18266 14139 7822 11542


13171 19131 17816 11416 8753 13046 7412
17683 6183 5098 5917 1879 11190 7822 16907 8841 11542
16462 12276 2015 13191 6494 6183
6108 2816 16063 17735 18947 4154 2159 8608 15902 909 7654 8524 4173 15796
17982 972 11542 7752 13332 13511 14671 14174 10700 14132 9027 8503 8754 17274 5234 14129 12030 19418
19474 7585 19787
1551 4138 4105 18011
7694 7576 11323 17865 15911 1026 7576
18722 3188 16762 2990 11728 1026 12030 7580 10317 11542
6478 2723 4430
4540 6809 10644 6631 11573 6750 3445 19796 6141
12276 6632
11542 17680 5167 11542 17459 4822 18567 3082 4512 13011 11454 11657 16792 2916 16137 4973
11203 19573 7576 5436 17390 3597 17683 7576 5743
1909 5098 19145 6771
7101 14671 17720 15398 11389 3346
9213 19138 11542 9986 3663 15496 10056 8626 920 18668
13191 12154 6174 5917
19488 7588 1568 13191 10358 15409 6771 3663 15496 18042 6205 6312 14118 16760 14645
10056 8626 11542 5432 8578 14234 15217 10700 6201 14748 10151 10700 15496
18508 8102
10961 12276 19601 7698 11573 6183 15217
12865 17683 7698 13191 18299 9411 11542 19141 7694 15922 5033
15148 17679 11542 19654 14666
19328 6849 1912 581 3017 10999 5210 12429 12338 19597 3914 16569 11553 405 15170 1173 14234 6771
10804 14669 11720 16910 13191 436 1372 16766 10155 922
17004 15170 5910 6693 18931 1026 5569 3326
1909 10040 7894 13632 19138 15013 6693 15146 4233
12226 7135 10028 2226 19167 8357 10011 9892 5391 4542 4218 6183 10700 8900 19488 6798 10028
12226 19722 2719 527
14059 14150 9249 13744 10317 2058 16966 1909 18210 1328 7101 909
14027 11978 7442 18693 19145 16054 14233 12058
9188
17530
18752
6852 214 11292 13528 15337 6183 19656 8450 6771 10709
13171 16255 2635 6193 4055 6771 6183 5245
18227 15938 6771 18529 17854 14106 10005 5917 3036 5929
12234 16595 568 1935 716 10644 7698 11542
5615
11542 18894 11203 405 15938 15911 9568 1013 15873 2216 16833 1620
7055 14936 13058 10709
19427 10706 11573 716 1961 9588 10506
14139
15946 4111 19399 6852 214 11292 11542 7053 8452 12794 2675 13018 10155 14921 11292 17816 6852 17698 11292
7663 8309 999 8503 527 11568
17598 10519 16468 68 11292 10278 16701 18438 6771 8396 14060
7927 1909 14065 8871 1169 13171 19136 18099 19131 17816 7576 1534 1978 7529 8491 8738 13138 16978 4267 15217 2754 8102 11573 7576 5927 12758 8102 7299 10709 5083 68 11285 1583 5917
14060 12 11670 1704 14064 5155 11542 15410 10278 19733 8103 13256 5910 9914 4273 1173 19618 18324 17683 2577 7526 10278 11599 5075 13171 2448 14307
13941 8543 12276 1965 11573 6183 13579 15401
17122 10804 11818 14671
15409 11818 14669 18228 7022 4325 15406 18542 18605 428 8179 6771
6198 6031 12337
9578 6174 6771 4396 17414 9029 6010
3630 16258 18731 12276 7022 4325 12865
14396 17939 7577 15398 19221 14370 15911 1876 15911 15169 13536
17608 6027 16227 6174 19221 13235 6026 17608 5683 15373 7442 13941 16572 12103 5910
9756 15173 8701 12337 6174 10317 11542 3017 6675 19132 17816
11858 19418 18217 11143
2007 6540 4540 6809 10233 17499 11542 16385 1643
15284 8049 8066 3342 6771 5818 568 13241 15170 14738 10358 17549 15337
6693 6193 15922 11291 65 11291 11542
12276 13235 8738 18268 19345 14139 1643 16596 10081
16596 14698 16760 14171
6236 1935 716 13154 18293 15935 10644 11542 14738
11203 10537
14139 14139
13169 17136 10056 19224 7199 8213 3285 17816
2959 6787 8240 15410
12276
19474 14106 11072 14671
19132 17816
527
3719 4016 13191 16896
14139 1643
1116 17114 1328 6771 13632 19613 10402 19589 15398 17549 16889 13606
9756 14106 14671
18721 7001 7897 16261 7526 6672 14370
7897 11670 5489 19151 13617 16541 2754 15170 2711
7592 7199 19131 182 17816
2335 15401
12276 15217 19565 7278 18722 19545 1000 11573 7680 7654 11877 10028 5155
5942 16963 18438 11606 11630 4973 14938 13058 10546 11766 16367 18981 15636 15398 16367 10317 11542 5640 7526 7698 14064
16760 8950 12725 10074 18722 7822 11573 999 17680 7773 7530 19599
15409 11416 10941 8503 12058 17595 12177 12276 16701 13174 11606 10480 7129 13459 19136 17946 2491 15540 18278
14149 13191 4944 2587 9258 17771 16792 9279 5769 596 4940 11542 13652
4381 4202 5917
2832 2272 3684 6771 16566 11116
11828 12774 8145 2469 16486 19365 5719 17137 7698
565 18564 13320 3281 16752 9041 1935 716 16692 5067
13529 7698
14936 13058 7698 12414 19455 12888
12429 2732 17110 14882 9756 12231
7529 13529 9255 16267 7739 13191 18501 7136 6771 12540 10472 18577
11126
3774 6512 11638 1207 15983 18052 7654 19136 1358 9708 2537 7842 17921 10166 9680 16267
8104
8371 1750 12703 18278 14129 11872 15642 13779 12337 3911 18223 8822 10894
2754 774
8277 4852 13269 17881
16760 9749 6119 4054 3717 8805 19538 4229 15235 3911 18223
6631 9387 13907 18004 5910 8740 4038 13239 8675 8495 11978 16760
3459 7979 19647 1982
19086 16261 17169 19418 6296 2396 19418 3719 5097
4610 527 7412 15337 1563 19787 16593
8876
5542 14569 3597 3787 14139 5168 11542
7747 8524 17608 12865 1367 15073 13529 7698 17720 14738 17680 9815 3630 11247
16675 4395 19541 18670
1027 16992 18266 18932 435
13568 16016 5359 8649 7946 7191
7654 7191 3516 2169 6853 11638 19488 1787 6437
934 4054 15982 5540 12381 8020
3422 13256 7052 17816 12748 214 19725
15980 2597 12059 3362 7461 5319 10317 11542
11890 19567 5927 16630 1026
9756 1583
11699 12865 17720 7698
11542 15407 10317 11699 17750 8738 13163 4916 6812 19400 9860 19418 13191 18295
18043 10481 10317
11606 9069 3068 2583 17939 345 11284 6771
13191 10317 5657 11638 2902 4532 6062 17122 6201 19659 16760 6042 13538 14671
1909 5552 13259 13319
13191 14139 16990
4252 16596 14889 11542 10171 1070
16760 2272 11573 14139 7592 14106
214 11292 16701 9277
214 11291 17816 7167 4422 9276
10358 11542 8803 17742 19723 12240 19656
17683 12865 19664 7698 14671 579 7530 12618
19399 10323 3178 6945 12276 16907 4973 16907 8802 10317
15221 14738 13256 16760 16907 524 10317 13256
10684 3068 8106 1935 727 15170 726 15368 3450 19399 10171 5094 2754 15170 1643 15337
5851 14584 19541
11084 6629 19136
5445 1879 1843 17750 14151
1965 11653 6693 15565 13733 9195 17232
1965 565 11542 1935 716 1965 6464 3831 16607 11247
16766 14139 6693 2945 19265 3048
11011 1138 19145 19365 11542 9756 12725
14522 1474 1474 4905 17720 13740
18722 6631 13888 11263 2721 17686 12485 2364 14629 9159 17729 9859
11139 13191 7106 7015 14359 10709 18542 2272 11542 17750
6804 7747 1306 19145 7694 7576
8751 6759 11203 19603 19145

12337 11542 6494 5542 13283 5067 1583 527 10535 3950 9983 13150 19787 17168
2015 9467 1935 716
3597 12865 524
524
1909 14477 2829 4423
14936 13058 10402 1982 10958 5068 9467
9869 4990 2875 4027 18303 2527 7387
16462 852 12337 19145 11537 19418 16460 4547
14588 9756 6766
15409 8871 17687 14671 10472 2317
14666 3921 5985 10358 11274 10204 14671 12 10358 17584
13171 15398 7939
1468 12611 3643 9749 19568 2754 14601 486 2147 7343 16939
527 15337 1643 11542 920 15409 10317 17144 5468 10804 18299 18273 5461 11542 9756 11606 10402 17816 8643 13341 8784 10746 10519 15221 11542 19488 15410 13588 9926 12290 11096 11127 13859 523
15409 10402 7698 11573 1306 4549 6174 14397 6131 5078 13611 7698 6771 1169
16653 3368 11542 1935 718 19601 12888 4531 15173 16261
972 12888 2940 2099 11542 2188 9559 6362 10888 1497
13220 19541 5338 11542 11743 10714 12943 6201 19583 11997
6501 13443 15410 10804 11573
10056 13892 7615 7822 527 19535 10123 14878 19737 11964 5985 4004 11127 18561 5850
18317 1935 716 11542 11007 5917 11127 19305
5549 18494
16261 15410 10804 17830 10517 11005
14139 13283 13191 9034 18489 10381 10804 10454 6927 16430 16760
2754 10480 19212 17269 19086 5123 10999
17040 17718 13191 4696 14149 10453 6337 18210 13256 9383 1520 7529 6562 9926 5910 16760 5433 12276 11795 146 40 8627 12657 5927 424 18621
3072 16993 8925 5910 10684 3068 13154 1935 716 16535 3886 14588 11542 19486 10056 277 11292 16993 3052 237 4705 1848 3719 5016 3068 10706 15496
14139 19131 17816 11416 2677 5591
1909 345 1171 2681 5591 934 5098 13829 18896
16596 9255 433 17750
14139 433 13191 15398 16636 4921 10850 10537 702 14984
17830 12429
13191 12086 19186 7473 2879 13941
19138 3880 12081 19171 16760 5910
14139 1643 7977 13283 11095 442 19399
4224 13767 9856 5604 5825 6771
19568 5296 13485 6201 13485 12030
6771 19601 14139 14998 8791 5917 3292 8450
8675 204 223 10233
17137 18894 14671 11542
6193 14666 15410 12617 5743 14064 11 14064 12 968 3880 13529 11636 6771 6215 8905 12338
16766 19399 7171 8738 11638 17314 17899 10804 17830 12221 17899 11606 1982 8899
13191 6568 13182 8495 10804 14669 13236 8643 947 5683 15371 14150 6007
1127 4684 4887 14930 1935 717 6924 19737 7698 7977 18293 15935
903 17032 18614 19603 19145 18884 13995 11904 9756 19086 5969 19488 17686 8116
11542 4862 14064 11 12 10937 12 12 10171 18213 1583 18213 10899 11573
9984 5445 17168
5092
1367 19365 13235
6852 17720 7680 15886 9989 12961 16760 19138 6812 8751
8751
19136 16261 1982
11542 10472 2317 1115
5098
6198 14201 15398
17679 2754 15170 1935 716 13154 7698 14878 3449 5552 8738
3068 1026 12030 1982
11311 3372 9173
16596 14666 10402 11542 5916 10644 2310
2310
14196 11542 1171 16298
14106 2272 19418 12058 9756 8570 6814 16261 9763 8751 1306 16760
6771 10317 6564 18839 3622 2892 18314 3082
1120 14668 3648 2033 4512 3604 11203 9756 4420 11673 774 17525 13764 17750
19164
3376 19656 13191 8495 7383 4982 14139 2581
6174 16052 2638 17683 17899 14178 19657 19365 1027 6107 16760 9756 18739 8487
527 447 6257 2875 4027 10822 13502 17255 14429 14125 3068 19365 17679 4396 17414
6771 1643 12865 15170
579 7698
13529 11884 13763 17750
7930 17830 14139 5549 11409
6771 5349 9756 5985 17168 9800 9277
527 6771 7822
12058 2007 6540 18313 12920 6787 527 7698
19547 12888 6771 13159 17348 2236 11890 5570 1935 716 10108
14139 12882 12707
9871 19235 15401 11828 12774 8145 13159 15541 14885 4229 6223 2373 7228 11890 5570 1935 716 19399 1026 5569 14936 13058
14936 13058 12725 5349
10999 13794 14885
1026 5569 14936 13058 894 9857 8738 11890 5569 1935 716
1879 11890 5569 1935 716 17162 4228 16601
10317 11696 5098 12276
16760 14653 11154 13131 4341 10778 10277 6204
10517 9997 10485 3103 6852 11045
2094 8738 5093 19399
11872 8720 11028 17435 1180 8738 9383
11127 8685 11770 17304 669 11938 15079
934 10104 19543 6634 2754 7167 8738 10548 12116
6236 3866 15584 2754 14492 441 893 12193 12061 7654
10850 10229 6852 17304 12721 7799
15375 16627 6509
12695 7585 10402 7201 3193 10231 6675 2620 8785 1891 6337
579 6272 15398 11542 14060 327
1
10804 8675 8495 16760 10350 19631 13191 8037 11542 933
16596 10709 17683 8738 16261 19400 5093 14645 19399 7168 8738
9756 6827 16760 7526 14653 9213 7526 6223 10548 9400 17304 2094 6201 7526 9857
8738 19399 10406 8108 6183 5910 11542
6174 10406 8629 6209 10780 13771 11641 2059
16907 13256 4918 11542
7654 2754 14106 1643 14671 15398 14738 13191 6026 11542 579
10804 17680 10644 15496
5098
7585 8382 14064
8916
14139 12061 1877
527 618 13191 7291 8495 9756 15046
11542 1541 327
146 8871 1748 9170 217 18895
18203
7927 2015 13591 13124 1843 12154 11890 4084 19659 10155 12023 13807 9719 5329 642 19365 17679
11890 7654 14748 13256 15170 16249 2902 19365 17679 14984
12231 6174 12023 3811 4271 5917 11699 11542 16701 7136 16889 15936
7654 13256 11997 8685 10233 922 18303 17683 13256 6812 18227 8377 11291
4229
568 15170 8360 19043 11291 11858 8102
10640 16629 19136 8721 12103 9749 6693 3690 19647 6852 14666 6183
1643
18303 8028 8627 10278 7526 1620
15568 19136 6771 8382 6337
10537 7698 3375 17750 7930 19164
12276
5466
8028 8626 14121 11011 3597 523 1347 9249 13046 3975 14063 5683 15371 17750 2033
12924 16701 17686 10958 8954 8028 19164 13029 10402 10171 18716 17686 5917 7698 19418 19603

10499 5927 13110 13283 13191 11112 459 527 19418 10155 15309 8215 16701 1368 13913 6174 5910
10686 923 10358 2335
9756 6236 1575 6782
6201 19575 11542
527 8908 6193 565 9633 1835 3068 3724 6771
6198 18303 15847 10151 3597 6812
14936 13058 972 10123 565 4861 12414 11953 7684 7626 11953
7086 1935 716 16583
7822 9633 13159 16267 5251 3831 8738
11699 17750 16277 10804 18299 18273 17771 19365 17679
10537 17138
15733 15398 18313 12919 9400 10917 11828 12774 8145
19107 7526 18631 14943 18932 15584 13588 12276 19365 16760 5706 16267 4512
12226 5917 11247 1937
6276 5917
11858 19664 14666
1583
6629 10142 11349 19136
10005 1879 3124 5917
7698 214 11292 17720 9383 19418 15161 11542 10402
11976 15221 4624
1115 1879
6812 5985 1643 19568
11858 19664 14666
1583
6629 10142 11349 19136
10005 1879 3124 5917
7698 214 11292 17720 9383 19418 15161 11542 10402
11976 15221 4624
1115 1879
6812 5985 1643 19568
10537 10537 10539 11542
14106 12050 7559 6996 968 15830 18296 16760 10350 16744 17329 6478 11542 3630 15769
10233 16595 15173 2272 15319 592 16486
11542 10155 10519 9111 2279 11999 2902
1935 716 14936 13058 8785 4138 13037 12050 12889 5349 1982 1171 5803
8111 2916
9815 1474 19365 17816 19043 18295
6201 8864
8941 11542
12276 6632 4684
7654 15398 19136 13 17830 10537 9871 11573 6452 11247
17679 10317 6771
19138 19458 166 1539 10732 3300 12422 14370 4531 4306 6161 18541 12707
484 12337 1935 717 527 10295
1417 14936 13059 10868 527
13191 7827 9304 4540 6809 6174 7823 135 7387 6771 16592 11173 5391
650 15220 6771 12504 1441 16480 14063 7698 19164
19418 11858 7086 13327 15220 1306 16730 8629 19448 2993 14936 13059 17762 4426
13235 17720 11542 2474
11858 15169 3630
15377 12943 18894
13191 9029 17720
19278 6562
9756 10472 17544 15007 10472 17544 12081 13191 18299 5910
7747 9029 12463 3378 15494
5910 8784 1330 10782 5910 7387
11514
9926 19086
11542 10317 3068 13940 784
16701 17683 12276 16755 7680 16692
6812 11616 8215 3597
19399 9199 6630 4292 13298 6546 2346 6827 14111 2272 6277 12058 19136 11542
18690 6787 3787 10481 15073 19722 2272 7698 5743
777 6939 7007 11193 10295 3055 18896 9921 10295 5969 16292 15083 10804 6787 8643 13648 11858 3831 2474 6782 1203 8103 7532 7176
15398 10519 18726 14065 11 18438 15284 716 13058 15974 568 10556 3090 15178
2754 1909 14132 16760 13152 10317 6062 5683 11904 12858 18182 18323
19418 15170 1138 11602 18849 7822 14390
10539 11542 11542 10539 2272
14106 2272 19138 11542 5917 2013 17136 6481 10317 6688 18895
11542 9815 8558 17813 5910 19043 6812 19418 8102 11877 6174 930 9914
5421 6273 6011 11542 7587 14411
565 3221 972 405 13028 1982 972 1026
11542 11247 2180
934 10539 9815 15337 3422 2272
14139 10644 5719 13499 11542 3422 4855 2272
3082 934 6047
8240 11606 6771
10408 2682
11542 3375 7319 17169 6098 8247 17830
14936 13058 4862 14671 14174 6771
3176 15220
1935 716 12221 11307 6787 12882
10472 17816 15911 5971 6771
15375 17690 576 14139 7585 10917 15928 17480
11542 10804 18299 18273 10537 11573
7694 7576 12276 1965 11573 15410 14178
4540 6809 17310 14733 19418 16627 10472 4252 5910
14139 16869 14059 11542 12276 4890 6431 1583 14133 15410 10519 19599 11573
10961 14148 19087 14059 11542 12276 1643 12217 11249 7553 2558 14064 327
146
6498 568 17114 6431 1643 13235 15634 15337 19164 11542 6174 3422 459 6174 11726 4154 2165 15217 12890 9724 14830 1131 8579
10999 6362 8382 12081 18900 14671 14064
8751 8382 14064 3045 19418 13588 19136 11542 8643 12276 579 18771 17816 18227 16407 16261 19609 12276 19131 17816
10317 10381 17680 19659 6771
13588 5098 6183 6693 19145 6771
6665 17137 15169 19599 6771 19723
1011 13191 8495 579 1114
1027 3068 3886
11606 10700 15496
6675 12030 3082 12707
1643 2916 3221 10644
14139 2902 13319 17497
1026 14139 17683 6800 13124 10644 15496 7136
17114 9249 11154
10157 8608 4154 2159
2735 8524
16394 19488 16391 17654 17312 17816 19647 6852 11542 14666 6183
1643 19132 146 40 8627 18261 5349
13588 19132 1168 16261 5803 4302 3867 16257 8382 13324 6771
18829 7927 14069 6771 19365 7698 3016 15420 13588 16926 6646 17001 10234 12122 18895
5615
11005 9756 2778 12046 12021 11542 7654 1643 7698 7822 1643 9756 13120 17549 5718 10535 6592
920 2094 8215 16701 19089 6371 8028 8626
7698 17679 16810
16282 12593
12103
4442 12618 11416 15398 6852 13110 4473 14942 17914 16654 19659
8648 17552 16186 12326
3375 8028 10804 11863 3009 17750 6787 12629 4068 14233 15003 17816
7822 11389 4903 17750 5917 3719 18465 19365 6771
5502 3068 8738 11047 4364 19535 10781 15285 24 2059 10963
19187 909 13191 13241 435 11863 3082 8438 7598 15849
9145 4613 15411 7446 565 8438 8358 12143 16557 10548
8772 2157 13731 1982 17512 11084 11298 7533 5377 4572
12106 14249 13729 16102 3082 19129 17750
16627 7433 56 11291
635 7184 10425 19642 1265
17975 7034 15319
15623 8215 4252 14885
5100 6771
11542 11118
6852 8028 11542 9279 8028 11542 10171 7506 4401 9926 7654
18508 19278 5402
527 13529 7698 6119 13058
15337 1907 7585 1942 5383 6852 8028 19145 19365 6771 14132 579 13283
6852 8028 15221 10700 10402 15496 8570 14588 11542 19418 14644 18223
7529 19599
11542 7291 13191 8495 8841 553
1849 10074 5910 17683 9260
1281 1965 17168 17750 5075 14177 17830 5927 4540 6809
16980 5067 7576 5436 17390 6809 13505 1120 18593 17750 7694 7576 934 590 2272 11727
7694 7576 16601 4175 12596 7773 7530 1497 9277 16760 1748 5093 1026 9195 972 1026 15540
1027 8738 6519 17162 10381 1643 10850 14359 5837
11542 13650 2812 1497 10644 1909 16261 429 4697 596 6174 5533 5917
6809 9294 17525 14359 18932 4232 16384 11699
15787 16639 12888 14936 13058 12019 9763 3068 1835
6680 7698 6809 11858 5103 19573
14106 2272 6249 429 10537 19654 8240 3630 2007 15319 19595 2916 17683 14938 13058 429 12882 3220
972
19164 11542 13502 17168 17136 2272 10396 11858 15398 12707 3630 6852 8028 17122 7677 486 16660 16660 1758 13130 12886 10644 12276 11349 11534 5510 12318 16258 14106 2272 17683 6249 588 8570 1120 7559 6997 2279
10482 7129 6771 14106 13332 14671 6141
5098 15401 6771
639 3719 8589 4684 2942 17946 14060 6787 15942
327 344 8899
16760 527 14098 3601 10245 12276 13235 6771 17720 19145 15141 4512 3604
4684 19137 6771 3422 4863 8751 1474 14174
14936 13058 3017 11077 12337 7442 11606 1982 12888 12773 1309 2378 17830 7136 16760 5408 10074 8916
19278 19136 11542 10804 12865 14202 4144 4540 6809
17137 7747 11606 513
2007 12707 15007 18578
3683 11542 7387 6193 11291 16261 18741 6422 8104 9815 1497 6430 17168 12276 11499 9756 6767
1935 728 9756 11807 527 2912 579 1643 10151 16261 19136
6338
10171 3287 5098
14139 19603
12725 933 19086 16460 1173 17718 7588 15950
11499 13443
4540 6809 10898 10709 7698 6790 17755
7694 7576 12276
1441 4512 6771 18618 16076 17138
1935 716 7698 14883 2875 4027 18313 12919 18210 14649 6771 14936 13059 12888
3068 7291 17138 18299
8028 6771 13862 18894 17640 13046 13862 3717
6771 10958 16595 19549 17680 952 15406
6787 16317 934 5968 10913 3719 13191
17683 6252 6771 1879 17813 5910 19418 429 6271 17750 6549
12234 16595
6852 8240 1935 716 16261 17899 11542 16984 1013 15409 9158 18981 14748 10462
6852 11542 15409 19235 9255 11409 12030 10317
9800 19145 8570 16261 9279 3612 18757
9756 4557 5880 1013 9736 9988 6201
12226 19164 10523 11352 7680 11096 6236 9318 8608 1319 4154 2159 17501 16760 14040
11938 3366 2159 8608 14921 10523 4054 13220 8738 10108 6141 6141
10156 8738 495 11638 7654 8524 17889
9756 5983 9749 8236 8841 11978 11542
12226 11542 16825
184 11292 2317 18537 1013 18605 13191
1643 6810 6750 3445 1120 12548 13046 9749
9756 1551 11542 19131 17816
579 7698 525 11542 17813 5910
1935 716 6249 14936 13058 13 4011 6209 8981
2875 4027 1950 18293 15935 9869 4990 10123 4916 934 7442 6249 12889
16760 2754 4568 15046 5919 8338 5008 10317 2419 4022 8064 10591 5921 12429
4252 2730 7694 7576 14314 16408 146 8658 19136 11542 10171 1076
13462 9756 9857 1935 716 7752 1568
1409 2272 5917 17777 523 14921 18690 6830
5971 11542 17813 5910 3719 14984
17720 7698 17750 18339 5442 4822
17683 10740 15411 6771 11858 19086 15584
13319 19539 11446 11084 12743 15585 19809
16760 10804 10499 5927 18375 15221 14633 8524 4154 2159
8608 6231 7588 9317 4918 3612 8524 16701 4154 2159
11606 17816 5750 15221 906 5495 1306 2884 4154 2159 17816
7822 5864 4214 19568 19541 18936 15584 15221 15284 16313 10317 17270 8930 15317 815 15008 12276 4822 6771
13110 1907 4810 11028 14648 18039 12951
1849 13555 7101 6011 2007 18201
11807 19136 13421 6771 11658 12058
11858 19418 18217 11143
2007 6540 4540 6809 10233 17499 11542 16385 1643
15284 8049 8066 3342 6771 5818 568 13241 15170 14738 10358 17549 15337
6693 6193 15922 11291 65 11291 11542
12276 13235 8738 18268 19345 14139 1643 16596 10081
16596 14698 16760 14171
6236 1935 716 13154 18293 15935 10644 11542 14738
11203 10537
14139 14139
7694 7576 13364 7822 13191 11542 13191 7586 1568 5628 9914 1708 15217 15935 15131 2310 4138 11409 9276
15407 14532 9989 12961 2902 19568 10517 12431 12397
9926 7680 8102 9926 4910 7136 5549 10317 18034 11700
12936 15398 451 1563 527
5917 19164 6562 6712 9756 429 18375 213 10097 5940 755 9756 17304 13330 12226 7894 7880 9317 17982 18605 14139 19549 10556 2570 6771 9756 5985 7309 3717 11542 9539 11623 13200 15922 15217
17683 8751 7530 12865 1909 6026 19583 3974 4229
11542 10513
16462 852 17816 17114 1566 11093 8838 923 3612 8397 11542 8382 13617 18773 2007 2570 19379 19365 16760 1748 10633 10779 13767
14139 8503 19488 13769
11203 3597 12396 16760 579 16261 15170 10278 16607 19583 6141
11542 13832 6730 19131 8627 10700 13273 14281 1173 15161 2071 5917 9077 13907 11890 16627
10937
16760 12030 14118 10278
10578 19138 16309 13046 4202 12707 1565 15369 15323 11010 12799
1909 15748 15337 15860 1011 13191 8495 3950 7362 16546
1909 8396 17316 12865 777 8499 13046 18728 64 11292 15170 429 12030
4540 6809 3372 17316 5075 7291 17445 3975 11039 19145 19138 13538 6787 3784 6787 12221 12030 14377 15170
17445 13741 4136 12030 6771 16306 17683 7694 7576
7442 252 527 1371 19603 12040
5910 429 1200 3068 4944 15634 7800 6408 11638 15217 13529 7814 8592 18578
5803 6335 5075 3239 14405 930 12882 6771 7576 5436 17390
14139 10317 4540 6809 5075 13538 11573 6631 5615
7353
15573
7694 7576 5549 11542 17982 17136 17526
6201 11542 13443
579 6852 11292 11542 9926 19399 14587 8104 6512 10700 8738 10480 1643 14653 18642 10850
17946 14139 14139 1643 6511 527 6119 1935 716
16760 14125 16266 1889 3082 553 15406 15902 16907
8784 11542 579 13941 9279 18266 14139 7822 11542


13171 19131 17816 11416 8753 13046 7412
17683 6183 5098 5917 1879 11190 7822 16907 8841 11542
16462 12276 2015 13191 6494 6183
6108 2816 16063 17735 18947 4154 2159 8608 15902 909 7654 8524 4173 15796
17982 972 11542 7752 13332 13511 14671 14174 10700 14132 9027 8503 8754 17274 5234 14129 12030 19418
19474 7585 19787
1551 4138 4105 18011
7694 7576 11323 17865 15911 1026 7576
18722 3188 16762 2990 11728 1026 12030 7580 10317 11542
6478 2723 4430
4540 6809 10644 6631 11573 6750 3445 19796 6141
12276 6632
11542 17680 5167 11542 17459 4822 18567 3082 4512 13011 11454 11657 16792 2916 16137 4973
11203 19573 7576 5436 17390 3597 17683 7576 5743
1909 5098 19145 6771
7101 14671 17720 15398 11389 3346
9213 19138 11542 9986 3663 15496 10056 8626 920 18668
13191 12154 6174 5917
19488 7588 1568 13191 10358 15409 6771 3663 15496 18042 6205 6312 14118 16760 14645
10056 8626 11542 5432 8578 14234 15217 10700 6201 14748 10151 10700 15496
18508 8102
10961 12276 19601 7698 11573 6183 15217
12865 17683 7698 13191 18299 9411 11542 19141 7694 15922 5033
15148 17679 11542 19654 14666
19328 6849 1912 581 3017 10999 5210 12429 12338 19597 3914 16569 11553 405 15170 1173 14234 6771
10804 14669 11720 16910 13191 436 1372 16766 10155 922
17004 15170 5910 6693 18931 1026 5569 3326
1909 10040 7894 13632 19138 15013 6693 15146 4233
12226 7135 10028 2226 19167 8357 10011 9892 5391 4542 4218 6183 10700 8900 19488 6798 10028
12226 19722 2719 527
14059 14150 9249 13744 10317 2058 16966 1909 18210 1328 7101 909
14027 11978 7442 18693 19145 16054 14233 12058
9188
17530
18752
6852 214 11292 13528 15337 6183 19656 8450 6771 10709
13171 16255 2635 6193 4055 6771 6183 5245
18227 15938 6771 18529 17854 14106 10005 5917 3036 5929
12234 16595 568 1935 716 10644 7698 11542
5615
11542 18894 11203 405 15938 15911 9568 1013 15873 2216 16833 1620
7055 14936 13058 10709
19427 10706 11573 716 1961 9588 10506
14139
15946 4111 19399 6852 214 11292 11542 7053 8452 12794 2675 13018 10155 14921 11292 17816 6852 17698 11292
7663 8309 999 8503 527 11568
17598 10519 16468 68 11292 10278 16701 18438 6771 8396 14060
7927 1909 14065 8871 1169 13171 19136 18099 19131 17816 7576 1534 1978 7529 8491 8738 13138 16978 4267 15217 2754 8102 11573 7576 5927 12758 8102 7299 10709 5083 68 11285 1583 5917
14060 12 11670 1704 14064 5155 11542 15410 10278 19733 8103 13256 5910 9914 4273 1173 19618 18324 17683 2577 7526 10278 11599 5075 13171 2448 14307
13941 8543 12276 1965 11573 6183 13579 15401
17122 10804 11818 14671
15409 11818 14669 18228 7022 4325 15406 18542 18605 428 8179 6771
6198 6031 12337
9578 6174 6771 4396 17414 9029 6010
3630 16258 18731 12276 7022 4325 12865
14396 17939 7577 15398 19221 14370 15911 1876 15911 15169 13536
17608 6027 16227 6174 19221 13235 6026 17608 5683 15373 7442 13941 16572 12103 5910
9756 15173 8701 12337 6174 10317 11542 3017 6675 19132 17816
11858 19418 18217 11143
2007 6540 4540 6809 10233 17499 11542 16385 1643
15284 8049 8066 3342 6771 5818 568 13241 15170 14738 10358 17549 15337
6693 6193 15922 11291 65 11291 11542
12276 13235 8738 18268 19345 14139 1643 16596 10081
16596 14698 16760 14171
6236 1935 716 13154 18293 15935 10644 11542 14738
11203 10537
14139 14139
13169 17136 10056 19224 7199 8213 3285 17816
2959 6787 8240 15410
12276
19474 14106 11072 14671
19132 17816
527
3719 4016 13191 16896
14139 1643
1116 17114 1328 6771 13632 19613 10402 19589 15398 17549 16889 13606
9756 14106 14671
18721 7001 7897 16261 7526 6672 14370
7897 11670 5489 19151 13617 16541 2754 15170 2711
7592 7199 19131 182 17816
2335 15401
12276 15217 19565 7278 18722 19545 1000 11573 7680 7654 11877 10028 5155
5942 16963 18438 11606 11630 4973 14938 13058 10546 11766 16367 18981 15636 15398 16367 10317 11542 5640 7526 7698 14064
16760 8950 12725 10074 18722 7822 11573 999 17680 7773 7530 19599
15409 11416 10941 8503 12058 17595 12177 12276 16701 13174 11606 10480 7129 13459 19136 17946 2491 15540 18278
14149 13191 4944 2587 9258 17771 16792 9279 5769 596 4940 11542 13652
4381 4202 5917
2832 2272 3684 6771 16566 11116
11828 12774 8145 2469 16486 19365 5719 17137 7698
565 18564 13320 3281 16752 9041 1935 716 16692 5067
13529 7698
14936 13058 7698 12414 19455 12888
12429 2732 17110 14882 9756 12231
7529 13529 9255 16267 7739 13191 18501 7136 6771 12540 10472 18577
11126
3774 6512 11638 1207 15983 18052 7654 19136 1358 9708 2537 7842 17921 10166 9680 16267
8104
8371 1750 12703 18278 14129 11872 15642 13779 12337 3911 18223 8822 10894
2754 774
8277 4852 13269 17881
16760 9749 6119 4054 3717 8805 19538 4229 15235 3911 18223
6631 9387 13907 18004 5910 8740 4038 13239 8675 8495 11978 16760
3459 7979 19647 1982
19086 16261 17169 19418 6296 2396 19418 3719 5097
4610 527 7412 15337 1563 19787 16593
8876
5542 14569 3597 3787 14139 5168 11542
7747 8524 17608 12865 1367 15073 13529 7698 17720 14738 17680 9815 3630 11247
16675 4395 19541 18670
1027 16992 18266 18932 435
13568 16016 5359 8649 7946 7191
7654 7191 3516 2169 6853 11638 19488 1787 6437
934 4054 15982 5540 12381 8020
3422 13256 7052 17816 12748 214 19725
15980 2597 12059 3362 7461 5319 10317 11542
11890 19567 5927 16630 1026
9756 1583
11699 12865 17720 7698
11542 15407 10317 11699 17750 8738 13163 4916 6812 19400 9860 19418 13191 18295
18043 10481 10317
11606 9069 3068 2583 17939 345 11284 6771
13191 10317 5657 11638 2902 4532 6062 17122 6201 19659 16760 6042 13538 14671
1909 5552 13259 13319
13191 14139 16990
4252 16596 14889 11542 10171 1070
16760 2272 11573 14139 7592 14106
214 11292 16701 9277
214 11291 17816 7167 4422 9276
10358 11542 8803 17742 19723 12240 19656
17683 12865 19664 7698 14671 579 7530 12618
19399 10323 3178 6945 12276 16907 4973 16907 8802 10317
15221 14738 13256 16760 16907 524 10317 13256
10684 3068 8106 1935 727 15170 726 15368 3450 19399 10171 5094 2754 15170 1643 15337
5851 14584 19541
11084 6629 19136
5445 1879 1843 17750 14151
1965 11653 6693 15565 13733 9195 17232
1965 565 11542 1935 716 1965 6464 3831 16607 11247
16766 14139 6693 2945 19265 3048
11011 1138 19145 19365 11542 9756 12725
14522 1474 1474 4905 17720 13740
18722 6631 13888 11263 2721 17686 12485 2364 14629 9159 17729 9859
11139 13191 7106 7015 14359 10709 18542 2272 11542 17750
6804 7747 1306 19145 7694 7576
8751 6759 11203 19603 19145

12337 11542 6494 5542 13283 5067 1583 527 10535 3950 9983 13150 19787 17168
2015 9467 1935 716
3597 12865 524
524
1909 14477 2829 4423
14936 13058 10402 1982 10958 5068 9467
9869 4990 2875 4027 18303 2527 7387
16462 852 12337 19145 11537 19418 16460 4547
14588 9756 6766
15409 8871 17687 14671 10472 2317
14666 3921 5985 10358 11274 10204 14671 12 10358 17584
13171 15398 7939
1468 12611 3643 9749 19568 2754 14601 486 2147 7343 16939
527 15337 1643 11542 920 15409 10317 17144 5468 10804 18299 18273 5461 11542 9756 11606 10402 17816 8643 13341 8784 10746 10519 15221 11542 19488 15410 13588 9926 12290 11096 11127 13859 523
15409 10402 7698 11573 1306 4549 6174 14397 6131 5078 13611 7698 6771 1169
16653 3368 11542 1935 718 19601 12888 4531 15173 16261
972 12888 2940 2099 11542 2188 9559 6362 10888 1497
13220 19541 5338 11542 11743 10714 12943 6201 19583 11997
6501 13443 15410 10804 11573
10056 13892 7615 7822 527 19535 10123 14878 19737 11964 5985 4004 11127 18561 5850
18317 1935 716 11542 11007 5917 11127 19305
5549 18494
16261 15410 10804 17830 10517 11005
14139 13283 13191 9034 18489 10381 10804 10454 6927 16430 16760
2754 10480 19212 17269 19086 5123 10999
17040 17718 13191 4696 14149 10453 6337 18210 13256 9383 1520 7529 6562 9926 5910 16760 5433 12276 11795 146 40 8627 12657 5927 424 18621
3072 16993 8925 5910 10684 3068 13154 1935 716 16535 3886 14588 11542 19486 10056 277 11292 16993 3052 237 4705 1848 3719 5016 3068 10706 15496
14139 19131 17816 11416 2677 5591
1909 345 1171 2681 5591 934 5098 13829 18896
16596 9255 433 17750
14139 433 13191 15398 16636 4921 10850 10537 702 14984
17830 12429
13191 12086 19186 7473 2879 13941
19138 3880 12081 19171 16760 5910
14139 1643 7977 13283 11095 442 19399
4224 13767 9856 5604 5825 6771
19568 5296 13485 6201 13485 12030
6771 19601 14139 14998 8791 5917 3292 8450
8675 204 223 10233
17137 18894 14671 11542
6193 14666 15410 12617 5743 14064 11 14064 12 968 3880 13529 11636 6771 6215 8905 12338
16766 19399 7171 8738 11638 17314 17899 10804 17830 12221 17899 11606 1982 8899
13191 6568 13182 8495 10804 14669 13236 8643 947 5683 15371 14150 6007
1127 4684 4887 14930 1935 717 6924 19737 7698 7977 18293 15935
903 17032 18614 19603 19145 18884 13995 11904 9756 19086 5969 19488 17686 8116
11542 4862 14064 11 12 10937 12 12 10171 18213 1583 18213 10899 11573
9984 5445 17168
5092
1367 19365 13235
6852 17720 7680 15886 9989 12961 16760 19138 6812 8751
8751
19136 16261 1982
11542 10472 2317 1115
5098
6198 14201 15398
17679 2754 15170 1935 716 13154 7698 14878 3449 5552 8738
3068 1026 12030 1982
11311 3372 9173
16596 14666 10402 11542 5916 10644 2310
2310
14196 11542 1171 16298
14106 2272 19418 12058 9756 8570 6814 16261 9763 8751 1306 16760
6771 10317 6564 18839 3622 2892 18314 3082
1120 14668 3648 2033 4512 3604 11203 9756 4420 11673 774 17525 13764 17750
19164
3376 19656 13191 8495 7383 4982 14139 2581
6174 16052 2638 17683 17899 14178 19657 19365 1027 6107 16760 9756 18739 8487
527 447 6257 2875 4027 10822 13502 17255 14429 14125 3068 19365 17679 4396 17414
6771 1643 12865 15170
579 7698
13529 11884 13763 17750
7930 17830 14139 5549 11409
6771 5349 9756 5985 17168 9800 9277
527 6771 7822
12058 2007 6540 18313 12920 6787 527 7698
19547 12888 6771 13159 17348 2236 11890 5570 1935 716 10108
14139 12882 12707
9871 19235 15401 11828 12774 8145 13159 15541 14885 4229 6223 2373 7228 11890 5570 1935 716 19399 1026 5569 14936 13058
14936 13058 12725 5349
10999 13794 14885
1026 5569 14936 13058 894 9857 8738 11890 5569 1935 716
1879 11890 5569 1935 716 17162 4228 16601
10317 11696 5098 12276
16760 14653 11154 13131 4341 10778 10277 6204
10517 9997 10485 3103 6852 11045
2094 8738 5093 19399
11872 8720 11028 17435 1180 8738 9383
11127 8685 11770 17304 669 11938 15079
934 10104 19543 6634 2754 7167 8738 10548 12116
6236 3866 15584 2754 14492 441 893 12193 12061 7654
10850 10229 6852 17304 12721 7799
15375 16627 6509
12695 7585 10402 7201 3193 10231 6675 2620 8785 1891 6337
579 6272 15398 11542 14060 327
1
10804 8675 8495 16760 10350 19631 13191 8037 11542 933
16596 10709 17683 8738 16261 19400 5093 14645 19399 7168 8738
9756 6827 16760 7526 14653 9213 7526 6223 10548 9400 17304 2094 6201 7526 9857
8738 19399 10406 8108 6183 5910 11542
6174 10406 8629 6209 10780 13771 11641 2059
16907 13256 4918 11542
7654 2754 14106 1643 14671 15398 14738 13191 6026 11542 579
10804 17680 10644 15496
5098
7585 8382 14064
8916
14139 12061 1877
527 618 13191 7291 8495 9756 15046
11542 1541 327
146 8871 1748 9170 217 18895
18203
7927 2015 13591 13124 1843 12154 11890 4084 19659 10155 12023 13807 9719 5329 642 19365 17679
11890 7654 14748 13256 15170 16249 2902 19365 17679 14984
12231 6174 12023 3811 4271 5917 11699 11542 16701 7136 16889 15936
7654 13256 11997 8685 10233 922 18303 17683 13256 6812 18227 8377 11291
4229
568 15170 8360 19043 11291 11858 8102
10640 16629 19136 8721 12103 9749 6693 3690 19647 6852 14666 6183
1643
18303 8028 8627 10278 7526 1620
15568 19136 6771 8382 6337
10537 7698 3375 17750 7930 19164
12276
5466
8028 8626 14121 11011 3597 523 1347 9249 13046 3975 14063 5683 15371 17750 2033
12924 16701 17686 10958 8954 8028 19164 13029 10402 10171 18716 17686 5917 7698 19418 19603

10499 5927 13110 13283 13191 11112 459 527 19418 10155 15309 8215 16701 1368 13913 6174 5910
10686 923 10358 2335
9756 6236 1575 6782
6201 19575 11542
527 8908 6193 565 9633 1835 3068 3724 6771
6198 18303 15847 10151 3597 6812
14936 13058 972 10123 565 4861 12414 11953 7684 7626 11953
7086 1935 716 16583
7822 9633 13159 16267 5251 3831 8738
11699 17750 16277 10804 18299 18273 17771 19365 17679
10537 17138
15733 15398 18313 12919 9400 10917 11828 12774 8145
19107 7526 18631 14943 18932 15584 13588 12276 19365 16760 5706 16267 4512
12226 5917 11247 1937
6276 5917
11858 19664 14666
1583
6629 10142 11349 19136
10005 1879 3124 5917
7698 214 11292 17720 9383 19418 15161 11542 10402
11976 15221 4624
1115 1879
6812 5985 1643 19568
11858 19664 14666
1583
6629 10142 11349 19136
10005 1879 3124 5917
7698 214 11292 17720 9383 19418 15161 11542 10402
11976 15221 4624
1115 1879
6812 5985 1643 19568
10537 10537 10539 11542
14106 12050 7559 6996 968 15830 18296 16760 10350 16744 17329 6478 11542 3630 15769
10233 16595 15173 2272 15319 592 16486
11542 10155 10519 9111 2279 11999 2902
1935 716 14936 13058 8785 4138 13037 12050 12889 5349 1982 1171 5803
8111 2916
9815 1474 19365 17816 19043 18295
6201 8864
8941 11542
12276 6632 4684
7654 15398 19136 13 17830 10537 9871 11573 6452 11247
17679 10317 6771
19138 19458 166 1539 10732 3300 12422 14370 4531 4306 6161 18541 12707
484 12337 1935 717 527 10295
1417 14936 13059 10868 527
13191 7827 9304 4540 6809 6174 7823 135 7387 6771 16592 11173 5391
650 15220 6771 12504 1441 16480 14063 7698 19164
19418 11858 7086 13327 15220 1306 16730 8629 19448 2993 14936 13059 17762 4426
13235 17720 11542 2474
11858 15169 3630
15377 12943 18894
13191 9029 17720
19278 6562
9756 10472 17544 15007 10472 17544 12081 13191 18299 5910
7747 9029 12463 3378 15494
5910 8784 1330 10782 5910 7387
11514
9926 19086
11542 10317 3068 13940 784
16701 17683 12276 16755 7680 16692
6812 11616 8215 3597
19399 9199 6630 4292 13298 6546 2346 6827 14111 2272 6277 12058 19136 11542
18690 6787 3787 10481 15073 19722 2272 7698 5743
777 6939 7007 11193 10295 3055 18896 9921 10295 5969 16292 15083 10804 6787 8643 13648 11858 3831 2474 6782 1203 8103 7532 7176
15398 10519 18726 14065 11 18438 15284 716 13058 15974 568 10556 3090 15178
2754 1909 14132 16760 13152 10317 6062 5683 11904 12858 18182 18323
19418 15170 1138 11602 18849 7822 14390
10539 11542 11542 10539 2272
14106 2272 19138 11542 5917 2013 17136 6481 10317 6688 18895
11542 9815 8558 17813 5910 19043 6812 19418 8102 11877 6174 930 9914
5421 6273 6011 11542 7587 14411
565 3221 972 405 13028 1982 972 1026
11542 11247 2180
934 10539 9815 15337 3422 2272
14139 10644 5719 13499 11542 3422 4855 2272
3082 934 6047
8240 11606 6771
10408 2682
11542 3375 7319 17169 6098 8247 17830
14936 13058 4862 14671 14174 6771
3176 15220
1935 716 12221 11307 6787 12882
10472 17816 15911 5971 6771
15375 17690 576 14139 7585 10917 15928 17480
11542 10804 18299 18273 10537 11573
7694 7576 12276 1965 11573 15410 14178
4540 6809 17310 14733 19418 16627 10472 4252 5910
14139 16869 14059 11542 12276 4890 6431 1583 14133 15410 10519 19599 11573
10961 14148 19087 14059 11542 12276 1643 12217 11249 7553 2558 14064 327
146
6498 568 17114 6431 1643 13235 15634 15337 19164 11542 6174 3422 459 6174 11726 4154 2165 15217 12890 9724 14830 1131 8579
10999 6362 8382 12081 18900 14671 14064
8751 8382 14064 3045 19418 13588 19136 11542 8643 12276 579 18771 17816 18227 16407 16261 19609 12276 19131 17816
10317 10381 17680 19659 6771
13588 5098 6183 6693 19145 6771
6665 17137 15169 19599 6771 19723
1011 13191 8495 579 1114
1027 3068 3886
11606 10700 15496
6675 12030 3082 12707
1643 2916 3221 10644
14139 2902 13319 17497
1026 14139 17683 6800 13124 10644 15496 7136
17114 9249 11154
10157 8608 4154 2159
2735 8524
16394 19488 16391 17654 17312 17816 19647 6852 11542 14666 6183
1643 19132 146 40 8627 18261 5349
13588 19132 1168 16261 5803 4302 3867 16257 8382 13324 6771
18829 7927 14069 6771 19365 7698 3016 15420 13588 16926 6646 17001 10234 12122 18895
5615
11005 9756 2778 12046 12021 11542 7654 1643 7698 7822 1643 9756 13120 17549 5718 10535 6592
920 2094 8215 16701 19089 6371 8028 8626
7698 17679 16810
16282 12593
12103
4442 12618 11416 15398 6852 13110 4473 14942 17914 16654 19659
8648 17552 16186 12326
3375 8028 10804 11863 3009 17750 6787 12629 4068 14233 15003 17816
7822 11389 4903 17750 5917 3719 18465 19365 6771
5502 3068 8738 11047 4364 19535 10781 15285 24 2059 10963
19187 909 13191 13241 435 11863 3082 8438 7598 15849
9145 4613 15411 7446 565 8438 8358 12143 16557 10548
8772 2157 13731 1982 17512 11084 11298 7533 5377 4572
12106 14249 13729 16102 3082 19129 17750
16627 7433 56 11291
635 7184 10425 19642 1265
17975 7034 15319
15623 8215 4252 14885
5100 6771
11542 11118
6852 8028 11542 9279 8028 11542 10171 7506 4401 9926 7654
18508 19278 5402
527 13529 7698 6119 13058
15337 1907 7585 1942 5383 6852 8028 19145 19365 6771 14132 579 13283
6852 8028 15221 10700 10402 15496 8570 14588 11542 19418 14644 18223
7529 19599
11542 7291 13191 8495 8841 553
1849 10074 5910 17683 9260
1281 1965 17168 17750 5075 14177 17830 5927 4540 6809
16980 5067 7576 5436 17390 6809 13505 1120 18593 17750 7694 7576 934 590 2272 11727
7694 7576 16601 4175 12596 7773 7530 1497 9277 16760 1748 5093 1026 9195 972 1026 15540
1027 8738 6519 17162 10381 1643 10850 14359 5837
11542 13650 2812 1497 10644 1909 16261 429 4697 596 6174 5533 5917
6809 9294 17525 14359 18932 4232 16384 11699
15787 16639 12888 14936 13058 12019 9763 3068 1835
6680 7698 6809 11858 5103 19573
14106 2272 6249 429 10537 19654 8240 3630 2007 15319 19595 2916 17683 14938 13058 429 12882 3220
972
19164 11542 13502 17168 17136 2272 10396 11858 15398 12707 3630 6852 8028 17122 7677 486 16660 16660 1758 13130 12886 10644 12276 11349 11534 5510 12318 16258 14106 2272 17683 6249 588 8570 1120 7559 6997 2279
10482 7129 6771 14106 13332 14671 6141
5098 15401 6771
639 3719 8589 4684 2942 17946 14060 6787 15942
327 344 8899
16760 527 14098 3601 10245 12276 13235 6771 17720 19145 15141 4512 3604
4684 19137 6771 3422 4863 8751 1474 14174
14936 13058 3017 11077 12337 7442 11606 1982 12888 12773 1309 2378 17830 7136 16760 5408 10074 8916
19278 19136 11542 10804 12865 14202 4144 4540 6809
17137 7747 11606 513
2007 12707 15007 18578
3683 11542 7387 6193 11291 16261 18741 6422 8104 9815 1497 6430 17168 12276 11499 9756 6767
1935 728 9756 11807 527 2912 579 1643 10151 16261 19136
6338
10171 3287 5098
14139 19603
12725 933 19086 16460 1173 17718 7588 15950
11499 13443
4540 6809 10898 10709 7698 6790 17755
7694 7576 12276
1441 4512 6771 18618 16076 17138
1935 716 7698 14883 2875 4027 18313 12919 18210 14649 6771 14936 13059 12888
3068 7291 17138 18299
8028 6771 13862 18894 17640 13046 13862 3717
6771 10958 16595 19549 17680 952 15406
6787 16317 934 5968 10913 3719 13191
17683 6252 6771 1879 17813 5910 19418 429 6271 17750 6549
12234 16595
6852 8240 1935 716 16261 17899 11542 16984 1013 15409 9158 18981 14748 10462
6852 11542 15409 19235 9255 11409 12030 10317
9800 19145 8570 16261 9279 3612 18757
9756 4557 5880 1013 9736 9988 6201
12226 19164 10523 11352 7680 11096 6236 9318 8608 1319 4154 2159 17501 16760 14040
11938 3366 2159 8608 14921 10523 4054 13220 8738 10108 6141 6141
10156 8738 495 11638 7654 8524 17889
9756 5983 9749 8236 8841 11978 11542
12226 11542 16825
184 11292 2317 18537 1013 18605 13191
1643 6810 6750 3445 1120 12548 13046 9749
9756 1551 11542 19131 17816
