474
11542 7822
2527 7233 17720 7680 10005 5916 10554 9756 11606
7654 15398 11542 648
10539 4512 7739 4421 19164
11542 7319 17169 10402 2058 8597 14900 12882 4531 11542
7526 15196 5649 11542 10644 9738 17830
19365 11542 6007
8941 19164 10708 8018 17422 405 10700 19809 14125
13954 5657 14352 11542 10402 2058 6201 6198
17009 7680 6174 2058 15966
7654 15398 11542
7680 15398 11542 17686 7696 1120 17466 11542 7576 5123 11766 8796 2377 10317 11606 1982 943 7001 9279 6179 11542 3612 2412 11863 18314 8450 13607 17816 10350 19418 9800 6448 12319 10056 15375 15902 1575 7822 6533 587 762 19418 17985 6174 19752 12243 12929 7677 15398 14287 11542 19418 8215 10472 17816 8675 7032 6011 14196 12865 19583
4144 11542 10519 6318 5769 10700 10402 2317 15398 7822 6771 15152 11904 15398 7233
17598 16298 5954 4133
11542 10519 7299 19136
18295 19801 7496 18566 1173 6183 15410
12030 12196 7739 4243 9815 3360 15211 7296 19801 6939
18317 15771 8215 9856 19809 13916 15221 12030 3680 19145 12 11292 19058 4557 10317
952 3778 15410 10804 11573 19725 4243 9926 13696 5910 16760
10804 11573 7822 6852 8626 5910 13286
17720 12276 1965 5919 6183 15410
5969
19733
1120 18775 10537 16760 11542 7927
1982 8707 4144 13235 4684 18542 18314 16760
12707 11542 10706 9279 10644 19164 3607 7734 533 15221 13111 14748 11407
947 18317 19809 5658 8685 6183 17720 10709 14907 9731 19801 9872 11542
13831 7491 1982 19737
13705 12929 19664
4684 10706 12548 18291 15540 16990 19145
14139 14196 19145
6852 19801 19353 17480
12276 17679 8685 6935 5660 18406 2832 4789 8750
6852 238 11284 11542 2754 1366 19132 17816 15401 7199 11416
8508 12144 18228 10700 19749 9993 10317 6515 10537 19809 19283 18776
9756 15565 18716 10558 6337 11084
3224 1081 18406 577 4557
8543 19145 11542 12703 15398 2754 610 12431
19418 609 13183 6621 6193 15217 13191 6688 14669 5349 9759
15983 11542
7233 10709 19136 18545 11203 14204 14359
11406 12276 19087 19136
14139 19086 17720 9484 3158 9871 11542
8360
5916 6632
10539 11542 533 14894 17750 3604 6141
3180 6939 11542 7582 14885 6448 533
10539 5956 6771
556 15221 5910 15371 8578 6201 18266 12234
3604 15221 6518 1620 10081 9756 8103
14894 15221 17432 6174 17686 11606 10537 2377
1909 11542 2754 5895 10804 5856 4138 8627 11542 19603 19145
2007 6540 19058 4557 17497 15540 14666 19098 2222 18468 13333 1995
7698 19136 15577 7698 10084
934 11884 15398 12397
9034 14059 11542 294 311 3425 311
19749 10123 11888 8624 7698 9633 10353 19811
11542 6119 19502 3375 9138 17690
1833 19749 17535 12645 17565 10123 10537 9276
2058 17909 2379 14748 1011
10226 15837 9648 10727 2058 14878 10961 6174 11808 12707 19181 15837 16760 9403 8685 6752
19603 19136 6119 19801 6549
19098 2222 10839 2741 13588 8735 4429 17499 14900 3604 19809 19801 11542 3604
6804 19138 17720 3375 7319
8624 1013 12645 17552
12321 11433 8413 8884 15794 7319 15651 9158 17729 19801
10539 9648 10727 11221 10124
10318 6787 9678 10248 10644 5349
14907 1013 9731 2063
15142 6201 10702 11448 15842 19801 7019 6141
11657 18722 17771 7822
2422
8624 14139 7900 15911 10402 9836 2373
6675 10317 12865 11334 3847 11542 3346 14907 9731 13152
12157 11730 13954 9727 12919 10626 13191 12347 6532 7585 1568
14118 5014 9213 5604 17889 11727 10537 1848 883 17889
13954 19801 3630 10278 10395 6174 9727 15046 10469 13344 19583 6815 5910 13954
11542 18657 3601 19801 14894 18849 14907 9731
17683 681 19164 12865 18448 1982 13588 5971
11542 5711 7698
11657 7299
9815 9277 19365 17816
9756 7299 19801 14894 12865 17854 12240 16889
11542 13364 4235 11863 7496 10685 577 19801
7586 11808 4828 8004 7877 4245 9926 10537
8643 15060 11542 5927 9756 1120 14900 6939 17094 5769 17474
934 6675 10317 19809 10501 4680 2754 16113 8685 6935
2754 3666
1848 2263
6174 17718 11542 16266 18156 15445 6174 10700 7299 7496 19365 17683 9756 9926 11542 1643 1848 1982
10539 3774 8169 8918
10539 16595 6826 7822 527 17768 17982 5016 17304 19365 19801 7496
19809 3054 17686 9213 19809 1643 12290 7530 9857 11888 8519 7822 9633 4684 7680 14196 11542 7234 6141 1171 14061 11542 1643 19659 19136 6675 7698 14902 10539
7680 19136 2961 17720 7822 1575 351 1965 14900 3604 15410 6787 12058 9756 933 15169 9914 7680 10537 7585 7654 7822
19138 7698 13888 19474 15169 3287 19612 972 9648 10733 7822 9633 10123 7576 11858 15410 1173 19086 19647 16466 1982 10155 12504 6675 7698 11542 10546 14894 3604 10156 18324 16122 5910 10546 11542
14452 6771 18043
19801 6540 6478 6852 19801 6771 15410 18043 7319 17720
17982 5971 6771
17212 525 10402 7467
1032 17852 2474
19418 10482 19573 7343
17122 6771 19418 13171 5005 8116 19801 6549
11606 7734 14139 10537 16760 1023 14748 7319 13115 3082 10315
13954 3103 8077 9181 13125 6461 15557 10402 2058 12674 13938 16889 11427 10317
12504 3017 14196 6771 2970 16964
19086 2562 2159 10519 18932 972 3019 7734 19407 17946 10084 13588 6816 8396 14196 9756 6198 5803
19801 6815 10537 15642 18877 7577 6680 16261 16715
18431 16100 850 9668 7856 15565 19801 7248 1758 11465 13152 13731 12240 581 10537 3861
6771 16601 6530 19801 1190 17556 8583 14144 15819 1306 815 11044 8625 13954 19801 3372 16871 11863 7136 13110 17680
14291 12707 6771 19809 10013 4559 15947 2175 10537 16760 10129 8073 2475 15564 5917
7698 14904 13163 16821 19418 13588 1111 8116 2066 8286 19801 6549
2754 15170 19801 6540 11670 6174 13588 13170 17137
6804 12396 19801 11542 5016 13191 11997 14998 7526 5659 15003
527 16371 710 7822 2754 15170 10539 6193 11291 12276 6852 19801 10537 16755 6183 19136
14139 7319 7587 5016 12943 10317 14139 19801 1273 6382 19737 6272 533 12605 7739 19801 6942
19136 5969
10539 7319 16760 14139 7698
10644 16261 5016 19809 10539
4690 19136
17720 568 2474 16760 10350 17720 13938 10402 2058 15211 17816
17683 13585 12276 6631 19801 11573 10537 7496
5016 19575 14139
18217 19136 5098
11858 8240 4619 19136 14139 7592 4619
19145 18043 17720 18043 9872 7698 11542 2474 19083 16744 19145
11542 15911 4549 15410 9480 14152 13462 11573 15169 11961 15398 11670 15170 10318 11542 10519 16600 7698 5016 15800 18324 19583 19801 12943 3774 815 12162 19801 3621 4974 6198 19058 416 16261 11999 15398 14318 19801 11573
15324 15902 19547 11888 8624 12276 9759 3068
16318 18722 17771 11542 10706 1230 5969 15947 6174 14139 5016 4421 19164 11247 15401 4547 16278
7585 18227 19418 10537
7977 10550 19801 6942
6638 14909 19801 7176 15668 4557 4557 883 13128 17558 19804
1280 11542 19801 18291 19164 579 5349
527 7698 3082 10315
3158 7319 11409 13954 17501 9727 524 10317 19801 12429 5658
10714 13718 19801 11728 13954
14416 11727 8103 1190
10414 815 19801 7233
13742 8685 6935 13954 15006 1833 7576 11728 9727
1881 6515 10537 16075 10706 8685
14359 17212 648
11863 7235 16278 17738 15964 19809 2721 2263
8699 19809 11670 17422 17889 14729 19583 14118 11443
10537 19809 10537 16755 4684 14196 19098 2222
12688 12220 11372 6694 10006 9800
19801 6771 17899 4904 19665 5527 8712 16306
8469 19809 6174 16311
13237 7319 15141 3965 5117 19012 4557
2474 6904 19801 14195 8111 5117 8691 10606 19171 6448 7645 2996 15886 4952
17698 11292 10537 6005 11746 12504 5683 19440
11542 18273 14900 13424
14892 3580 10151 11542 6078 14086 8541 15140
16760 7529 11656
19801 7753 18513 10995
19801 8599
14139
16316 4022

8544 1909 1848 6631 11542 164
15221 15564 4973 527 13191 579 14907 9731 13191 8396 16447 17631 18213 7242 15221
2474
16701 10937 10644 11542 17946 7822 14152 10382 15284
11657 12882 2122 6193 15217 18213 11006
19809 3668 6679 10417 8699 12240 14210 2474 14588 15284 975 14377 6193 15217
6800 13046 13862 13137 11542 11247 5985 19136
8503 5790 19418 11858 7585 4250 4862 1982 7684 7626 19454
2007 6540 19801 11573
4421 11542 8643 2058 16069 14894 18303 8339 11542 5432 10472 10644 11542 2058 16069 9871 2317
17683 15763 15221 13125 19801 13954 10417 596 10402 2058 533
8644 6276 12725 1793 19809
7319 12725 4421
17683 10958 934 11808 2058 8450 3082
12725 9648 10727 14139 7698 9648 10727 9756 1575
11884 11542 14449 15152 11904 10130 14546 6209 19801 11573
8643 11542 2058 8259 14063 2111 8570 19809
19138 6771 11449 771 9279 15800 19809 6675 8699 3047
10537 16760 3592 8597 3604 5016 7319 14139 19136 930
7698 16701 5658 8699 934 16701 6679 14139 10318 8784 19801 5660 8685 2396 15398 11083 6201 12929
7822 16766 7698 10708 2754 17499 5075 13856 10523 5719 6771
14059 344 12 16766 527 7698
11542 13529 7698 13588 19136 7698 12276 18891 17816 6766 9871 11542
16760 12234 7927 11463 16760 1171 2754 14233 6209 12748
527 13529 9016
9756 6339 3604 10961 1982 527
17683 12504 16760 13529 7698 213 252 17830 7319 12707 14139 7319
17683 18045 10700 15406 10402 8413 579
18045 4420 19164 491 11542
1965 12707 11542 7977 13163 10814
13529 8413 12276 3886 527 13653 19801
19418 15398
9800 15768 10537 11542
14273 19805 16204 10706 3604 4659 10317 17683 6852
16317 7822
13191 15895 17989
10706 17683 19324 2754 3047 8685 1899
10408 19805 10278 17683 12276
10515 3918 2223 6679
11542 19051 15552 11606 7823 13841
7665 7698 7319 16267 9427 11542
10684 3082 7698 9633
5410 2754 17683 11542 15409 6795 16266
7698 15398 6198 10482 14118
9856 12504 8942
3134
11542 18728 7051 10537 18303 12942 13499 18303 3719 5016 19589 11863 11152 10537 19801 9173
14178 7538 18776 1824 12033 19547 10549 3180 6942
11938 17683 19801 16566 6872 17212 1476 19098 10548
19809 19098 2222 6562 14363 19058 4557 12865 6530
19801 13954 819 11748 6236 7704 9184 10536 2399 4244
8597 14900 8920 18134 12681 17771 11542
10537 16760 13954 9727 9279
11542 7319 4421 1754 14894 7291 12358 579 3375
17474 17239 18291 19136
9279 14612 3346 14907 9732
1171 12032 15888
14969 9728
18303 5934 3332
8699 11710 19809
11884 12276 17718
6750 5910 7698
14970 9158 18981 7316 17679 11542
7822 9163
10539 11542
11670 19136 9279 14612 3346 14907 9732
1171 12032 15888
14969 9728
18303 5934 3332
8699 11710 19809
11884 12276 17718
6750 5910 7698
14970 9158 18981 7316 17679 11542
7822 9163
10539 11542
11670 19136
6693 11542 7822 11542 12725 10700 15496 18716 12865 9926 19801
19136 16075 11247 16601 458 7680 6812 5908 13954 15874
19086 16972
7136 3016 13241 11941 8215 1244 17680 7680 8578 7291 3047 19426 14350 19801 11382
19058 4557
9926 7654 15398
19053 12318 11247 5098
2912 11542
7822 9633
2422
10537 11542 19418 2680 11542 8464 16753
17137 12865 15173 19087 19053 17614 12707 19164 11542
9926 10961 7020 18722 16258 5803 17686 7098 11542 14518 17683 10402
1757 13477 11542 13529 3368 18045 8116 19573 11542 14139
10706 17683 12695 17939 9850 15398 9753 12699 19725 771 3710 15211 14738
934 774 13538 13358 15173 19054 12707 19164 3648 18761 10317 19058 14590 16114 4020 7034 10157 4629 9068
6852 8240 6771 14139 1204 7228 19138 17899 7698 7442 7654 14139 7592
12396 16760 19801 10537 6939
19361 17718
6174 16478 947 13941 7319 11409 579 17304 13941 15542 16760 14139 5463 6812 579 2857 14930 13954 19801 10123 3068
11858 14139 6540 11888 8624 7927 16701 13036 1115 10402 9836 2373 13163 12707 14139 3612 523 9926 16316 4456 14139 648 19801
2754 9872 3679 18291 18292 11409 17533 12645 6174 10485 10317 2157 1917 8542 1643 17679 18291 6540 7585 7654 9756 7698 9756 12397
10317 19801 11573 8707
17924
1965 19801 11542 15911 15677 4557
6026 2912 6554
12645 5324
9800 6448
7822 11542
7822 11863 5068 19801 7496
15398
19086 11332
6010
19418 10073
19418 4360
10999
11334
11807 10358 14666 9926
15170
16701 11807 10358
15170
2754 16744 14111
9756 15398 11542
19418 14182 16261 5985
12103
9771
7144 15284 15573 19725 771
7062 6610 2527 7118
7822 19801 11542
18314 18662 9871 11542 19136 9756 12276 17816
13204 13191 4868
9800 19809 9800 8699 10700 14894
19365 8784 11542
11542 15211
4144 6812 2287 5659 15981 7698
934 7698 3604
7526 11863 16929 19801 14897 8685
11818 6193 17679 7680 5649 6592 10317 19801 6002 8685 17557 4002 8685 9756 12276 11904
2912 934 12231 9756 2754 17816 12745 5803
10384 449 5161
17305 9699 9756 815 13125 8045 146 8632
17683 16760 17899
12030 6771 16878
5098 2961 18043 10481 7698 15337 6562 8864
8469 934 5168 281 7577 15407 18605 8714 16914 7136 9963 1120 16719 3068
15887 281 934 14139 16471 10699
3679 11542 18291 15540 10539 6193 11291 4839
6852 17679 12023 8167 10537 11573 15409 16792 19145
4406 4538 7180 11542 10808 12234
2090 2090 2090 2090 2090 19138 4488 7698
6771 579 13332 11128 12865 13593 10278 16889 5910 6771 13954 3052 1620 8685 16632 9727
3604 17925 1668 19809 533 14894 934 5349 9678 10248 5075
16701 17212 5985 10537 11542 15211 5985 19801 11542 8413 5985 3604 6276 5985 533 6941 6771 19685
8542 6339 11606 6771 7586 16766 14106 4152 14139 1909 9871 17679 6540 19801 11573 7472 17720 7585 7654
18268 7822 11542 7822 19136 5970 16595 6826 6338 19801 16701 7822
7319 13115 12177 4512 8714 934 15211 13941 9743 17816 17816 15073 16797 16766 6183
10537 19164 7442 943 18891 19809 7588 12938
3068 13954 13154 6431 11888 8624 9756 10537 16595 14927 5910 2396 11635
8396 14201 11670 15398
10233 9756 15170 18318 10317 19812 15895 14148 9756 7319
607 8784 14894 12929 19801 6770 14686
15073 7298 6338 2310 17435 3719 5153 12716 6771
13170 17137
6128 13954 11888 8624 19801 991 924 4547 12445 19809 18318
12276 4547 12081 19809 16892 18690 7894 8699 3242 12276 8106 15398 1833 19535 11728 9727 17535 12645 17147 17982 19017
16835 16792 8961 2396 13720 10123 15063 10442
7026 16760 7319 4421 19488 7530 11470 17272
10958 9714 14671 12337 15649 6194

2902 17683 6771 1643 14059 16054 1540
7747 9277 19145 11542 468 18043 13159 19138 1120 11542 18043
18043 7317 9397 7696 19138 8735 10446 4619 18227 9213
9279 5016 19801 11573
6852 11292 9279 7319 14063 18040 8241 19809 17729
639 6852 8028 8626 6852 17513 11292 11542 9872 16069 12597 16600 5422 4401 5917 11542 9815 19145
14291 2433 7739 19809 19058 4557
7680 14196 7233 17122
19145 11542 9799 10449 8871 19647 14666 12058 15410 10804 14671 1758 4152 19087 15170 18227 9800 2466
6336 8382 12717 10317 10123 565 11888 8624 8643 19665 16120 1211 6464 19486 11407 18303 11542 16600
19801 11573 17513 12860 13529 11606 9926 6335
10402 1827 18017 17304 10472 19573 5068 8643 7136 5236 11542 15568 11885 15398 13650
16466 17004 15170 11573 6011 12276 6007 17713
5971 8886 16371 5711 1982 5068 17723 18969 12540 4512
12189 19801 19139 6174 19474
11332 11332
6852 8240 6771 8883 17729 12226 1120 19803 6771
7663 6174 14118 8509 1456 6771
19418 6183 19573
8240 10537 16760 1843 6174 15967
11768 10556 6337 6771
8643 13941 7319 7506 6010
10700 7698 11542
6765 3380 6675 10402 13443 6119 18005 5917
14274 5016 6787 16755 12020 12276 14907 9731
9871 11542 19418 19442 13547 4860 6249 6764 5880 739 6175
10040 12707 5542 14063 4239 13477 19801 10552
17680 11542 12669 11961 3372 6247
10228 10143 19806 16755 2754 19573
12234
9756 6827 19098 2222
1672 15217 14139 13856 17889
6174 15221 579 7747 19164 1982 11258 8884
9727 9731 13954 14907 1965 7228 10626 11110
7526
579 10644 1982 6852 10553
12058 2754 7585 10151 213 16593 6174 252 3847 12889 11096 9648 10727
7698 16233 252 11849 311 327 8871
11606 17816 8076
19733
16317 14855 331 4095 8153 7652 14962 12368 2216 5605 9050 16889
9756 19136 930
7319 7680 19136 3439 1439 18069 11542 19136 6011
4619 7654 16784 6011 17683 7822 8229 11127 7299
10537 15401 11890 8624
7822 9633
6174 9648 10727 15407 11998
14894 11542 10537 18399 10537 7680 8243 6174 12276
10318 3019 16889 12524 11542 12384 6675
596 14124 11542
10804 11573 12058 4549 9236 3019 5927 10482 2891 10317
5970 11542
14139 10318 12276
19801 11573 19809 1643 14498 6209 4399 10657 13369
19809 14501 1879 1643 16595 3047 19418 16860
11542 15800 3047 11670 3597 9181 952 13341
934 16854 3054 7052 10537
11573 10537 16760 1833 13852 18605 1654 12597
5910 10706 15496 10550
17628 11542 15784 6464
9730 4445 17720 11542 6490
6338 16878 18672 458 4704 14738
13169 17136 18442 19278 6562 14983 11542
17987 14970 19426 3047
7822 11657 12882 12600 16760
17830 10402 13443 7698 10787 6335 8102 11670 8102
12504 7698 11542
9926
451 1563 19453 11831 5100
9756 14063 11884 13941 7299
15398 10129
4610 6771 19139 19418 17499 4138 7343 16593
10546 16261 15878 19737 14063 17217 6010 4506 2335 4296
13996 7600 18303 7343 16593
18303 19098 5970 2222 9034
11807 451 16456 3296 15337 13191 6141 6141 6141 12276
9756 5969 15822
10317 19145 7343 13364 451 1565 9086
12630
7698 10577
6852 8240 13477 19098 2222 17720 15541 6970
8643 13170 17137 6812 9138 17729 3719 19659
6771 14291 13191 14139 13941 5016 1173 5803 15410
13938 6431 7319 13115 934 2879 7822 11127 12323 460
14900 16766 9803 18894 14930 18303 10123 14882 6026 11542 8102 7822 3163 17889
9800 14894 13941 10411 8132 8113 8113
16792 6680 6852 6812 8578 19801 7529 7576
7136 19098 2222 6010 13941 3103
8382 8577
9279 3774 13477 10556 2570 13171 10233 18291 1371
17137 1011 8243 6771
6852 13591 6771 10519 13191 8495
11005 18363 9081 7408 10454 16778
8643 4512 3604 11365 7496 17304 8243
6771 7199 11252 12932 9267 7525 4973 13191
947 11499 8707 17304 2058 15542 17830 19582 16266 6193 17816 6292
17939 1672 15217 14132 13954 16579 7927 10482 8116 8064
10684 3777 18228 7805 5014 2263 4081
11858 14139 7526 4907 1123 8735 6771
6174 17718 10318 12504 17982 2754 15398 16258 12481 8167
11895 8624 7698 9633 8570 15398 13658
19659
9756 19086 3844 3844 12865
12226 14748
4557
13954 8624 19801 4821 19801 10482 11005 10278
7894 10482 7034 6812 12601 19749 664 1877 6653
13954 5661 16258 15411 11080 3052 11247 15164 7577 9727 12645
18303 1877 14359 10958 3047 19583 7082
7319 11542 9756 15407 14998 16643 10402 8037
11542 11606 19603 19145 579 18273 17212 10402 12882
14118 13591 1587 16596 10512 9276 10402 15407 14139 5431 18004 5910
16701 14196 11542 7698 19804 15668 4557
12504 7319 11542 9756 10689 1879 6273 6026 19164
7585 1604
6464 19098 2222 9279 6771 12276 12707 19802 11542 12276 12707 3608 12276 12707 19330 15259 6730
13400 13941 9279 16316 17742 5769 579 13941 7481 6174 17718 3376 9311
12504 6771 11884 11453 947 18804 8271 18005 15508 17109 9871 7018 16317 15409 4834 3016 16299 11542 16449 7497 17683 7418 16607 6562
15409 16792 17035 19801 6939 13169 18896 2902 4084 2719
12058 18731 18314 12929 10323 19145 10519 8597 1748 6787
6771 4684 12455 12337
13191 2474 3378 17720
579 16893 18690 11542 7228 17010 9756 19138 12 17680 8167
12490 568 11499 13954 9727 5349 972 9633 13320 3082
17436 12725 6771 15046 9926 14139 4684 14196 11542 1171 10482 11884 1247 204 7698 8597 6771 11247 15211 17680 10480 15204 2263 8542
5424 11573 1013 18278 15800 10644 19809 6193 11542 12276 15922 756 17152 8699
19098 2222 8643 7026 19809 17152 6310
10123 568 9762 14576 14882 8643 17830 8865 9947 16688 13159 14878 17535 12645 12195 6540 7582 524
13191 10350 10958 15406 10317 19801 18849 18291 18268 2373 7592 15170
9756 8570 9678 10248 6680 19164 13131 15521 16261 16984 14983 12882 5917
2734 19573 1540 5068 16760 17501 7698 7698 6939 19136 11904 6174 7577
4619 19136 12276 19224 739 14174 4610 14671 14201 4165
5098
10056 13312 11542 7586 229 5917 16267 14233
8643 6478 14404 6852 231 2317 3158
6693 10317 18228 8116 4232 16261 5016 7319
14602 8572
11606 6101 10453 10453 2754 19801 18314 11542
9756 10700 16299 15496
17771 11542 9815 8578 8954 9022 17168 10151 9800 9277
18508
3352 1604 10245 8597 6771 11047 3180 6939
16261 14201 18564 12361 19145 16261 18313 12919 4233
10958 3921 16466 19278 3287 7233 9815 17686 10804 17680 17816 9213 7680 14738 11542
11542 16596 17686 2474 10472 11542
11542 13651 7747 6530 16760 10350 1874 5969
14139 8941 5349
10539 15627 14354 6119 12707 13954 7677 9730 1673 9731 13954 9727
7822 14894 6771 4140 7822 17169 8597 11542 7233
12276 12865 17686 11542 10005 19603 17816 7827 17009 7588 11542 3044
8240 2272 11606 4515 7907 7680 6812 2272
1176 7822 11542 7822 2912 9756 2474 11542
