533
9756 15169 10255
2474 13046 3287
3372 3005 17628 16024 4818 8685 11770 2754 5649 14096 10804 16094 11409 18160 17729 19394 9468 14878 14385 12276 6236
18936 14578 1583 19136 16760 16243 12008 17899 18225
12030 15036 19164 16682 10989 13505 10706 1418
4360 19493 18213 17549 18940 5078 18240 8243 16839
527 6852 14059 15284 8099 19791
14139 6127 18896 6198 12240 5985 18438
16596 14111 14671 8871 579 17720 3287 7101 6011
12058 14121 17982 19659
15878 3604 10317 11044 7000 10177 2157 3794 3717 19131 17816
19086 10278 1620 6771 10058 18303 8028 8627 15800 10740 9844 16025 8028 4578 14528 3880 19609 277 16593
7694 3287 922 10171 67 11292
16299 12865 2754 5969 19145 12865 1827 15497 18303 8028 8627
17679 9815 1560 8570 16026 14781 4420 11754 19353 17763
10577
16021 14528
19179 5917 19179 13240 6771
11542 5466 13965 13046 13690 18876 11760
19339 15221 2039 2567 10898 3635 11746 13235 7814 1828 11145 40 19725
13477 19353 12865 9133 8822 6209 2075 12865 11356 15080 2108 1459 13 19725 3322 14753 13650 11760
1540 14064 6771 327
277 8386 3314 9780 12766 7636 10626 10102 1253 958 151 16332 12184 2462 14802 9962
19054 67 11292
14165 19145 9818 16340 9600 12304 1120 451 1563 4521 1000 1838

12414 2716 10917 16298
18950 18939 9844 5990 17968
7698 16760
8277 10989
11292 12730 8857 18129 10023
14416 18128 10288
11096 10285 12888 13718
10317 565 12641 3683 17110 2912
19733 6590 7698 4522 12788 4501 16261 5803
19136 7343
15398 19418 2159
17950 16024 4144 17549 3067 8450 11542 15902 17377 14369 5850
14051 11542 10414 8751 6174 14053 8751 18060 577 502
40 19725 16021
793 13391 12889 3296 5075 10989 6393 1714 4709 18125 12865 13697
14671 7001 2547 5192 18210 6771 5657 19136 13391 9770 16934 15220 8685 4702
6800 15217 13391 12726 9871 14082 5850 8076 10226 1343 5649 4845 17398 15510
14588 6771 13997 8382 8382 3292 1328 2754 7654
13856 19145 11542 2730 8751
12058 2725 2058 19087 15398 7340
6339 6771 9029 2317
16869 9800 9276 19305 18259 16760 17501
14416 19145 14931 10804 19725 771 2812 5851 5445
6771 3190 19656 13502 5851 8900 6027 10517
10403 15897 7810 6193 15217
8028 6338 12594 1208 13159 6736 923 10684 3068
12729 5851 4828 6874 14748 5466 11542
3211 5746 15407 1934 6771
19556 10402 7526 16878 12008
5851 3847 3068 6771 14139 2832 10223 19324 10408 5006
19132 8627 19145 7526 1620
7592 12799
17677 6771 19544 12417 327
213 10382 8871 17946 191
6337 6771 7931 1210 2387 13094 4391 9023
6804 6693 3131
5383 527 972
565 7442 1965 12889
6119 8338 5746
972
12414 19453 12089 7442 1965
11961 568 19418 5097
6693 10519 18578 18933 10958 17737 5677 19171 4549 11802 15787 19354 15055 2083 19164
12231 3630 17313 6693 10317 16760 17939 13110 9757 19725 1620
7822 1328 18722
2734 17830 16587 8338 10472 17830 10644 6771 18372 2309
15007 146 13220 8627 3396 10644 6771 17982 19601
8396 5098 6771
4619 15398 40 19725 16021 19544 452 1965 13036 1563
6397 5098
11831 5067 527 16760 6174 3422 1965 13036 13888
16069 19556 7291 3380
3210 5747 527 12030 16371 7747 17854 12914 12621 6400 6768 15319
751 7898 17689
13316 16021 12587 15057
6800 15217 12623 16698 16544 15407 17718 5075 15319 19648 9756 14016 5938
9756 7592 15398 5910
3372 19179 6771 8548 13264 14152 1341
15636 451
12548 11542 164
11542 15800 13764 8597 16024 13718 14139 17312 12707 1173
10228 10143 9756 15797 8589 17680 732 1002 17816
6680 7053 17459 6879 11292 19418 9926 6225 7696 8102
18525 4239
17683 5075 19087 15170 6675 12620 2961 15073
17304 17816 2583 3082 19202 9279 11746
11542 15175 12625 6201 2007 7472 2545 12231 533 11573 8447 5445
9756 19138 18210 16760 16024 11542 17616 7228
4812 388 16242 12008 3210 5746 6533 11863 19742 16607 1798 10533 8524 16607 10644 16021
5075 16682 10989 6816 9633 4809 8149 6348 13735 2948 5917 3612
934 11884 9633 13736 1626 6688 16026 10317 5361 12782
1171 12618 15398 6338 19136 2386 13094 2007 14878 11670 5098 15398 4138 15221 1406 13779 6016 16760 6174 2832 13235
1176 8396 14196 40 19725 16021 19086 3035 18894 19164 16258 4808 10684 3068
12226 11884 15773 10533 10443
6771 13391 7718 2912 7585 252 17680 2336
10804 17830 2734 10171 15217 1120 1499 13538 15217 16701 13159
947 17305 16024 40 19725 11858 7747 15496 17816 12739
11858 11097 17881 2057 19677 19725 17305 16227 16024 345 11292 17683 7698 6771 54 11292 17967 19136
7698 2912 17057 527 17720 15221 19339 1829 7680 5023 19136 6812 5252
17549 6771 10804 14152 7654 10204 12558 3072 17503 16760 5171 17531 10731 6431 10207 10364 15773 11670 6072 16261 13641 11961 17680 14139 10937 6771 14748
6255 11978 19418 18893 12865 18210 14284 18716 16204
7672 14738 4810 12006 16612 18716 8813 18738 2075 12865 11754 6209 16325 13965 6174 18210 12058 166
11858 11247 11606 5235 14129 5628 139 3009
2754 7654 12985 7526 2649 15398 2075 8527 10620 16813 15398 16701 999 10644 997 408 16024
13957 14773 6750 6074 5910 13964 10062 175 3009 6179 19737 5147 7412 15564 14697 8450 12625 12005 16612 18717 437 5723 10303
6771 10644 6448 2114 1643
883 12 11292 19418 9926 1643 16024 6771 14093 9487 6198 930 9931
13191 16766 3068 4944 12030
1658 1165 2754 10317 15401 2075 10740 7526 1827 146 8627 15170 7698 18896 5155
8676 8382 6337 6771 5542 11028 8760 1965 11542 6183 10644 13941 7188 12276 19601 6787 6183 15410
17136 5743 2386 13094 8310 5064 18268 8626 5910 1848 8338
12504 8676 5100 11542 19601 5934
12240 16760
13283 2075 12865 6376 19353 10740
10804 8716 17732 17830 11233 17830 11807 14462
12030 11863
12623 16069
8167 12414 7586 13269
4684 4860 12415 11096 8871 15284
14283 12109 6086 17262 40 19725 16021 10989 15073 13591 13507 1169 19418 6787 16701 6312
8125 13591
13591 3612 7654 11573 7698 4360 8863 9871 8503 10656 19418 2479 3047
10480 14973 5707 11904 8976 1710 12109 17881
5983 15496 6804
6804
6804 2075 10740 19353 8629 10151 10245 18442 2075 6348 999
19164 10706 13356 16204
972 11542 10317 19442 11606 12416 5355 6174 7927 19385 11542 19601 6183 10998 17686 10961 11203 565 9756 7526 9481 11569 10317 5615
7353 1000 8741 1013 10509 14769 4860 16486 8872 15173 10794 7034 1120 10794 13245
11542 10317 7526 17946 14065 967 10526 11606 1165 6361 7698 17604 14139 17858 11542 17858 11542 14139 19083 9926 7822
7747 13591 3918 18864 18302 8769
14139 10482 7129 14106 4302 14671
8643 5383 4812 17549 13402 16024 8592 19164 16407 15152 11904 5707
16682 10989 5075 7822 565 19379 6529 13342 1944 7251 9931 4232 5850 4339 19171 18729 15221 394 6498 12929
8643 10402 15866 15975 6771 10709 9756 7113 8465 12868 5851 11463 2676
2730 6677 5441 10317 19601 4547 12 19725 19573 19599
14196 7233 12799 6675
2754 8863 11093 16607 16258 15398 6675 1982
686 1551 13171 10233 9926 1171 6693 5016 15401
7136 11542 14125 11612 11542
6193 16021 15407 12590 5701 10644 8116 1909
19131 11416 17816
2754 1909 12414 10804 1982 11573
16701 2754 7526 7822 14671 14106 3780 11542 12929 7747
15169 18303 7233 6679 10480 17946 11573 17608 14748 12058 19418 15398 6174 17946 6879
17499 12865 14139 17683
11670 7654 15398 9800 12318 11247 17683
15406 14118
8578 11606 15061 15410
15911 2474 1573 14932 7496 16371 40 19725 16021 6257
18481 13444 11542 7587 18716 12030 11863 9756 14627 12240 7888
15410 5985 13452 16755
9926 17549 17816 16026 999 19488 3894 14423 10317
2075 7017 5985 14148 8167 19353 7017 19488 16715 8004 12240 16755
2754 19136 19365 19164 19488 6518 1370 19046 16261 6276 8102 7698
7588 11542 17946 10843 9756 6679 7945 19353 16235 11690 8179 16023 2075 11722 4623
2317 13046 1001 19418 16278 7098
16270 7677
17499 12240 16760
972 18210 16760 10740 442 2075
10480 10317 18932 11542 15398 10317 12276 9756 14139 8103
10700 17583 3030 10889
10317 10482 2159 7734
10317 10482 2159 7734 12901
10937 8103
11542 4860 327
11 1583
2317
8116 19136
6011 18771
9749
1654 19656
565 19132 17315 11542
9756 1748 18210 16760 10700 7698
12276 19601 11573 6183
15398
7526 19659 6675 16298 10740 19664 2272
67 19725 12240 17720 6771 2317 10317 5303
8643 11542 6431 13856 17889 9815 5943 17771 6026 18303 8627
6119 10317 11173 6590 13154 14878 11542
15794 11606 5850 1907
934 10317 2386 13094 13319 16299 3103 8338
1940 4391 6630 3068 952
3210 6258 13159 14878
934 15794 10888 1011 5850 10644 6771 1907
8643 5917 16299 3158 9926
1178 4684 19145 2680 3612 5591
11542 2007 5101 15401 17683 4861 12414 1965 13036
10804 13240 15872 16410 17816 4943 3082 14360
16244 6533
19354 11542 525 10317 19145 8382 15247 13152
456 14738 6119 2386 13096 12276 12023 12524 16326 454 17114 2756
4971 11173 6591 16021 12586 3068 435 18605
8338 16566 17904
7188 2730 1568 6814 8116 1909 579 19656 16021
10804 13048 6872 17889 17160 486
6852 14666 6183 13346 15169 10056 11904 7228 13529 5098
12061 11792 2716 3562 13839
16760 6693 16267 5165 9756 6675 3082
11173 6590 6249
7576 13154 12782 13941 7698 12707 14139 2007 5985 19110 12414
3210 10317 10519 9756 13941 7526 1676 12748 7655 10350
3727 5850 12276 6335 3068 13941 6992
6800 15217 6693 14594 18605
1909 19544 1965 13036
686 15161 11416 19043 3612 2699
8167 5088 8695 10317 6771
18438 1748 18210 16760 5538 3082 12279
13191 10350 13443 14182 4971 16472
17683 19601 1371 6771 5068
16701 883 14828 949 7586 15070 686 5075
15221 19278 7082 15407 9926 5985 5985
15755 4424 19467
10700 5910 11542 14139 9926
7698 17679 14452 11849 15162 15577 5326 17816
1643 8574 19725 4311 12415 3935 19418 8956
40 19725 16021 12276 11573 2305 2007 2570 9756 13120 2317
9262 10958 7698 17679 2730 1568 8784 6174 16024 16261 12514 10519 8116 19573 18375 10577 5747 9987 12888 14740 10096 10480 6675 11542 18430 19302 15541 11127 9185 6781 10958 11247
4144 11542 1909 15401 920 12528 17497 13888 18566 5283 18386 9208
8751 18273 9756
12231 461 13797 6730 10515 2503 11528 10515
40 19725 16021 19442
1366 451 16595 10241 7472 13779 16595 19009
18113 451 952 17985
7747 2959 12901 13048
19520 19060 16813 5657 3360 19453 1000 8741 15001 4465 2678 3445 6174 1982
6852 7071 9005 451 9926 147 2593 19336 16835 19418 10155 1620 10835 18227 10151 148 11858 8103
11542 13543 3863 13283 16778
8589 17679 8103 9926 2317 7472 16760 17899 6183 8240 14931
7107 6631 565 2386 13094 13607 3376 9180 8338 6771 5176 18729 12901 13046 19442 1965 13036
6771 9663 13844 10644 19442 1965 13036 451 6685
1909 6412 6771 8551 166 12415
7136 5077 8075 6911 12830 6174 2317 12725
6771 3884 15217 15217 19488 4006 14118 15496 11539 17526 4944 16760 9819 8846 1000 8450 16024 19725 10128 1000 3322 19090 6180 5814 16026 18548 16612 999
3964 14174 19466 7136 3210 5747 12888 16243 19556 6430 17718 16039 17771 18566 2474 12888 9889 2297
11601 10605 12095 14016 1568 6771 8254 12888 12781
19145 40 19725 16021 6533 777 6771 11670 15398 1000
1585 15046 8116 19136 17830 14751
7513 15119 15075 10142 8450 5361 14462
8928 12865 18438 16024 12707 1000 8450 5803 10958 5361 14462 1452
11542 18061 17816 405 2479 18894 1620 17816 13110 8450 17584 2279 10317 15983
12707 19164 11542 6174 14133 9217 15196 19353 12929 15794 15319
9871 6348 6198 11812 6174 1877 18438 1130 999 10958 10317 16021
7696 7585 11542 277 14139 6700 19365 11542 14059 12058 19418 6361
11542 1341 7103 7665 10903 4862 12 14124 5851 13389 1328 3612 577 11542 16985
12058 18228 15170 5904 16024 15173 5910 11542 1748 16907 2272 13235 19365 16760 3881 12865 13856 10740 16024 11858 7747 3088 2959 1173
1758 13907 13235
19601 17679 6183 15410 10278 10961 1643 19589 7824 4445 14834 19422 16701
2754 8503 6174 10233
3719 19132 972 568 14984 7698 2272 16629 12617 9213 16630 15319 4473 7698 14148
933 15173 11542 533 4144 9872 11542 14139 533 11542 17057 8339
10396 12030 9279 11542 16069 12597 4138 7698 15221
947 11542 9029 6775 7822 15220 10023 6201 1371 17305 2832
16760 19365 14139 15406 1205
5917 9872 14020 19087 15398 9037 1626 16021 12587 10961 16026 3002 1306 16243 6816 11542 10472 7529 10402 2058 2317 8116 15945
16760 19164 5267 8322 10709 11542 3724 16784 7129 19145 10396 12030 17683 9756 10317
11055 4022 11542
3296 7822 13529 11006 1345 10472 15773 6771 11606
10406 2486 18009 2589 16024 2075 19353 16870 3597 18438 12748 19164 12865 1886 6771 15902 5942 10245
6675 7822 5862 3082 11516 6382 4828 14139 13996 6174 12154 13913 19164 12865 1886 1989 17063 10245
19737 14139 19101 14174 10961 13389 13264 4087 3645 11760 16701 19737 10948 3597 17544 14931
7585 11332
7680 15755 17212 14666 15170 11542 429 1583
4619 19136 11542 8751 1474 2527 18690 11542
18508 7747 13283 13191 10402 3068 4944 15221 10644 19086 10155 14921
8542 11802 9017 277 11291 15217 5746 16588 5225
429 13 2317 10171 1199 19544 1965 13036
14148 7442 6771 213 17058 527 10605 12095 7442 11542 16094 5372 8570 10056 10472
18339 19418 11858 19136 11542 6183 18741 15733 19544 1965 13036
11573 10317 2806 12992 4465 2678 3445 5632 14190 482
15410 16241 5283 18386 11203 5969 6771
17865 5657 11 19723 16021
19145 6771 40 19725 10937 2317 14474 15221
13191 19179
12888 10684 3068 9988 3068 4944 6072 16595 17813 5910
9213 13030 18938 6562 2994 10317 16241 3068 9224 10961 9569 9226 13151 14139 15787 735 8928 3970 11657 4388
594 10278 3068 6771
10523 18578 15221
13443 5917
15398 6771
40 19725 16021 13391 13036 3038 16868 14137 7206 16243 12008 9844 13856 1620 8600 16024
3210 5747 11727 19418 13684 12086 17830 11542 1565 15369 14806 16592 12888 12007
6478 19365 11542 7200 10535 527 8945 12889 12020 11173 6590 18916 16022 5704 6069 15123 12793 8597 16764 15935 11358 6069 10605 12095 17968 16021 12781
5075 16682 10990 19573 19418 13691 5790 1516 16623
1909 9648 14744 15324 2058 4904 17380
11861 2433 3029 19493 7867 40 19725 16021
6249
18314 16021 11542 5349 10804 17830
12337 11573 14931 5283 18386 4005 11127 11606 1982
10684 568 12716 6771 4013 11831 2386 13093 2732 1209
14139 19131 17816 12936 7136 5100
17137 15398 14064 8382 8871
11340 16261
6494 3844 6519 6911 3680 18303 729 13438
14139
2335
14139 18438 19544 10804 1565
12897 5542 7943 16261
8544 10804 16027 11573 12929 14139 11807 15398
7526
19659 11355 16026
13670 19418 11858
17720 18043 10481 7698 19659
16278 13152 13512 1474 11858 2959
2310 13159 13002 9213 19145
15406 10317 40 19723 16346
15398 8751 10961 17680 14139 8103
1982 11573
8277 12865 7195 10605
6174 11606
10684 7977 7586 11606 4250
3831
17683 8751 18461 7698
10999 16312 8170 2832 16026 6562 18223
9756 10317 11542
8751 7586
8751 10605 7586
7592 7654 12799 11416 15398 17610
7822 12600 975 4656 12889 8309 5772 11542 8122 15221 19418 6183 19136
17816 10406 13730 1945 6651 527 5068 16760 17501
4485 17851 6255 10395 15496 12030 17285 19725 12753 15930 10740 6466
3210 5746 7442 7822 12888 19541 16233
5068 15557 4866 6554 6201 10644 6675 14118 12622
14196 6771 1171 17992 17304 15221 13016 441 7802 18936 15221 18210 14118 12865 9926 11858 7086
5971 11542 13941 2058 11670 14416 16299 17679 16701 7680 19583 6562
15398 16261 19659 16364
774 10056 14668 17720 11542 16069 1591 6906
17982 12269 15496 10472 19725 16243 16410 16024 14203
17136 15055 9137 6562 3778 11473 596 12030 11863 930 18040 13036 16024 999
9279 18438 8691 405 4568 16024 13607 6422 15055 19353 13301
9983 4608 6804 14554 1317 2386 13094 7136 2916 18203
6771 1835 4185 8149 17314
8928 6771 19353 12865 15398 19353 12929
5856 13319 6771 19353 12865 431 14281 6478 12352 16701 16852 18333 7052 10414
15410 16244 6401 6467 19749 2075 11084 9930
10406 13356 16204
16856 5904 12865 19136 6771 14281 19353 13579
8863 10317 15398 2075 12929 5216 6771 16204 14522 12620 5244 12865 3562 5699 19353 12865
40 19725 16021 164 9351 16760 16243 12008 2075 7199 11863 19742 18939 387 17996 19123 16227 16021 10533 13135 2548 13320 17939 13110 16326 18548 16612 1306 90
4341 6771 16386 19418 10700 16999 13399 1879 5910 10157 5129 15401 11606 1713 10644 8685 17816 8762 11606 1838 7169 10308 12490 12889 3210 5746 10605 12095 11173 6590 3017 12276 1965 6787 4593 1965 13320 16024 17124 11670 15398 1171 10323 3287
10644 6924 11542
10684 7865 4973
8863 1518 13591 2931 8028 15073
3210 7822 10684 3068 12276 2754 7022 12725 3994 16469 5707 12725 15337
11670 5023 17377 568 18122 1201 6174 7586 527
14139 6771 12276 2754 15073 5969 13907 1233
16682 10989 17939 5023 6174 3983 16929 6771 11858 7680 2145
8551 16929 2420 17939 10700 13888
11542 13332 8900 18005 10644 14132 4342 12429 5989 12865 8116 19573 10937 9433 17881 16701 6753 9871 16889 10999 8685 14753
8945 16760 10740 16870 9800 8796 5035 12901 16024 10317 4987 7387 9926 10278 2479
10278 10684 3068 10317 12184 7698 1643 17830 17683 10278 5910 16107 11538 1636 7526 11537 6174 7129
1833 11542 17899 16760
3296 18089 18894 6193 15217
2734 19573 527 16760 13391
16760 9152 18184 6209 2730
12740 568 2346 3082 10644 6675 6225 5075 19087 6675
8116 17683
10644 11858 19086 15398 1173 10317 8102 1171
2422
16682 10990 18285 19725 16021 6225 1643 6771 3808 3016 5101
10990 5626 11573 15636 6119 8718 14082 18954 13318 10278 3016 16299 9075 7856 14129
18285 19725 16021 3925 10804 8593 11409 1758 7291 8503 5851 1626 11657 18437 5856 11011 6675 11746 16823 13340 9056 18186 6209 11318 16818 3068 922
4144 3663 16246 4809 18361 11314 10700 7856 11542 1497 13464 15662 14239 16760 5917 13571 17016 15239 10381 5445 579 15557 2750
10989 13539 15987 17678 10350 18223 18667 3877 15973 12462 17718 10644 11606 2013 2570 10223 988 5719
11542 7822 54 11292 10278 17992 15170 17950 11542 16024 7800 18932 16026 7530 19338 920 8717 4578
9756 972 17683 18126 16243 13146 19278 40 19725 15513 6533 9847 16701 7134 10472 7526 7200
1011 4143 17310 19418 10406 9756 17304 13 10054 19221 1758 2596 15580 6193 4547 2075 40 19725 1421 18716
12504 7822 6771 146 17782
16243 12007 10740 10417 18704 11863 19742 91 387 16021 18031 2527 16325 19573 18793 13136
3210 5746 16384 10123 14878 4863 12414 1965 565
19340 8589 3797 16026 920 11606 19136
10472 5442 6348 6026 18303 8627 6746 11291 15003 17816
6026 2912 6258 13485 5854 6301 5910
5075 10989 9799 6437 4905 16266 10365 2058 10473 11802 17830
13538 5721 8718 15636 7946 15886 6263
12504 40 19725 16021 10990 1965 6771
1515 2310 922 10317 16266 18266 6107 2058 6787 8947 19171 12897
11197 7747 10481 6465 2065 13048 40 19725 16021 11538 7129 13852 1893 16011 6464
12058 11479 16596 6771 11792 11197 922 8295 10317 16367 14748 730 15435 3825 3413 12735 8 14139 5943 19164 9930
12058 10147 6349 19086 10700 4536 344
16024 6375 19656 2797 12058 12897 19603 11037
6771 17566 10278 15403 5979
40 19725 16021 12276 4938 5449 15410 18213 1418 12889 2912 9400
3017 8116 19136 17830 16682 10989 14139 2818 2547 15688 8597 16024
15577 9930 568 11670 15170 6174 17718 15755 1210 16701 13941 11077
19324 6675 5153 4887 3082 6675 14384 15401 12429 3686 14569 8685 14753 952 16852 15496 14124 18093 12901 17816
6200 8889 14882 8382 4704 9756 10644 16393
3210 5746 7587 12888 10295 11173 6590 10605 12095 9756 8945
16682 10989 5075 9800 3422 6437 2481 18716 1120 5854 19636 9699 40 19725 16021 12276 165 1965 6787
1877 11542 13588 6225 10644 2272 10317
11542 10706 17683 1643 7698 11409 10318 11542 4144
7698 5767 5445 8450 5445 11808
5075 7698 568 1982
15398 10278 10740 2818 14371 40 19725
8542 11573 10317 5349 7526 19659 14138 10644
17854 4822 11573 10317 6174 8515 15409 10317 11542 7919 8382 10131 12415
91 16243 12008 7199 733 10740 19578 18939 10417 19399 18303 3193 15124 16501 11863 19742
18303 19353 11084 2530 8051 12197 15770 5876 11663 19418 18106 19123 4442
2693
8643 1318 5573 5517 12008 3893 4735 16021 12848
12008 10064 15720 11863 12404 923 12429 4911 19418
16021 18030 11728 7203 7587 12008 8796 13146 14999 16021 7514 15471 1120 16021 12781 13135 12586 19421 7061
5542 17526 12008 1120 13135 19576 7061 15471 1120 16021 12586 11728 5704 6069
13601 12008 1468 6361 579 7199 10740 1529
6478 11542 19544 17742 12415 14148 19136
17939 2358 146 19725 19136 11542 7291
11573 10317 18731 10155 18631
9815 12796 3630 1620 11450 10064
8125 6767 11657 6771
5075 10706 17122 2754 8239 6201 6675 3199
568 575 12976 9633
6693 12620 6193 15505
1909 6198 2754 774 15173 15217 10605 19338 8243 19636 15217
19086 16460 11542 19418 15170 13485 9756 14132 8450 13154 15319
1748 93 12050 6223 16021 7203 16243 12008
13420 1000 3322 19090 6396 16024 68 19725 771 18548 16612
14522 16852 8243 16853 16729 18932
19488 13907 12276 8928 934 7968 19636 5854 12605 6787 6183 12151 1965 13036 12414
972 13046 1341 3287 8589 6010
2754
12889 18213 16899 4184 9400 15902 2443 17312
18213 972 6771
2474 3287
5065 6430 2473 2487 7107 1340 16682 10989 15494 2912 4735 1418 12889 930 6536 16278 879 8928 6771 6193 12276 15774 15398
6771 40 19725 16021 8396 4907 6771 492 4809 8600 16024 9152 1867 10804 12865
2546 19340 13016 18932 7586 13831 16449 12707 12030 13342 19110 14176 13817
16760 16243 7822 17314 10740 1828 3797 19662 13856
16243 10743 6108 9136 17680 13856 16630 883 7588 8570 12276 4547 7200
6771 12325 12290 6448 15910 16024 10706 12276 14132 1643 16024
6174 17718 8600 3977 10804 13135 12587 12865 10317 1765 13730 12865 2754 16701 9871 8249 6174 10278 16554
40 19725 16021 10667 6236 16024 10317 12748 8450
1748 18210 16760 16243 12008 7199 2075 10740 16227 16024 6464 11626 9435 441
16021 12058 6464 8600 16024 8122 40 19725 10278
6771 4768 8600 11606 5864 13601 4770 6193 15922 16021 6119 16243
8600 16784 2547 4342 16024 19488 2350
16244 16870 923 16026 12587 5900 14503 8692 6209 19583
6209 10740 6183 6464 17771 10295
14139 19086 15398 16024 18210 3567 12032 8600 8396 17010 19136 6771 11203 3047 12943 6209
16760 17899 12276 2474 6292
10278 16258 2754 5451 3047 19486 15380 9756 17816 16024 17816
6249 13317 10626
6590 1604
4391 14017 12587 15800 8128 9978 16024
6174 14427 15798 1941 3068 6913 8102 19278 16217 16026
16760 15800 11606 12620 7677 6181 11045 2386 13096 3068 8259 9926 16258 10482 16232 12306
5917 1757 6771 11808 8111 14636 6533
17683 11542 11542 6198 11812 15398
15800 2546 18223 1003 8450 10804 12865 19086 8823 14132 4813 14139
148 19725 2075 12865 18123 11971 12123 442 17305 669 5006
11542 975 19656 13607 6771 12490 2912
10706 6675 10804 17680 1070 6646 5152 15062 12620
17830 13941 5023 19136 17683 13841
11588 19737 12622 19136 6119 2075 19535
9928 1042 579 19278 17435 1180 1071
8643 5969 6771 11606
164 10804 7822 11573 19733 40 19725 16021 12276 15794 16024 19164 11858 15169 19723 12154 1965 11542 19723 40 19725 16021
19083 4670 7818 1965 19723 16701 6174 1000 8741 1982 11542
19733 10605 12096 524 429 2474 16701 17865 1965 13036 1965 13617 19723 11542 8900 12865
1982 9633 13617 7526 1982 4106 4866 15557 13617 6141
11573 10317 15284 6852 8900 1497
1982 9633
15173 15173 9756 13856 10402 2058 5719 11542 7526 2474 9633
9213 7526 1982 9633 5719 7818 1000 8741
17865 1965 13036 1926 1965 13617 17122 11542 246 19723 12337
11542 1835 14439 13046 8450
15797 16243 12008 17777 10278 16021 10278 3615 12345 15794 6195 12345 10406
17771 16870 16242 11858 7587 8570 8928 10228 18716
18218 947 18155 14319 6491 9800 8215 11534 15822
6804 6507 4964 7199 12810 2480 8524 40 19725 10064
17252 18722 11542 16964 8643 1989 972
8092 14933 12276 10740 4621 2754 17304 10278 8643 19659 17816 12738 16075 18894 15797 9756 18524 10472 16243 17304 16069 19164 1306 12276 4547 17816
6771 17502 18210 16760 15093 12004 13163 3210 770 2075 17316 18939 9844 16227 16024 18548 16612 3322 19090
6771 9279 8928 15398 6771 6771 17502 6177 6198 9926 10223 8103 6771 12276 5458 10472 6771 6261 7585 6771 1748 18210 16760 6276 732 1000 10740 10417 11863 19742 19399 18303 3193 16227 16024 1000 16325 6249 7387 2912 6771 40 19725 16021 19544 12414 1965 6771 9759 14196 11542
12321 15221 11542 10171 3719 15733
5645 18895 3936 9213 7298 8889 18932 8179 19278 8064 8064 16024
11542 1881 930 16024 19486 6852 8028 8626 19136 16243 4605 5518 16024 1827
19136 11795 8082 18026 9873 10898 12276 4887 9930 16021 2435
11542 7026 4512 9699 10869 5196 975
2754 14416 10056 17816 19138 8447 6771 9279 2814 12276
6448 7645 15319 17429 1568 11542
6771 4737 5023 17950 19488 1828 1306 2653 1217
12321 15221 11542 10171 3719 15733
5645 18895 3936 9213 7298 8889 18932 8179 19278 8064 8064 16024
11542 1881 930 16024 19486 6852 8028 8626 19136 16243 4605 5518 16024 1827
19136 11795 8082 18026 9873 10898 12276 4887 9930 16021 2435
11542 7026 4512 9699 10869 5196 975
2754 14416 10056 17816 19138 8447 6771 9279 2814 12276
6448 7645 15319 17429 1568 11542
6771 4737 5023 17950 19488 1828 1306 2653 1217
13568 19145 40 19725 16021 6759 9914 6335
17329 16024 8450 8239 2546 12748 12922 13957
8643 10386 6351
40 19725 16021 5817 1497 925 16244 9699 7199 732 10740 9844 16227 16024 6351 4342 6466 18690
17316 17255 568 13320 10414 18508 6685 18876 2067 15837 8691 10706 2045 6771 3597 10278
15063 15170 40 19725 16021 2818 1474 5862 8243 8382 8577 7343 19418 10142 8450 6193 9056 2754 10406 13831 12815
12321 15221 11542 10171 3719 15733
5645 18895 3936 9213 7298 8889 18932 8179 19278 8064 8064 16024
11542 1881 930 16024 19486 6852 8028 8626 19136 16243 4605 5518 16024 1827
19136 11795 8082 18026 9873 10898 12276 4887 9930 16021 2435
11542 7026 4512 9699 10869 5196 975
2754 14416 10056 17816 19138 8447 6771 9279 2814 12276
6448 7645 15319 17429 1568 11542
6771 4737 5023 17950 19488 1828 1306 2653 1217
5023 19136 11542 2547 19164 12865 18123
8643 11542 13319 17830 7442 1982 18442 1234 16026 18123 17830
1583 17679 16024 19164 11542 492 15794 12865 19278 10804 19725 9027
7335 972 17679 12865 10317 3068 1765 13154 2386 13094 15169 18213 1583 732 1002 18123 19164 8309
4684 14196 11542 12865 527 6554 16760 10350 491
1985 11542 6496 8243 7800 15221
7822 11542 15800 18489 4341 16024 706
16243 7199 2075 10740 9844 7053 16024
947 6182 7200 17593 2386 13094 16243 5930 8589 18126 8076 10906 10317 19340 1829 10417 8589 3797 19578 8615 16326 17043 8627 5910 2721 8589 11730 4710
11542 2058 12078 15594 3936
10684 13591 11542 8116 17499 6179 12164
15173 19723 1273 1879 15124 12094 91 11858 9926 17680 8104 745
9926 11542 17310 13110 92 16326 18548 16612
14139 5971 11542
12276 6631 11573 17816
19418 10842 16466 14106 14787
40 19725 16021 7698 11542
16870 16243 12008 13154 3210 5746 12781 13154 10605 12095 10644 6675 7973
6119 12781 16243 10156 13135 18005 5910 11542
4860 1565 7747
10605 12095 4861 12414 11542
6693 10317 12865 13515 7585 12414 9756 730 11203 3351 13966 12431
1176 11542 7822 527 19365 2912
6590 12793 6174 1949 4391 2732 2475 13319 8314 3068
