468
9756 15398 6771 11858 16744 10081
15037 1732 3499 18210 3601 17315
6249 19648 9668 7491
6771 15755 12605 7291 10086
12897 5657 10079 2754 15170 10318
10519
3604 2474 577 13202 17058 934
19145 18043 19145 6771 579 3719 5016 16760 17720 7680
6272 15398 6771 18045 4619 18829
5971 11606 6338 19418 10320 15398
5650 16299 8707 11807 7654 19136 12058
12276 7316 11573 9926
10804 7698 9668 1748 8104 19583
14106 11872 4458 1761 9926 7680 19583 10317 11542
12865 10958 10317 3499 17683 7491
14139 17310 16261 15787 13593 7319 19164
8643 14139 7654 19136 11542 19603 11416
12936 19138 18290 17608
12058 14139 9926 19647 1169 19488 7588 1568 9668 9668 3597 12276 1120
930 10081 10528 12276 11291
14139 4022 19136 11542 17608 6198 14921 10081
4687 6800 3787 4995 11542 6348
11542 429 5084 12196 8413 13965 4229 12565 11409
16914 15037 1732 3501 13538 11573 5349 11606 1982
3499 13163 15878 15026 4995 11728 633 7472 826
1155 13132 4235 12073 19193
8173 8784 4758
19164 18548 11763 1979 15671 12276 14193
17305 19798 18806 8432 7587 9633 16752
19418 826 10700 18324
11710
16744 4758 3630 4133 19418 19798 3047 8243
4684 14196 4995
14139 5971 15037 1732 3501 13538 19573 2301
2730 4995 14362 8382 8577 7698 10084
15170 5098 16053
3499 7529 7822 10084 13265 9020 8714 6771 5349
6852 12 11292 6771 10081 8215 3885 8714 2754 15398 10064 8028 2754 439
8643 16266 6771 6519 6911 10519 8714 4717 10056 8028 11542
16266 14052 6680 10317 3499
8643 9668 16701 2613 10084 14748 12865
12504 7822 6771 6530 3501 19573
12865 6335 11542 6249
9415 9671 13507
10644 10073
6771 3604 15895 12337 10667 3604 12276 6347 8503 11573 18268 148 2886 6836 10700
3604 12030 10644 10073 15577 17830 7698 17816 17679 6335 7698 3604
17683 14065 14139 9756 17111 19722 15409 10804 12865 6338 17679 14118 6545 19164 19365 13235 3604 10073 15398 12 16593
16298 7782 11352
11542 17114 3604
17369 7894
12865 10558 9411 10245 7927
12030 19575
15337 13240 16907 12177 9668 10700 13791
527 17549
4144 6338 13538 19573 2543 16907 5155 11542 6183 10644
12276 9871 19164 5068
8784 1935 9887 14975
14878 4995 15033
1604
3499 9756 18625 964 6174 3604
6193 11877 14878 7530 19599
10961 19136 11573 1169
11606
19086 19131 19568 4850 7029
9756 1551
15304 2342 1734 11542
13171 19131 17816 11416 19145
6174 2721 6771
2719
14139 16741 10556 10556
16743 10556 11802 14139 19787 3936
4995 13286 5349
12030 10073
7319
6771 5145
18213 18375 7677 10837 4549
1245 6183 1245
6693 5818 568
11573 1643 4419 12361 7530 11416 1620
11542 7677 15217 15217 15217
3885 3717 11978
13536 15787 19418 17683 7319
17720 14669 6229 10556 6771 16742
568 12618 6771 923 13611 5078 14296 18895 17982 5098
428 7412
15911 12956 15410 3604 1643
12226 17122 13074 12661 146 8589 17310 19365 11863 10245
3499 907 10700 1120 11542 6576 9884 11807 8224 6234
15902 7319 13965 12196 6765 6911 9668
2754 15398 9668 3630 11215 1568 6198 10005 8864
7319 4302 15170 11059 2515 6685 10056 252 6787 16333 10278 16714 14834 8553 5429 2364 12206 14172 11203 774 947 11858
6787 11116 19171 6515
428 15728
6771 5101 15170 10151 9756 17549 527 934 16864 6771
15129 14139 10233 12276 4549 864 7353 9031 2301 2754 3372 15398 16227
6771 3889 13283 1465 3604 4851 146 16593 9756 10317 2912
1165 7677 15398 6771 6336 13171 19418 15398 8152 14129 3604 7491 15468 8503 12376 10700 2007 11416 9213 16694 9931 1965
17136 5767 4995 367 12030
19138 18043 6771 1180 17549 15337 19514 527 17771
2754 15170 13171 9756 16692 18043 19131 11920 11291 10278 19418 11858 7526 1620
15129 3499 12240 11872
11542 3124 3604
19418 10073 1173 1643
14063 7654 16033
11542 15496 5068
568 2693 16766 19179 7319 10350
2301 6249 8643 5101
864 7353 15787 7822 2730
3945 864 7353 15787
10519 13964 18317 16675 12544
11542 13588 5349 15129 11247 277 11291 5468
7592 12799 19136 11542
7927 16431 1357 15031 15355 15858 1643 11542
7822 565 3641 19573 11573 11542 965
11542 7822 1879 14139 7319 10539
15557 7822 3604 7594 7585 311 327 15375 8028 17939 10698 18266 19599
11542 7747 14139 8972 12276 11999 10323 8972 3604 9756 19278 19164 6562 13235 7319 14984 11542
16760 6816 10999 3604 7680 7888 2437 6816
11542 7680 19086 19136 17816 930 15169 19418 6007 19136
12504 15170 19603 17816 19136 19601
1583 15337 1583 527 1583 1879 5910 17137 15931 1935 9887 777 17304 12707 12276 15046 15398 2912
7698 18894 19418 15398 19365 17040 6771
15173 6335 11606 9756 15173 6335 1173 10317 19654 1643 14671 18155 8122 19647 10151 16261 1173 7698 6771 6812
4144 9926 435 3604 13856 10456 1363 19145 6771 8823 8589 527 19179 13191 10999 10151 15798 18716 10644 5719 17686 10709 6771
14139 5101
12276 19601 11573 6183 15410
10539 2301 2543
10121 3719 13443
11961 15732 5769 13538 11573
17499 1643 11542
968 7747 294
311 6562 8871 12058 10706 5383 15942
12504 4062 13591 16929 10937 8814 4996 9756 12197 15282 12345 7585 14118 15216 10684 3068 2964 2786
15129 2013 2570 9928 2857 12452
2546
6193 9663 12154
456 17549
9756 10317 12397
15131 15496 5108 15221
14139 14139 5100
18043 17009 11606
2669 17720 7586 15129 7822
2546
15037 1732 3501 12479 10265 17978 9983 13264 4087
975 14738 1819 826
1101 6569 15033
1604
2693
15033 18482 3163
11657 16271 14139 7698 7827 613 1441 8714
4995 19548 7822 7319 2301
12030
16701 8309 3682
11542 14139 7319 11542
10077 11606 7442 499 16729
19136 11542
19733
4684
9756 19136 7698 17816
11542 3925 4408 10028 10402 2058 12078 12231 9756 19136 7233
9668 11573 12321 12725 11606 8413
947 16932 10958 12876 12196 12865 16701 4178 7822 10084
14139 10317 11542 14139 18728 7822 8860 4809 4227 16907 17680 4995 10958
4138 15501 9468 13957 17559 17173 12998 1256 11542 10706 7299 19164 1238 15501 10941
7698 16889 16809 1568 17816 11792 5917
11542 18156 7022 12783 10688 3602 2480 14900 14359
17683 3068 19797 11884 594 1667 16760
7060 13443 7025 14900 14359 2481 13442
527 9756 16568 12504 9668 14139 5970 4152 9983 527 13888
374 4995 4206 10402 12004 732 4133 11385 10323 9775 9869 9682 8831
10700 3068 12637 13154 10085 18478 12290
4995 9029 18478 6794 10523 7319 12725 10523 18511 12196 12725
686 4684 19136 9850 11507 6608 9586
11961 1306 8382 17902 4337 8707 11010 19136
19107 19762 10523 14039 9668 7295 12078 10523 10523 15584 9668
19603 15401
5571 12221 10700 10080 19138 12257
11542 2754 7199 10073 16676 9668 6174 7228 7577 5016 4388 9756 7526 1568 13961 17526 4549
8758 13961 9668 18716 6629 2335 19145
6174 4337 16266 18394 8707 16701 13529 7698 11542
17718 12865 13459 2301 11542 12337 9871 13459
17718 11203 6675 7946 744 10081 16673 9668
8643 12865 14416 15140 17304 9668 15542 7233
9756 11542 9830 14364 5969 15787
9756 1575
12276 13 19725 10317 15037 1732 3499
19595 13485 19136 11542
4619 15429 9619 2873 11542
9756 11407 6448 16878 3499 7747 15430
12748 328 11292 10278 12276 1965 328 11292 6183
15755 12058 18268 2007 6540 15366 19582 2346 978 9756 6826 19145
12276 10740 15787
19086 10073 7526 14381 17526 14106 1999 6852 19136 11542 15037 1732 3499 6119 12276
8468 5100
17122 6335 8382 4388 11542 15037 1732 3499 2301 13169 17136
2543 16267 5100 7747 8577 18303 14152
6852 14111 16760
15375 17141 11077 12888 1732 3499 15290 8679
4995 11112 3028 15970 16717 17889 7101 16760
13591 7319 15398 2301 10402 10917 7698 5985 3601 18771
2543 5100 10151 16978 18398 1643 8714
10156 8942
18317 9442 8707 3499 18542 19164 13503 14129 13738 19164 6254
11542 3068 12897 3240 16929 3932
7319 11409 438 7319 12290
13538 15037 1732 3499 3082 13163 14878 3068 14139 10537 1825 15612 13735 12467 10317 12429
17110 2912 11073 2733 934 594 7827 12431 11035 13617
7299 19145 13029 1242 17816 12882 10594 18896 15232
11542 9252 4389 5700 12865
15410 12276 7228 11263 13125 8221 8524
6852 9251 6826 19145 17720 11606 17816 16407 18099
17683 11542 13607 3719 9461 12290
13264 11127 4735 1497
17628 6771 18741 435
3604 1339 18576
13151 15528 6179
10684 13235 4692 13036 13341 19164
9926 11599 3499 5954 565 17816 8493 9461 3316
7319 17679 11542 14081 14671 12865 17720 7319
15037 1732 3490 19664 11542 9663
12058 14111 7698 14671 17551 18511 6771 10081 16211
2487 7680 8941 6771
9931
10081 14111 8871 14671
9663 13779 17122
17683 6209 13191 923 10700 17549 11542 10073 12865 10077
16701 10537 17718
6174 17982 17312 11180
8309
6536 5985 12058 7526 1568
10462
4995 163 15037 1732 3499 1101 6569 9560 10798 1935 9887 9648 2693
14328 9818 4090 2218 10166 7198 1294 2732 11053 7151 9987 15140 1732 3499 15026 6731 17560 10124 8009 888 19032 19301
19379 1465 4735 6745 16391 18548 11763 14477 8802 4642 6866 4891 18228 4885 6701 2007 1220 18568 8309 12384 7034 16752 12586 6569 15060 11363 14819 11768 3601 17318
8061 15324 3499 850 1954 4540 10755 9579 15230 11336 16616 5068 18731 12305 10047 3093 19515 9071
11315 1732 3499 3462
7136 11542 9756 12196 10804 10247
17679 9756 5153 19418 4568
2109 12157 14778 7822 4995 14477 7765 1838 3066 12396 4214 4337 10561 3663 4784 7366
5977 12226 972 16391 7587 5910 11542
19136 3066 12396 15398 14118 17679 16316 10317 1833 11588
9756 14139 1583 5212 441 18210 7494 19573 16258 1323 5985 17683 12276 14132 3717 14774 1643 12276
7698 16701 10073 17813 4360 18303 4549 10064
9119
10958 5088 9668 2197 6675 7199 7698 10073
12231
10740 4388 18548 16612 11203 405 14352 5969 11542 1540 1000
1000 6392 4390 10700 1540 19164 2754 10151 10142 1230 11542 930
562 920 16299 6698 11203 6812 12196
12276 17679 3016 4995 15712 10402 10303 18690 4660 4876 17680 5135 1008 15648 4062 18773
4995 11670 15398 14306 12393 14388 15598 13265
16976 16469 17315
15398 6204
11542 13555 6236
864 7353 15787 8213 3499 1965
4229 5690 8413 2418
2301 17294 3189 7698 972 11409
2543 18478 8537 2058 4341 934 11409 15221 11158 7332 11334
12058 4995
3641 3499 7588 15771 15339 3604 7298 377 8951 14129 3604 6247 15060 3717 11332
10073 15922 17816 17549 13240 15470 11542
4138 11845 10084 1879 8572 7526 1982
11858
3717 18739 5821 12707 8087 8827 12276 2015 3604 5102 4593
1583 1583 1583
10700 17680 6174 19599 15801 9248 11621 8707 3499 4864 6536
14139 19601 11542 15410
15922 17816 6675 10317 10081
11542 16601 10124 10081 16391 12073 19191 12109 17312 533 19191
1613 2320 292 1819 10472 12854 8018
7680
10124 7677 18717 16258 4420 2832 18665 16760 1881
8309 4421 7576 11764 4133 15264 7442 16391 4758 10317
16760 14682 14946 3124 3604 15221 10480 879 5744 11224 1833 9997 2442
9881 19032 9926 10909 10804 9173 12707 10700 16999 8216 14196 19136 11542
6540 2301 864 7353 6272 10088 6771 6189 6272 1140 11877 11 8028 8627 1120 1835 8712 15037 1732 3499 3346
4995 6771 1008 10804 14731 17384 16266 6265 7886 3189 4752 6771 10946 3889 3604 19737 12461 13158 5232 13538 15037 6787
12504 17134 3346 8396 1024 8714 15037 1732 3499 13539 501 12398 17654 5916 6771 18739 5101
15755 16760 11542
18045 19164 11606 1982 11542
1879 5910 11542 7291 9668 14139 7319
3680 13538 11573 3499 12276 10151 19603 19145
10223 9228 10223 661 3936 9668 6194 2754 5969
16760 10350 2474 10151 3504
527 9871 12231
3881 18043 1982 11542 11670 15170 5067 7822
12504 1540 11542
19603 17816 16410 17122 19324 19603 11416 12618
920 16456 15847 10081
19733 4337 13265 9020 18188 5910 4547 7319 18689 6010
14106 6616 13265 4084 14666 9541 1953 13029 8495 6771 7747 12011 6562 888 11335 13235
6771 10700 10073
12865 19136 6771 6339 6812 19547 15496 5979 19418 5098 2902 7654 15398 7210 6771 15800 17131 10740 16131 3282 3647 10278 18554 6201
19136 11542 19086 1923 10073 19086 1034 6771 3855 13528 18301 11623 7602 3086 10062 3494
10539 6771
10644 6675 7698 7554
15636 11573 10317
19589 11311 5985
11807 8970 10086 7698 16306
4995 8413 947 7585 704 2301 2543 16701 7506 8413
15735 5252 18909
10480 1568 16266 17549 14139 8703 6771 18482 2754 17499 11409 18628
10317 864 7353 506
15494
19164 8765
11795 12833 12276 11407 5970 6771 17679 15037 1739 3499 5743 10537 6787 8167 12030 19418 3047
14989 1225 4995
19418 10537 8167
15895
4995 2931 1604 11573 12865 19418 952 19136 6174 17499 19136
4995 6519 2942 11542 5466 9756 7822 6338 15037 1732 3499 15911 2301
4995 11499 7319 605 12132 5155 15212 19014 4337 16257 19573 17889
6119 15221 1101 6569 17459
15037 1732 3499 7698 3017 7822
1101 6569 12231 7319 1897 8018 4420
11053 7151 12276 10356 2732 933
19365 4995 5100 16701 19137 4337 1144 4995
6540 11573 10317 2301 6174 5552 5553 18314 6771 6174 15312 12702 5552
2326 12618 18716 15398 6771
6198 19006 10517
15170 19544
7747 10155 19573 5628 10073 6026 6771
8111 7053 15398
5467 19221 5916 17686 6431 7319
12813 6771
7927 10539 934 17137
7570 12240 12240 15732 6709 12276
7319
6464 16729 8735 10081 11606
15398
664
15398
8108 17137
11858 15410 6771 13941 10317 12276
1171 1974 665 6174 10317 10402 10517
14139 17720 8167
19737 10537
15398 6771 8108 17137 10317
429 9850 17718
661 8707
12276 19601 11573 6183 15410 7916 7291 18477 15221 6174 10537 7291 8179 13964 4144 12058 9926 9928 8338 9615
1583 17982 18099 17982 8169 11542 16869 19136 17813 5910
11007 11542
7291 17252 18005 11668 4131
10124 4133 1208 10317 16907 7446 18370 6201 2832 15584 19541 11084 9863 12865 1306 10396 3597 11542 13964
16907 11542 16907 565 16907 17628 16907 5068 214 18895
8503 15117 9973 19091 17310 15037 14642 17680
8643 17816 19549 6183 11573
3717 14774 6431 17316 18276 11126 19799 9756 2317 7319 6677 19418 5910 7526 7319
15037 3375 10961 10223 11416 10223 5727 10961 7654 11573 16266 17720 18276 7319 14671 11096
9615 10269 13278 9668
6771 7698 10961 15337
1982 9668 10223 13278 9668
302 11229
12865 579 5969 11542 12865 6771 10709 7299
11340 10835 18447
11542 3717 14293 2223 18443 1255 9105 5954
19418 10700 10073 10073 10528
6193 4973 11542 19603 10386 7587 16120 14630
7654 12865 1965 3604 11542 6174 11606 9279 15211 11542 15540
11542 16601 8707 5910 7698 5851 12023 19418 10700 17683
11542 5927 4292 9663 4758 8918 18851 4997
527 17058 17838 3604 3621 15496 13941 1575
10718 11542 5337 6694 575
12314 12276 19535 11542 14588 13576 7926 4995
15131 19136 11542 639 13433 6335
8941 15037 1732 3501 15031 15356 16901 9756 13780 15081 19733 9926 17679 1643 13780
16701
13283
1363 11542 15895 7025 3341 4390 7103 19575 3499 12748 10804 12429 6010 7319 17816 13965 15591 11328 8537
17680 8167 9333 15618 16204 10245 10644 459 15141 11770 11542
9252 11214 12190 7319
14889 9454 7319 7319
7526 2336 5084 15830 8707 16627 1568 11542 11371 19132 17816 11416
10804 3862 11096 11
13964 146
14387 13469 213
14385 441 252
13283 2912 277
5084 10999 5084 16766 294
14975 4974 3717 4202
19136 12703 11573 10317 18776 16984 15211 11542 6141
17723 9485 13831 9749
16627 1568
11473 3719 8972 6533 3193
15830 12077 6909 10644 12707 6193 15217 3597
13110 10317 9800 13854 15398 7291 11542 17816 9803 12739 7526 5098
4117 19006 11818
6562 19601 11573 15410
19087 10073 6174 18155 17830 14139 13099
18213 19474 17304 1620 8626 8028 16410 19145
1909 579 10644 6771
19131 17816 11416 6174 5325 14450
579 12618 277
360 14449 4747 14139 6675 3131 1114 1979
15177 14139 3876 11863 10350 19573 527 13908 14139 10706 10480 10317 7545 7717 14738 10740
16299 10318 2301 17904 2543 6174 17718 6675 7946 6830
15177 11812 18227 5016 7496 19089 3946 527 14882 17017 18870 18846
9926 16595
9756 15398 6771 11858 16744 10081
17720 7526 7314
15037 1732 3499 3372 6249 19648 9668 7491
10537 8714
947 15755 6771 9668 9004 15406 12799
3604 2474 577 13202 17058 934
19145 18043 19145 6771 579 3719 5016 16760 17720 7680
13191 10644 6771 7314
14196 19136 3017 19136 10519 6771 19573 1328
5650 16299 8714 11807 7654 19136 12058
11542 8804 18668
18512 8589 527
1935 9887 777 4202 1989
19131 17816
7592 7654 15398 7412
13171 16258 18227 6812 1173 7319 13283 6287 11542
4995 15073 6431 7319 6771
15037 1732 3499 18449 17377 1461 4756 3876 8939 17120 15003 17844 4998
10041 16978 17377 826 3612 523 9029 11740 19379 12996 15895 6290 12865 6852 1366 13913 10064
6771 3630 18548 16612 609 18548 11763 7587 5075 10047 3093 3044 10700 18135 13241 16195 4760 16203 19164 920 14505 827
9668 6431 19014 4737 829 14441 4296 8935
1935 9887 4043 17597 17377 527 1732 3501 7012 1101 6569 6683 10543
11077 3604 12897 3017 6010 12276
15170 14139 5971 11542 10480 7129 11863 15037 1723 3499 6787 7343
10804 3983 9668 9756 17720 8413 15902 596 5973
10804 14177 11573 10644 579 10073 10528
15073 14421 11126 19799 12234 1120 7822 6771
4995 12337 3501 15375 1965 11542
11
2301 3346 146
4995 213
2543 252
864 7353 6812 7319
14148 7585 12 6478 14226 9668 794 9663
8396 17009 14451 15410 19737
10317 15735 3983 15221 2075 8707 16914 16325 12699 11542
13538 19582 17422 2301 1013 2543 11606
16701 6174 11542 19179 11258
13241 1367 14139
11843 10700 9668 18040 17680
15409 11542 3000 648
17782 7822 9633 5075 568
12882 14284 1255 1887 1013 13685
10317 5865 15038 8914 17315
11858 17499 5955 11542
13154
19597 12058
3604 6771 14737 6201 5136 6771 4995 2754 15410 5743 12865 12290 751 9748 7233
14748 2719 12342 18881 13745 3307 12276 19136 6533
1000 5075 10047 3093 565 15129 1732 3499 3974 11885 10700 6771 14482 15594 9166
934 10700 10519 7299 11770 10554 7459
8430 1519 19494 13317 18353 4718 6119 3205 5060 10706 10519 3622 14414 19399 12376 15403 6520 13299
1000 5075 10047 3093 6771 4995 1643 19573 1328 4996 11051 2711 8857
6771 9249 4995 10317 5923
4996 6675 553 952 9762
14148 11858 10317 14417 18314 8613 13317
7316 11542 6183 19138 1909 19138 10519 11573
2754 14139 18721 16750 3134 1411 11542 19418 4684 10700 10073 6193 12 15381 10958 6260 10317 10946 5985 18438 9668 2094
6193 12929 19142 11542 19418 17124 1848 8675 6540 15037 1732 3499
12936 17683 9249 7977 8503
6174 17445 12725 11542 1575
2754 15398 11606 11425 7586 4910 4996 12636 16889 10317
1626 15284 16271 934 8945
9926 12865 7526 12192 9756 7299 12865 17304 19164 15037 9613 12194
3680 7107 6787 2301 2543 10155 864 7353
1982 1965 7098 11714 13288 7894 18722 15917 6771 10519 19181 17544 12479 8714 19733 12725 6771 1877 13851 18005 15037 1732 3501 18543 12479 6787 12748 15890 12377 1885 17816 14946
5743 19164 19733 12231 6771 7319 2065 5549 2065 8542 8425 4684 19043 6771 3597 13544 6174 3880 2680
1982 16408 11416 16261 5803 7654 19136 16261 13040 9213
