397
17718 5075 16429 9685 3523 3095 9793 9648 10727 588 10069 8064 9686 1412 11588 7148 6658 16444 9375 2923 13352 15457 6651 7319 18339 4661 15049 6771
9685 1835 14134 7343 10511 1065 10551 10740 9632 12999 11199 4938 5276 4884 9326 6519 8576 10537 1339 9249 12331 17274 18983 15208 9645
9686 15324 511 9156 436 6787 13477 16437 5765 8247 4810 8685 10468 9156 11807 3847
15565 9685 13212 4406 6088 17453 10766 15170 16261 17824 13641 10537 10516 6220 4874
12865 10958 6812 11542 2754 18445 6348 5921 3431 11599
12999 17329 17114 12410 15173 17680 1683 2317 19086 9756 3422 6448 6174 1982 10155 17608
17113 11011 3375 15508 1442 1833 7136 18371
14139 6339 11542 1643 13583 14671 14175 5075 11858 3880 7822 13673 19733
9756 10706 19545 12865 10318 6771
13983 9492 9756 6348 11606 10317 1553
10317 11542
8784 19613 10804 17946 17513 11573 164 10392 12300
19545 4243 10392 579 19136
6478 12030 14234 19486 11292 16600 19087 18266 19138 5910 8578 16261 1173 11203 8102
12231 3296 16317 6141
17982 18582 12337 7884 12502 9005 12433 3189 19334
12228
3995 16312 10317 4973 13046 19656 8382 15247 9836 8530 4741 9756
6511
3180 6939 11203 10317 15787
12431 5910 7588 19364 17010 19145 14139 8116 17816
13588 10278
15245 13154 4528 9632 12999 8972 5851 1457 8971 12119 3756 13154 952 10546 15208 9645
12164 15245 11203 5910
3756 9871 17723 15601 14118 12865
3760 2754 17304 10278 6119 18981 9645
11463 16760 3760 16266 10233
12180 7233 4166 17683 14359 12410 12331 17274 9756 19547 6174 7654 1591 5377 4534 3756 15245 10741 9800 16784 6464
9428 9646 3756 18981 11766 5988 568 1208 16698 18576
15221 19092 10480 10556 2570 10442 10485 3158 10961 10317 16126 9965

15641
14463 10350 11542 12226 17212
7020 15161 344
11542 15409 10317 9125 1955 2730 1620 4557 10445 16429 9685 3428 4619 10700 4022 4512 787 14900 3604 15060 2730 3584 7014 19723 10887 18135 16197 3645 19164 10406 12058
18291 19813 8361 14864 15545 17899 4401 6456 190 11292 16701 19145 18291 19813 3540
4561 7591 12597
7526 16596 11657
18116 5921 15501 13025
8642 10317 7977 13159 16317
1965 12707 702 9507 1026 585 15170 6892 10519
4133 1848 11760 1986 9069 5599 16588 7642 14223
9756 7696 7654 15398 14837 19136 16889 2178
16744 12058
15410 427 11252 13633 6981 12030 12050
12865 15938 5460 14921 16266 4439 5135 3760 7359 16222 17304 8699 7343 17124 13856 17889 15337 14291 7319
6247 12951 10396 8849 1297 5460
16258 17687 7319 14063 17325 12331 17274 19136 11573 14060 351 11135
1173 11542 17394 17174 1173 14060 8382 6119 6360
8784 19145 11542 6007 13171 19136
19474 12331 17274 8082 214 11292
16596 13673 12030 8106
11606 5349 10684 8784 16760 12410 9756 10156
7977 7529 1620 17889 19399 12410 7529 10640 12410 10145 10771 15435 8516 10634 18273 12410 9756 7698 13046 16222 17679 6198 18273 12410 12707 15382 7756 8685 6352
11961 17680 8103
9756 19335 12540 5851 13046 14628 16916 13282
12410 9756 12276 4547 15175 10157 12423 9756 10156
5349 8784 19650 7747 10121 7927
15401 327
146 14064 17720 7698 11542
5640 12865 15398 11542 19418 11858 9926
17720 7588 146 14064 7484
9815 19145 9756 8578 13418 7526 1982
14748 16595 10482 13673
16266 18273 7698 11542
2902
7585 1965 19136 17830 17720 11203 7530 1982 19477 17686
3774 7977 2407 7576 6812 10537 11863 3756
5917 9756 1643
10700 920 146 8627 11978
19136 12240 14526 12457 10334 18291 19813 6562 1982 3220
5349 8668 16033
19715
6826
11291 12276 6693 9983 19103 12897 13235
7747 3517
16261 16261 16261 9988 6771
12321 15771 4465 2678 3445 1000 1838 150 19463 11978 18099
14421 7747 10678
18331 3756 18156 17325 12934
18331
6627 6771 19418 14400
9904 16391
10151 16316 2730 8685
7444 1583 18138 5477 6771
1203 11670 19647 10473 14666 10123 565 7291 705 16678 19365 7347 11978 10171 3515
6693 17738 14989 16938
2078
2832
11542 5560
14900 15259 6730 5445 17310 18716 11792 7343 2350 18946 14846 6679 3865 11113 11061 16760 871 10715 14360
4890 19258 13617 4866 9279 3774 10537 702 10467 19648 9632 12999 12331 17274 11728 15104 15208 9645 11542 15409 13450 18305 5542 15898 4944 12331 17274
1338 8759 7904 2876 10317 5126 19583 17467 15248
13443 5917 4684 8309 6771 1551 11035 4944 9279 3774
12221 11542 1116 5985 19647 11818 14666
6855 12061 11792 5985 13191 15755
18756 9279 8784 4610 2912 17982 6494 4939
9815 19145 15398 9279 18295 8240 13332 14671 11993
17642 18308
9663 17124
9277 14106 5075 10852 15033
4053 11573 6076 7291 8435 13895 13752 5496 9082 7529 4302 7967
3717 19131 15033
9707 17315
213 16593 12980 2188 6448 11533
8415 1643 579 10700 4610 4384 11602 11542 8104 17325
15902 2317
7822 527 2677 10537 16760 12276 2058 9632 12999 6540
2754 146 8627 1620
9756 19044 19044 17686 7698 14671 16261 2007 11670 3630
12030
12030 14411 11542 19305
14052 5167 11573 14052 7585 1173 277 2007 4568
12023 16222 5948 8028 7979 19573 6675 8028 429 10539 6771
10519 5139 15170 19486 6867 214 11292 10320 19418 16999 14588 9756
18731 3643 11573 1643
9756 1583
3774 6771 9344 6491 10804 10247
7228 10644 19136 6759 8360 7585 1942 5383 9931 15073
6053 6490
2310 11247
7526 12748 14628 313 7347 6675
19599 16435 10684 3068 10481 10317 3717 16676 12831
3068 15313 4255
7526 7680 19365 8685 3756 12410 14894 9756 10644 6675 18394
771 15169 1093 18314 8685 3756 14895 15046 5917
14416 17865 11407 17683 1093 1205
12932 12337 4618 17683
19145 6026 6852 15369 2488 18278 15540 2075 11301 162 9928 13941 15886 10961 1982 6339 15398 7822 11542
8542 7698 12276
13191 9279 14139 8102 11792 7343 10499 5927 11097 6771 10999 5985 4910 7586 15553 8767 3677 12204
16316 6422 8767 17456 19582 6592 13449 18729 18981 14190 8857
14139 17009 19136 2075 11301 9213 1982 10804 1372
16299 17687 11542 6348 7526 19145 12994 8791 16299 16371 2734 15771 6417 5711 2677
6812 1200 1540 6771 4549 12030 11863 14975 13856 18884 1849 9756 11542 2145
18739 14975 15798 11542 10381 443 19014 15221
8685 14359 3756 8784 4940 4182 6476 11196 4285
12276 11463 10147 1173 7698 11143 14064 17816 18099
14314 19135 7698 17816 11416 19145 18099 3760 15594 14359 8699
17304 686 15500 5985
579 10318 2015 12707 11542 17683 9632 12999 525
5910 11542 10644 429 15496 6365 15104 13940 14359 13645 10537 12865
10999 12410 16261 16227 429 6365 13647 13645 12411 19164 17982 18723 12865 1643 6350 12410
17683 11542 11884 1441 7698 568 4022 8784
15146 8841 5917
19087 19136 6771 3747 3422 18696 9632 13000 6464 6771
10620 1851 19058 923 934 13428 18179
8643 19087 16760 19049 9181 19418 17004
13182 11690 10909 17329 11938 16760 10468
11311 2111 6771 8392 17641 17899 17499 19535 16799 4557 7663 4473 2924
8643 12276 2924 6026 6771
17642 2439 8243 12762 10402 10278 9983 2954 10277 10277 10277
5649 8955 577 16800 15073 19535 15073 2924
7020
17598 14111
7698 11542 1982
15398 3630
7698 19235 16755 17140 14552
16253 11038 16760
19545 17742 7822 15755 16760 19650 5349
16760 18566 19004 9589 9589 2071 18203
7513 15155 4512 5252 15483 7576 4980 17528 4607 16755 13028 19306 16755 16795 17680 8102 9806 10366
19003 15155 10366 2754 15732 4232 10084 3594 16012 8597
7822 8784 16760 16258 5803 19656 18968 9925
14139 10482 7129 15401 11542 6119 15401 13536 14421 138 11542 16100 8629
6562
5098 9983 14118 3994 11542
6174 10700 19365 11542 7136 11542 17312 19235 18266
9756 8578 14139 7585
15586 15221 9756 11606 6675 11808
18438 18228 13316 10469 17683 11802
920 13536 15794 1965 12725
14196 15401 18564 2754 15398 7199
6183 17722 9208 2001 16513 19312 18722 4312 19151


13120 16907 18725
11542 7058 8784 16261 972 9279
13505 1838 10926 12884 16513 4910 9097 3727 19151 2001 10706 18303 3775 7367 13841 18554 3865 15645 14129
4656 14748
10916 13500 8803 8784 16699 8803 11542 579
2001 14946 19312 11670 18722 7888
16600 2754 5748 2583 1306 13342 7526 9279 16760 11858 435 3905
6677 7663 16872 2583 1120 18554 5016 10104 16230 13841 11542 8102 14118 5910 6145 4666
11542 435 18537 19164
327
213
9839
3952 13851 19136 17813 5910 11542 9815 19046 17304 15658 18266 16070 5445
14065 3719 7036
13191 10469 19648 4946 18568 14359 11871 13830 12331 17274
16316 7319 1877 8107 18722 13191 10700 12480 7319 11542
8111 3239 19136 4547 10062 6175 2961 17854 19573 6517 1370 11292
16298 146 8627 17816 7747 6992 1568
7526 19235 1643
1643 5445 14894 11537 19138 10472 10472 17816
12799 11416 19136 11537 579 10317 15398 5298 16261 14139 19659
15259 6730 14748 7496 17865
1093 7585 294 10953 311 15284 17679 11542 4860 1173 11
10317
15895 6201
2754 19647 13643 11858 19418 17456 19418 906 9871 11247 7588 3759 5856 6679
11537 10317 11367 8773 15157
17454 8935 6174 2310 7103 12410 14592 10056 15161 13235 3666 12429 14530 19488 1244
5910
11606 6337 6771 8450 10325 6787 14894 7529 11366 15268
12058 2754 16744 17686 16907 8823 6771 6852 13110
1178 8111 6804 19138 6771
1833 6771 6249 19654 5068 12889 10546 16317
19136 9632 12999 6515 10537
18468 1965 6771 15410 14177 17830 10706 6632 10381
8181 6194 9400 4235 11077 6771
11606 10537
15410 18084 6680 16543 10278 15078 801 17310 13718 17642 3400 16255 6675 922
8935 10537 12337 10706 3756 16021 1176 8111 19164
6606 19418 19086 10278 14630 4144 10537 6464 6464
19547 19136 11542 7003 3005 16760 12681 16755 8102 6448 10317 12240 6587 8503 11573
17642 10684 14878 9263 15601 12334 17274 7291 1338 9248 7233 16204 2812 17816
6675 922 2754 6675 9756 10317 17642
15932 5256 6675 17509 16595 17329 12221 12932 1400 8578 6515 10537
11542 12276 11573 18438 7530 11606 13407 12865
7526 3296 16317 1833 13191 18542 10961 19164 12177 3785
17325 13332 1372 3567 1073 3296 6582 923 16317 8315 4232 11359 15508 11453 17771 11542
934 3621 12725 9803 1497 7003
577 16760 1497 10958 17259 10468 12103 10684 3068 1626 15949 15798 12725 11542
8643 17950 4535 3756

14139 10233 1497 8795 10151
6852 18438 3756 6685 10537 10740 6852 13110 6174 5856 9926 10740 6675 10469 10740
934 5917 947 19138 8240 7233 15145
11573 11807 17107 2058 17166 5108 6257
17445 13235 18891 8116 8863 12410 16286 15601 14748 2364
8116 8863 10712 17444 9445 12934 11118 18304 18700 8215
17141 8945 9646 6359 4737 4971
7586 15209 10485 18894 9760 7003 11573 4741
1026 585 6027 4013 11841 7576 14748 15482 10480 6448
13191 16299 1907 4620 5100 18755 18616 5917
10961 3303 3880 4239 18891 9685 9756 3597 7698 15148 3787
12276 972 11542 10700 18106 10155 10835 17985
1474 4905 7700 1576 7710 18981 15104 10657
1626 1249 6193 15217
7347 7359 4873 7698
19737 1242 19568 15217 11542 1544 6448 6533 5403 10064
15401 10123 568 6464 10700 2058 2317 10700 9279 1833 10443 15798
5075 7526 16572 12498
16760 11542 19164 568 525 5364 2820 14139 972 10706 16094 11349 7654 1568
912 11542 10657
11670 15398
15169 18043 9211 19087 19136
10539 3774 17720 10481 7822
6804 15131 19136 19618
6675 10317 6771 3925 10804 7822 8791 6174 9926 16595 14666
6771 14139 7698 18442 8685 5856 6679 9400 14360 14139 6384 8791
6771 7003 13603 12410 7577 9756 8784 14359
6771 2754 13941 5854 8116 8465 17830 4805 11453 2754 15410 4822 18689
934 3925 6431 5349 9279 15584 15217 16460 17645 8413 18273 17989
14139 18542 6771 8116 3679 1173 5803
9756 14196 3137
4239 11863 14139 11588 6771
9027 6771
15169 9648 10727 19725 771 930 10539 16429 9686 16914
5098 11863 6771
10537 16760 19648 17642 9632 12999 12410 12331 17274 15104 15208 9645 10537 16760 16760 7343 7343 14139 15406 6562 4406 10278 10961 16978 17679 6771 3846 7343 13499
934 10537 16760 18303 10906 9632 12999 1893 11671 15208 9645 18981 7588 18716 17989 12888
18867 17989 16760 4809 12784 9263 18771 16847 11005 10537 10278
2440 12276 16660 7129 15268 7496 12276 4333 13907 952 1367 2754 10637 6675
17304 13591 14139 12490 7677 1989 2308 15557 2087 15001 7539
6771 2754 4010 10709 10537 10634 13341 13342 1982 10709 10537 8685 2252 1338 9248 10958 11606 16853 2249 6465 787 6217 1848 3491 10644 10937
11670 12276 1833 5449 14900 10537 17141 12276 8685 10548
1961 6405 3296 8945 11657 13000 2474 12888 9646 18981 16285 18376 6098 10700 12276 1965 6787 6183 4233
18213 7467 12276 11332
920 8388 15284 8040 6529 344 12
6852 147 11292 9914 9756 16907 4618 3946 14065 11542 6812 15782 12264 9756 7526 5910 10278 6276 11542 19083 19136
7696 2309 10684 3068 5156 19179 15207 18981 7698 17679 1583 6348
10469 19648 4946 18568 14359 12331 17274 4868 11044 6193 11807
17137 11542 7747 345 13 11143 12276 5554 19235 6787 6183 15410 7977 1758 18270 10634 17114 10317
2912 7698 3082 9756 5549
19083 15398 7698 9632 12999 7654 3134 9990 269 6174 1982 7593 10537 7663 15398 9756 1120 1643 11542 2317 1654 10074 16257 7747 7822 14671 4302 13408 18155 13851 12376 19442 12414 7529 229
6771 2527 1620 8243 16839 6693 6144 17056 10048 14118 7576
10156 9255 6677 6812 12929 11233 8491
10537 6787 10317 952 10480 7129
17683 6174 17718 10684 3068 18375 17683 6026 2912 9646 18981 12888 12882
8543 17310 18981 565 2942 8550 18981 527
2942 9645 19453 17122
6257 1591 15221 15170 6771 19603 19145
13529 7698 11542 19647 10519 14748 12058 1909 11542 9756 16069 14991 16233 17787 16306
15541 17304 11389 10278 6183 4406 10537 9468
9273 11375 13002
10537 3760
5276 327 19725
15593
10549 7233 7233 10549
10239 16796 10537 14894
922 922 11454 2192 13919 6968
9756 17127 10317 6852 3067 13021 2272 14118 17679 16601 18716 6193 4547
16266 14139 10318 6771 6430 15503 1236 14657 8685 5856 14139 18697 3375 6515 5851 2434
9756 1115
12882
6051 14139 19086 1551 1850
7196
12276 1965 11573 6183 17124 1965 11542 166
17269 14647 13071 11542 14139
6852 7598 10804 1406 1120 11542 14958 7343 10480 10317 6562
10804 10115 10804 11128
14139 17009 19145 11542 1171 19418 14106 14666 1173 19647 16460 11542 10123 12932 3789
8064 11542 2474 15221 14718 3562 16032 17985 12059 8857
527 934 14411 15206 9509
12999 7822 9633
17720 4822 9029 2317
9756 12337 7526 327 15284 13443 18584 10123 565 12999 9871 12762 16306
12276 10472 4656 11006 3756 5078 19164 3647 11263 4804 17456 14063 9265 14118 19583 16586 9409 5622 2574 5639
527 5349 7822 15220 947 15221 6501 3922
14139 18438 10417 10999 9926 14738 10895 13191 8494 14139
1757 9633 19737 720 10616 10408 15406 1907
7698 10358 4973 11542 9756 15407 5431 15407 10073 10402 11606 13220 11671 1843 9445 5478 15496 16485 313
12319 19064 12276 1604 6771 9756 7088 2754 7526 17779
12707 11542 7698 12276 9277 19145 14129 17498 13648
18314 13648 12865 3082 17325 13593 2734 18156 4232 533 11588 1306
16929 9279
12276 2754 17499 11599
12999 11601
9645 4939 14118 3163 11542 7898 14576 3082
7299 10144 3082 15401 4939 17742 5047
12276 15411 8403 10566 14359 10145 11812 19089 3082
18948 11542 10706 7822 16887 3068 4944
8064 12596 11542 16069 10317 9836 5433 8283 7680 5299 12206
17305 2832 5693 14921 18170 15221 16151 18079
688 2967 3881 6771
4684 10706 10381 6635 11573 1835 18040 16760 10644 10073 4360
8543 19565 3612 11247 12886 17048 6675 6771 16899
10546 13046 3287 4812 8685 5856 16266 18507 8685 3796
17683 6119 11884 10804 1497 11073 2754 8795 17642 15947 838 1372
4890 7822 6675 6771 17718 15170 3016 11453 579 15938 19136 6771 11997 19136 2754 7526 13941 16069 13115 19603 15946 19235 16794 3619 6677 7526 744
12276 19565 11542 975 2474
17718 15259 6730 11542 10537 5856 13831 14082
14748 16595 13794 4062 11542 10537 19326 19164 6107 13793
9632 13831 4728 19136 12316 10537 15104 17989 7505
9756 1551 15401 15208 15104 1833 18981 1620 400 8963 18968 12646
1026 585 17718 15755 10335 15319 16332 17212 7228
16429 9685 17305 15895 16760 2474 6587
17686 6144 17056 16488 11247 12276 11542 2754 7644 15319 12058 15375 3220
10740 4946 14359 3756
6771 18968 17047 3562 18126 19164 10511 1065 13319 7347 11155 15557 4866 9756 7737
9632 12999 7587 16233 12888 17642 1026 585 18730 13392 15435 15208 9645 7587 9859 12888 15104
6771 4684 16429 9686 1965 19573 4531
18730 5769 5468 10317 3296 9938 16766 19502 4973 7822 527
6562 6712 13477 5743 2754 4684 15398 1338 9248 2790 7898
327 12
19278 19145 6771 10556 6337
5542 9929 11542 13111 1306 14359 3756 8685
16261 7136 11467 6151 3828
12538 1371 15169 1835 3902 16760 10350 17899 972 527 15977
5910 11542 6677 12620 6693 10517 16258 10539 2962 5851 14584 13111 3082 15741
18542 5067 16914 2474 3296 11463 18360 1835 3801 16760 11542 16257 1848 14351 18600 5851 14887 3466 14174 18737 14569 13407
14139 10318 5971 11542
3573 7737 11685 12367 12253 2530
9632 6554 13938 7977 14878 17022
17165 1904 10402 14307 8784 817 12331 17274 1885 8696 13918
15957 18981 7747 10402 9445 4431 15584
12707 14431 7586 8386 15284 6284 10383 429 18375 3756 13644 6348 12389 10999 14139
1026 585 7822
12504 17212 9279 10546 19136 6771 10706 17683 10958 16752 18716
6719 9839
207 8627 10278 11858 7526 1620
8675 19131 17816 14568 10709 6970 11542
19365 11542 9815 15173 6718 9839
19668
14148 6174 19138 6026 18258 17720 13342 15208 9645 11203 16257 18071 7737 15435
15542 17718 10317 11542 11807 7526 10278
10278 7233 10961 5315 2924 17720 17859 11542 18376 10005 17978 19131 17816
7343 7592 12242 7680 1306 15398 16711 7529 18303 2007 17782
1909 13332 14671 6771
2754 1165 15938 14738 11439 10073 10528 13521 6515 1370
13477 6924 1989 6365 3787 3974 11804 13341 14118 5917 11481 16760 10350
9279 15755 6771 6353 16881 13656 6658 3717 6970
19164 16286 6540 1328 6771 7585 14064 252 16593
13611 16410 183 11233 963 10482 11126 1989
13520 147 11233 19278 2912 5075
14588 16410 5426 18228 8116 4232 16216 4053 16914 8856 6492 10804 10247
8240 11606 8751 6272 15398 11542
4404 8616 14921 12377 11542
2310 1879 6759 7585 3044 15911 16410 85
18266 16313 10317 19145 13304 2317 9756 9984 4828 12337
10539 1345 6787 11807 16766 2754 7761 12306 7022
11807 16261 7529 17686 6010
6693 10317 14118 3396
11005 1893
14139 594 4557 2924 16799 14020 11726 13468 19535
7927 12276 19164 4850 11542 12762 10740 15584 10402 19138
8871 14065 18731 8309 3224 19136 11542 10895 14064 18095 14819 146 8627 10278
2317 6771 6183 15410
6491 3844 13235 17816 8784 12865 13407 6771
1468 10644 10700 6771 10480 7347 15060 3378 3378
2754 14752 13441 11542 8221 6193 15922 3068 2481 15496 4713 19013
12888 19467 568 7585 11060 6400 17771 6771 6174 7526 4821 17686 10517 11416 17816 13443 12548 6771 2721 8349
6100

