369
9926 18731 14900 3602 6812 6515 15755 1013 6431 3158
14139 10318 11542 17718
12276 7822 17680 527 7822
6198 13163 12707 12886 579 9871 6675 9056 15949
18731 17683 16682 2844 17683 9669
7822 15541 15221 17718 1907
15031 7742 12226 7707 15031 7742
952 12276 6631 568
13163 9993 10740 11542 18228 7526 2844 1620 6682 16458 19399
18303 7822 3163 17889 13732 13182 10084 923 17989 11409
9756 15169 11542 19735 930 19086 15398
920 11858 8106 19086 15398 11542 14748 1568
4421
11542 10402 2058 6201 17683 12865 5969
351
19418 639 12321 1916 5969 15120 10537 11573
11542 10644 10076 4152 6448
16682 9803 18210 15319 3068 14118 10278 16818 11858 7089 11629 16299 7319 10350 6174 15121 11409
7585 11542 18303 17782 18295 5910 9802 18895 15857
8643 19474 4940 10402 1620 16760 15032 3068 16701 11542 5971
5841 4740 11884 15837 8707 923 7228 11542
1909 16682 10958 17133 6337 401 13152 10684 10537 14878 16701 10689 7319 7977 8855
6675 3690 19647 1909 14064 11542
15410 10804 17830 11542 2481 12030 11863
12231 10233 1877 6852 253 11292 7319 5916 12 2871 1013 7742 7585 7698 12889 14139 7465 5573 10317 10804 3602 10514 19164 11186 15387 5439 6812 6801 2007 15508 15242 14139 13499 3604
1000 3602 952 15114 2873
1982 9756 7654 19599
12889 6852 14059 9756 13099 13656 19088
9756 18730 16766
12695 2433 1879 7526 1620 17889 5910
17680 8102 10706 11542 10519 5016 10519 1982 11573 7496
13334 19164 18123 16760 10350 2912 527 16682 2844 9800 11542 7680 15031 7742 10485 14139 16899 12882 425
15324 4375 2058 1982
15221 17310 13110 1708
17679 10700 11542 7654 16074
934 12240 3380 10317 11406 3132 4445 4445 7530 1620 6533 17720 13740 6437 12321 16391 5910 2058 5450
19302 15073 12596 11542 7698 11542 1848 12276 1965 11573 7496
17122 19087 15398 11542 17609 14139 7592
3082 13154 10315 6852 7526 9926 2912 14139 6675 6198
17720 9726 11458 1013 16682 2871 7822 3163 14359
17057 15337 11884 5067 7822 2916 14823 16269
11542 19418 17136 7698
10539 15169 3082 19573 8524 1708 1013 7233
13154 1013 3612 17889 5910 6431
15031 7742 8615 6174 16030
7822 4531 11904 11542
18731 4276 3158 5450 11409 11542 579 5971 10804 7822 527 10317 568 6119 5841 16730 16682 2870
16760 14139 5349 9279 5970 7698 18299
10084 11542 10317 14900 3602 10317 12276 6119 18317 10537 16760 18303 12942 9926 19418 5910 17889 1961 5445 14139 5349
7822 11127 4737 11542 19418 7526 19488 11606 4280
4229 16907 10537
9930 6771 14148 8784
3082 16257 9279 2912 9756 8001 3881 9756 11863 565
17654 2754 8863 11542 19365 9756 1120 11107 568 19379 12889 920 952
15031 7742 8064 16258 14052 8240 6174 17720 15409 4055 4540 1309
11473 11606 15073 13036 15911 16627 11082 5542 18537 13191 15794
10961 4229 16907 10537
9756 1120 11542 8503 8125 14416
5098 10961 6337 8382 8382 14065
920 12030 7319
6812 7698 3602 8503 10056 19725 13588 13593 7496
10700 7698 3604 11670 19164 8121 3272 7291 16371 5711
1120 12276 5552
2719 3604 14900 6771 11831
19131 17816
12030 11542 13151
11190 752 10740 19399 18870 13507 3677 19197 5084 15003 11785 15741 10912 2007 17017 12206 14590 6815 19399 19089 5276 17778 15003 2821
3612 15163 8315 7526 1242 5478 19365 18183 16760 1881
14139 2317
4229 16907 10537 12276 7319 14900 3604 13249 7299 4535 10292 10478 10851
16945 9403 17467 10537 9618 10549 4232 17341 7319 3729
13191 3974 6011 9815 10081
9726 11458 16682 2871 15031 7742 4737 14882 10831 17918 9818 1640 7526 2959 6533 3819
16682 2844 2711 8738 14101 3515 15873 18126 19399 10287 10537 5839 9726 11458 1367 5276
5816 7207 10292 686 9527 15461 4535 6357 13154 15031 7742
10833 13593 10123 12485 10537 9282 12534 6532 11827 19573 1402
11190 11542 15071 2058 14233 7319 15221
6533 15947 7192 10964 8413 3729
4229 16907 10537 14900 11542
934 3604
16760 5839 1109 8738 2711 11670 7526 5276
2711 458 11541 8629 6193 11904 18963 1708 16368 16760
19418 11044 9527 14718 1488 10740 19418 17415 2711 4531 19541 12276 11904 16566 18731
8643 2711 16701 10537 5839
11542 10523 18299 7588 1497 5985 15147 9800 6007 17813 5910
7319 3375 4972 9800 9276 8382
568 7822 12276 13503 5016 3068 13941 4013
7822 11542 14360 10537
8675 2912 16682 2844 15031 7742 9726 11458 5841 16730 9818 1640 10831 17918 16870 11204 7612 13456 15324 4480 7010 12605 1591 15949 7654 12061
3068 15409 13485 6122 13144 18737 15914 17816 15337 4655 1242 6174 4248 17003 920 952
6260 776 16132 7742 19098 19502 16730 6198 5349 1982 19573 15406 10517 17325 2844 12716 945 4162 10770 952 9756 8106 1335 5985 8054 8524 10395 13241 7010 9259 10709
12536 18473
4229 16907 10537 12276 11573 2754 19136 11858 7526 2310
5841 16730 15031 7742 7822 12303 3163 15714 11542
947 16760 10350 16267 13443 1647 3053 18317 17619 16766 11884 15398 4944 3082 8413 6350
2015 6540 14900 3602 4229 16907 10537 4684 6257
952 13036 16682 2844 12276 1592 7319 3600 258 12240 18944 12206 14878 11542 12319 11863 12943
16701 16682 2844 3100 2481 11863 15837 10740 2504 10537 10278
11870 10537 11542
10519 7680 13191 16760 5657 7022 11858 10171 18536
7698 9633
10317 10804 11573 15410 16596 7822 5916 19179
7742 12882 14878 2844 8413 952
5841 16730 934 7698 4229 8615
13591 15949 6198 1843 18375 11542 19278
15949 7822 17549 5743
12276 17679 10698 9467 16269
6193 17816 15169 19087 16010 15669 8215
10961 10402 4341 3187 524 15161 10278 435 8019 19302
16701 11542 19624 11885 19603
16391 5910 19278 5552 9756 13120 14738
6467 4445 10640 19545 19418 14100 6608 14313 15584 12193
9926 13255 4568
10999 15542
19618 2754 8863 6273
15217 15031 9756 10482 1672 16069 11511 19196 17806 12663 5660 13108 5506
13108 19136 9756
1833 5841 16730 11734 9701 574 7291 10278 10537 7592 15031 5910 17889
17467 7576 8064 10550 2711 7881 1591 6464 2223 4255 5971 6771 11606
6693 10317 18578 15837 16760
19083 7526
10350 7582 19418 19086 15073 5910 6771 19086 17816 10278
12226 16744 6835 3158 13821
19418 18438 19138 6771
7698 11542 9033 7319 11542 15541 15508 12276
1176 5985 6661 10700 775 19136 17718 19365 10804 7319 15221 3880 15541 10804 15541 15221 3880 7319
19502 4974 13391 15508 15221 923 7319 12290
16760 17502 18716 4314 10537 15949 51 19723 12240 2373 10537 82 19723 12240 1619 10537 2380 6608 8738 19399 15406 18838 5276 1213 19475 8738 10961 934 7298 19399 4890 3809 662 8738 18156 17304 10229 15396 13630 12984 3833 15949 6826 7822 17136 5910
17032 13169 988 11542
18210 8382 1540 14666 11542 16267 19111 8111 14491 5971 11542 1965 13795 16748 16462 8238 17138
11542 6245
4229 16907 10537 11542 12608 13941 10084 10747 11499 18802 1568 4337 8707 16261 8969 4862 13407
19365 16682 2881 15031 7742 3068 14359 4944 8567
13588 16682 2883 1965 11542 4531 17598 16094 12707 7742
2881 10223 14506 18730 3068 15337 8315 18687
17650 18508 12159 920 7053 15221 15510 6675 11329
6119 10519 4449 17330 19399 8738 17325 12769 19044 8274 15221 379
16701 10233 5865 12159 11770 15221 5985 8735 14198 14450 3139
14139 10317 9725 11458 13529 5841 16730 9926 9756 16261 10832 17917 934 14139 13529
18731 10317 14900 3602 9871 14421 10402 253 19723 18944 1982 7442 12943 19750 12865 12242
18295 19136 14106 9926 8103 11542 5841 16730 16682 2872 4536
15217 7022 10644 10073 7822
7747 17686 4535 16889 2754 9871 14352
10961 3844 3082 6812 1488 9926 3630 195 19723 12240 10714 10318 19136
10537 11542
15410 10317 5423 17830
15410 15430 15221 10804
15217 9528 8629 6554
10537 8095 1685
4144 2754 10358
11503 19086 19136 2832 16682 2844 5743 7530 14114 7654 2908
10318
9926 10804 17830 10384 17683 3493 16033 11365 8401 4597
3506 1822 9034
19650 12865 7822
2916
19618
10539 6198
11606 17315 9642 9881 10517
14425 7431 16618 15217 19169 19583
14475 7977 3099 8357
8675 16583 17847 14878
16595 6826 19547
10537 1619 1032 17852
10537 1360 7228
7751 7526 11727
2429
10419 10036
8685 18764 4540 10347 15950 4705 9818 1640 13860 13856 1394 15217
7822 11542
14016 2346 5591
17720 11542 8413
10644 2058 11378 13775 10292 9926 7526 9668
14980 17680 17946 10317 5155 18511 11542 17458
7136 10081 10528 2845 15496 8714 10317 1328 9756 11766
14106 12865 3711 16760 10350 5693 8714
3325 14894 8714
18217
6812 3016 15594 17952 2058 18394 19136 6533 19105
7800 5155 9756 2058 1591
12504 7319 11542 19603 19136 15375 2312
8543 14139 10318 11542
14139 10644 15496 14139 16878 13235 18228 10700
15800 18696 5409 10537
13220 14139 7319
2912 14139 5971 19136 9027 9633
9818 1640 934 7698 5694 5841 16730 18156 8356 15031 7743 3100 17680 19573 1120 7977 6815 19164 10317
10999 14548 15032 3100
9926
16682 2844 7822 9633
7529 686 15031 19399 3133 5910 19235 14604 7654
972 14900 3604
11542 6852 17720 7680 18227 8116 7319
8643 19164 1982 6183 6338
12882 2121 3604 5445 14894
1965 12888 15031 7742 13159 9527
19179 10370 11542 17718
13191 6975 11885 8495
16317 7698 11365
10308 5693 17946 12022
11409 527 17946 14139 17304 1568 11542
5917 7822 14148 14139 17939 11 16583 1568 14064
11542 12882 10073 11542 13443
9926 6335 19278 15398 6771 12058 19138 17742 17830
19164 7026 10519 5016 16760 10358 10706 9279 568 10644 3082 1907
6119 10317 3068 51 19723 12240 14823 9675 2219 17683 13163 3068 14118 13317 17467 2373
16682 2844 15800 2754 13152 15541 14882 15031 7742 12882 3220 3068 13155 9527 12645
10519 7319 11409 15541 8259 15221
4421 16392 17628 6753 16310 6771 7822 8452 17479 664 879 19278 19365 6533
3082 14351 11884 8239 9056 16755
4684 14196 11542
11542 1757 7319 11542 3132 16493
11542 5463 13916 1757 14952 10292 6533 7529 2310 10485 16355 6174 6953 3132
11542 8464 11719 8215 12086 17830 6519 15755 2317 15221 15337 19654
568 15406 1965 2754 19573 3082 14502
774 566 13159 3082
9756 15406 6872 14878 3082
16701 12231
12276 17946 277 7319 11573 5688 15659
11542 19418 2811 16595 18662 16760 7822 12889 19418 10700 10073 10700 6675 7698 10700 18324 5969 6193 15375 10151 2902
6193 12860 16410 11542 19603 18217 18324 10317 9871 11573 17679 19418 15046 19136 11542 6852 17816 6183
12396 7319 6053 5917 3787 19418 13856 16120 6464 10472 17816 16122 6174 19164 8524
568 14139 7822 9633 3786 10903 6119 16682 2844 15031 7742 16416
19474 955 7529 11863 6193 17816 19136 9671 1363 14139 7822 3287 6348
24 7654 19136
19596 16466 4229 16907 10537 12882 17865 11542
10537 12157 2754 18794 7468 762
1879 17720 7319 9871 19549 7680
7654 19136 19597 5910 15800 3848 8413 19164
12276 1965 5919 11542 15410
16682 2844 7822 565 15800 16220 15046 15837 13938 7319 19164
15031 7742 934 13163 3068 12884
7299 10307 11542 12490 2912
14201 7233
19603 11416 9756 5917 15398 15031 7742 15725
16794 12276 1965 6787 15410 14177 19725
19278 6339 9756 1120 3180 6939
2730 920 3719 12348 6679
6852 16658 2912 11542
16682 2844 15031 7742 9726 11458 5841 16730 10831 17918
6339 15886 4480 14118 10278 5100 19136
4229 16907 10537 9018 5769 14900 3604
11727 5985 17037 16760
15031 7742 13319 5016 14878 9926 18513 14721 6061 11047 14748 7576
11997 14878 12276 16601 8111 15046 9756 5271 4659 13956 8494 16627 5495 18324
15033
10197 6141
4229 16907 10537 9027 11542 6213 12086 5856 8116 13588 6198 5803 7587 15771
10539 11542
7319 17212 8250 15794 3068 7904 10948
10537 16682 2844 972 9633 12873 18730
15031 7743 3082 18068 972
9726 11459 3068 7822 9633 15797 5024 3833 10537 10850 2754 16266
5841 16730 17212 7319 4421 7822 9633
19749 16269 16682 2844 8250 648 14139 596 11542
5917 579 17137 17122 9756 11858 18731 17137 14900 3602
12030 15120 12030 8972 14075
11542 920 146 8627 10472 6675 10317
10040 2912 13794 3082 17889
3082 16755 14125 10709 7822 11542
3180 6939 9756 19541 7742 2845 3082 14359 7319
7822 11542 1171 19136 13321 4229 12865 14139 10537
17140 11542 10804 10247
15130 8707 11366 7892 14129
16760 15409 16495 10402 19164 7677 13110 17830 19737 10746 4232 7299 7467 6175
10077 8116 17608 10472 17817 4337 8707 12221 7529 4327 7680 2832
19733 4337 8710 15409 3597 17556 16682 2844 11574 1761 10706 11542 7822
7822 15496 6335 10013 2612 1563 11954
10482 11542 11243 10278 13505 6010 19164 13588 5969 12276
568 13316 3082 13191 18299 9800 9279 14139 4659 16760 17127 18771 17013
14125 18590 12943 18005 10537 18543 6010 14082 5183 8707 4229 16907 10537 16809 6562 14320 1339 17212 14900 3602 3877 1011
13445 16682 2844 613 12289 1592 1023 17985 7677 13399 3604 12276 6257
16682 2845 7717 1489 3841 7378 15541 11202 4767 15031 7742 613 13170 1668 12504 11453 6771
4229 16907 10537 18566 12429 2942 3004 7001 2139 15837 18741 5149 8197 15837 5898 1238 19738 13332 5017 15564 1180 9019 596 10245 6273
11542 19418 9800 7930 17771
7319 17212 16760 10278 11366 18316 10537
16682 2844 13163 7822 17027 3068 952 14102 3062 17149
11100 11697 19190 8077 19749 10740 10145 17679 18303 13030 19541 7289 9158 10740 15435
11858 12240 10142 16261 11863 11858 19749 10537
11542 6765 17138 10157 1497 5558 2903
10537 952 3368 16266 4229 16907
9699 10537 952 17140 6119 14266 10278 17816
1965 15217 11542 17136 12726 4445 6815 4537 2377
7319 16868 934 3728
5841 16730 14878 533 972
6518 10537 51 19725 12240 9836 1488
934 11542 16069 14714 16673 16959 5016 1488 9142 4241 19650 2396
604 15589 16912 10947 19164 19654 18508 17680 952 19573 12865 11807 6007 19489 9756 7299
10077 10528 15577 11409 11542 17982 17508 14139 16907
17720 15131 19136 9756 1120 15878 6771 16682 2844 19659
19656 14900 3604 10485 10278 16685 3068 2711 19203 1367 5276 19399 16306 10915
15031 7743 3068 9527 15411 2711 5243 12204 8309 1848 1982 10740 19537 7319 14604
6771 934 10485 51 19767 12240 16274 4352 82 19767 12240 1613 15944 934 6010
9756 2474 8243 19100 6771 2474 527
16682 2844 2474 15031 7742
5971 6193 11291
1965 14900 3604 15410 4531 8076
6259 5970 11542 18318 6338
6852 6540 16682 2844
934 15031 7742 1242 12707
8643 14060 11542 327 568 16267 5970 13191 11409 14139 7698
14900 3604 7698 18213 7215 7319 13154
4144 10741 1551 1684 12276 1120 19164 15398 14900 3602 8643 16566 16094 11409 14139 10644 16120
4229
16907
10537 2058 11722 17122 934 9201 12725 18213 17989
4229 16907 10537 12234 11542
7319 17720 7698 13191
14430 7496 3604 11542 11997 5445 5016 10537 16755 923 7319 12725 9756 10317 11542
6631 3068 11542 9606 5841 16730 7822 574 13154 14885
15031 7743 3163 579 1907
10537 18303 3719 5016 16755 10366 17889 18005 11190 5910
14196 11542 1171 10323 5445 6771 7319 16760 10350 13191 2912 11073
10537 4229 16907 10537 4229
11542 9872 16907 9034
19145 18043 17720 7696 15398 14900 3604 2754 579 17499 16261 10537
8643 17985 17499 1173
6119 5078 3719 10514 3975 11542 5841 16730 2481 15031 7742 12695
7588 252 13241
6852 12276 11274 11542
15375 12276 5075 17501 16760
12059 10519 6781 6174 6490 12707
17690 13235 7677 16682 2844 9726 11458 3163 17982 10480 10317 4138 12929
10056 12276 7586 15031 7742 8615
5841 16730 10519 6337
16701 10485 10317 8382 15247 7576 5657 1488
15031 9756 15601
1176 16701 7698 11542 9856 17816
14139 14314 19135 38 11245 11542
7472 16760 10350 3663 6174 14718
19737 6174 6976 14125 1907 19164
11203 19179 18227 4291 15584 7199 16197 10278 7319 15126 19164
19737 14497 11127 7698 19164
7319 15217 13950 10056 11247 11542
8643 12276 10350 14139 16878 11247 6872 17628 6174 19179 6365 11011 15337 2711 19203 17899 5839 19203 7592 17233 1610 8608
10350 10999 17679 14354 16760
162 1965 17950 11542 10350
15170 15410 16760 11710
5014 18295 5910 7136 17982 13110
11542 17978 10233 14196 1165 19135 17816
19365 6292 16760 14139 13283 12337 11961 15221 10700 10058 8942
6338 1982 11542 18295 5910 7136 13856 17889 7059 9756 19086 18295 14318 16760
10233 17325 12889 16682 2844 7698 7529 669 13608 6771
9734 12231
9818 16094 14881 7698 565 5841 16730 9756 10517 12276 6540
10999 15542
15031 12231 7529 10402 15282 7698 6900 13153
16760 18463 1982 17899
16682 2845 19752 4536 14139 7698 574
19138 6771 3134 14012 1866
14588 2912 12231 7585 12231 12889
10537 19399
10233 15170 10537 19399
15131 2503 11528 19138 12024 18028 19136 15668 4557
17931 19427 18155 19136 4229 16907 10537
11858 15410 11542 13443
3082 10358 15949 3597
19136 11573 15398 16259 425 16259 3170
19136 11573 6007
11542 6562 6010 14738
16682 2844 5970 11606 253 19723 12240 18944 1643
17679 18314 3068 2754 13793 6771 6562
6065 6694 6557
4421 19749 7977 12242 769 7977 12240 6436 19749 6694 10537 9276
8570 6771 7680 7654
19278 12061
10151 12024 16760 8643 15120 2503 11528 3292 10864 9953 1062 10166
11542 12030
405 14059 1
