522
429 10539 6193 11291 11542
18731 4229 17363 11573 12276 4684 1965 12276 15410 10472 17816
568 13029 12886
12504 6348 11542 972
6852 19278 19136 2058 15967 17720 5910 10157 8626 11542 213 8657 11542 7762 1474 1879 6174 19083 7526 7654 1782 730 11332 16261
18731 12716 11573 12030 2754 8125 15147 12276 4684 17946 277
16317 12882
7747 8524 5349 14530 10539 6174
12504 8396 14196 6771
6852 19086 15398 11542 13264 14414 10644 9544 7155 15107 9525 18303 13539 6631 568 13929 17368 7822 5075 2502 15169
7592
429 12276 1965 11573 19723
947 9544 7155 17946 2034 6771 1179 7698 19488 3255 19074
16726 6193 15217
2474 527 7822 3601 4741
10213 7822
10523 2159 16261 6338 13930 11573 7822 16760
934 6335 8239 11710 19565 149 17830
4289 19074 7526 12414 12888
7526 11952 1965 13036
429 11670 15398
17467 7412 13120 15895 17467 17544 5080
15557 1363 17363 11573 11858 16951 6297 14628 7739 6713 2740
8823 16760 1258 6771 19164 10472
934 10895 9468 14305 9879 4248
10156 18303 10684 13593 645 11126
6852 15170 6771 3002 18303 13959 12865 12276 13957 15922 6257 15798 12030 18796 3539 15158 4341 16907 2577
13878 8108 19353 13957 1459 13964
2108 17622 11059 2516 2110 15054 10804 12093 14414 7452 10084 8802 13420 9905
11858 2007 2515 6540 10151 11858 7377 13523 10709 16609
6693 5084 19145 5818 16629 5910
19179 16760 4342 1013 18932 1989 12639
2754 15512 6730 14129 19737 12826 1951 18005 18932 11542 10958 10742
19488 7698 6796 7007 1120 11876
16298 7442 17360 11416 19132 8994 5905 10700 18099 4813
17683 13110 18932 613 16760 2902 11542 16231 18932
13191
19733 8984 2159 1013 7971 10999 2420
14234 1371 11542 5346 19131 17816
6338 11542 1575 15911 5075 1575
15060 11350
639 7698 13241 19474 19132 11416
17772 13159 14035 11657 19287 11542 12276 15375 17329 7680 6812 16258 11877 15375 9914 6225 930
14139
15046 17679 952 18721 19211 3679 7698 11573 12276 8388 14064
12058 10706 19545 14065 14139 3597
6338 11606 7698 568 11542
11858 6338 15107 9965 9525 10213 4985 9544 7151 11542 8589
13903 17360 11812 18420 15541 14321 5067 1120 11542
11542 13965 7529 7814 18721 11710 19565 12532 18932 19353 11084 17973 9863 2075 11084 2075 11084 17312 18822 19353 11084
8448 6771 15240 9740 1213 94 11529 19286 14748 4107 19193 12239 16326 13135 10278 13431 19090 18288 6881 5626
15773 8418 2718 17777 7698 11013
15165 7765 11542 3255 19074 7518 2353 8725 9544 7155 10482 18394 8605
10278 18438 13680 10214 4985 17304 12707 7191
8675 16976 11542 12748 19226 16596 19549 17363 19455 14180 11542
4810 2547 732 12865 16930 16024
3017 15911 11573 11606 1982 9633 1273
16343 19287 16914
1965 12276 1273 5743
15141 13317 3082 15949
11542 7319 11409 7483 2719 3604 15140
16860
13627
13627 16414 9668 14748 5372 2159 16362
17686 1620 13538 19573 16596 15398 12783
14180 15409 16978 1497
7585 10894 19086 14748
12276 19575 14906
10151
15409 13698 11542 8800 14305 16204 1850 14129 11606 16279 6338
11993
16462 855 13695 2971 19104 2335 19145
19647 11938 17939 18201 19104
7680 12414 19456 1530 4619 19136 3717 5101 5152
1643 10277 11914 527
1843 3368 7680 8956 16760 12596 16746 19145
15165 18201 7526 6562
1909 19647 12 10358 11274 10700 1909 18210
8450 2575
10537 8447 6734 6731 8449
11542 6519 2942
7639 8447 4107 11203 15557 19123 4442
2693
15911 14106 17680 15170 10958 13264 756
11993 9036 3287 18894 19136 10472 5985 774
18474 17857
17720 429 8803
12231 5283 7529 4138 10229 7953 13152 9866 148 12865 19488 6183 17312 2594 14588 11542
11096 17310 214 12865 5910 11542
9756 2721 14009 18863
3256 19074 13529 7785 3068 10706 7519 7822 951 12865
19699 18336 5539 8167 9110 7519 1848 19601 8699 8450
12936 17683 9756 17991 16929 10700 533 3604 7927
8543 1909 9346 3068 6771 12276 15107 9525 13163 12113 7107 16021 2766
3068 9346 16887 6771 11112 7529 15221
12058 2754 6804 15170 13903 17360 15818 12548 5075 17830 5640 2719 11542 7698
9756 527 10868 16593 6174 10233 19136 920 17742 7282 8627 9756 9856 2032 11 11542 2754 15170 19603 19145 15730 5075 9756 7291 15816
19418 1982 19145 12240 9609 10166 11542 16261 11542 7698 527 10216 6812
9544 7151 1643 527
7698 14139
11542 2583 13888 15410 13538 11573 17325 13964 15800 1173 14118 10937
11542 4735 11127 11203 6335
8491 3975 8064 11657 10528 4971 10556
7698 2912 17718
911 2912 13588 3240 16595
11858 5098 15107 9525 11542 947 14193 6852
10216 4602 13163 18914 7605
525 1907
6501 7698 16760 10317 19136 6771 16809 1540 13443 6119 19288
6775 1833 15220
14194 7785 17579
6771 19164 10472 2169
16410 10056 8028 8626 9756 8578 5910
13283 11542 13283 565 13152 6255 10213 4966 2803 7698 952 13152 5283 2541 5427 15820 6119 13283
3719 18605 16760 9871 16907 6174 11858 8102 19407 19407 19286 9857 14748 16595 11542
3476 16760
11606 16907 17362 5711 10317 6511 2159 11 10740 9866 14 15221 16094 1660 5610 4901 8675 2585
11542 4860 8382 14064 311 10953
7927 16907 2083 19006 12 16100 6174 19136
7484 277 7698 15221 12504 9756 4202 19601 13878 12462 6183
19365 13477 19179 19365 5427 9881 15252 3068 553 7752 9857 19164 993 7979 4899 19038 16907 15902 2677 19399 10706 15496 19305 10835 6771 10703 11938 5693 14921 14670 15337 15173 13529 6562 6712 14118 6540 2373 7585 7698 14064 10519 6540 2380 4144 8570 11877 12462 1982 15170 10151 8391 146 1643 1643
9279 13191 16760 6179
1540 16317 7698 568 14139 1004 17018
6249 13011 5067 11542
8493 6249 11128 17718 10804 17680 11807 3371
9756 5985 3604 11366 5445
15528 6179 7698 7698 4117 11606 1982
11542 7698 9756 12882 1011 19287 16914 9006 12865 17683 6338 605 1011 5445
11542 15794 4333 16024 2075 12865 15787 4333 2083 19399 4138 12429 5100 17312 3879 10472 11542
17683 11542 15779 934 4121 5445 533
12504 11542 7698 7299 19136 16286 19164 13220 9756 5985 19287 5445 19418 10700 4821
14064 311
45 6800 14064 12878 315
16760 527 7698 8918 1982
10684 3068 12030 2075 3404 5655 14569 9871 14776 16343 19288
11658 15284 17549
3597 3422 10914 6086 15221
7956 7800 19418 6812 17946
16261 13856 3539 11831 16261 7698 14463 18896
6198 15409 7585 14077 14671 17683 9756 17360 11542 6549 10241 14515 6671 12337
18605 2754 11537
14669 579 7442 11542 12
1748
16596 12231 15949 8102 10961
10056 17513 11292 9926 19145 19287 11542 7694 1643 19648 9756 10709 2007 9663 19365 17679
5283 9741 8604 1719 2465 14736 8604 17978 3975 8604
13007 2754 7526
19278 5402 6592 18270 16299 9279 11542 2891
15742 3702 19474 15742 36 7698 5283
7707
6852 17816 15751 7954 14747 148 19709 15771 7977 15003 8604
8452
15751 8431 14139 17312 796 11858 11335
1165 7585 11542 8382 10843 14118 19545
5910 14733 8604 10317 18048 3310 9756 4179
2353 8725 8315 16021 14527 19399
17360 15830 12144 18932
6787 10317 13797 6730 9123 1769 15341 9279 12276 2754 12537 2161
18508 15337 19287 10472 5475 14467 18932 8824
6771 579 7529 6501 5946 16595 17598 7467 12888 19074 4790 16013 2353 8725
7155 11606 10223 9279 5283 12914 1076 1323 16021
17680 17304 18266 5475 4985 6005 13036 6209 16021 12586
16278 17649 6771 15006 16643 16701 14006 8626
11542 15407 15012 13240
5349 5985 14653 11573 930
2832 3082
11997 10317 16318 17363 11573 10317 8241 14035 19302 2719 16270 19287
12865 3710 12081 17830 15073 19565 11880
14139 2335
11542 16024
18719 16313 11389
7319 19365 17608 7291 12865 1771 6437 10740 7530 1825 4578
19737 9739 4277 6193 17816 16258 15073 11880
6765 18730 14274 8534 7496 17360 14779
10317 2732 8083 8403 2537 4841
10317 5283 16404 11727 14118 5283 7180 11842
10318
15407 7053
11542 9756 15407 10317 7698 8784 13286 6291
5283 18386 6780 13904 17363 10067 12189 672 2007 15319
8394 6771 7822 12889 3255 19074 9544 7155 15107 9965
9525 5988 17110 2912 9004 7107 17497 16593 5346 9652 17909 19564 2537 4841 5346 16859 980 17335
8643 15658 12888 10216 4985 4341 11109 13135 12586 2726 2765 16641 15787 18936 17314 15557 16325 13568 3322 19090
9199 109 9477 10644 19287 5283 17360 19664 15337 6771 454 3591 18542 16914 6782 16343 19287 7496 13503 6447 10480 16024 4656 16325 12901
18317 17360 6587 11542 10644 6496 8243 6430 7800 4810 18932 17967
19105
6174 17718 11542 15006 10472 9756 213 8627 10692 9276 8382 10245
17775 11416 15929 19418 5871 6026 2912 3469 8085 3679 9749 7034
18341 18932 3265 18932 2007 12312 7996 7996
7118 7862
2912 6437 1306 3287 5123 17147 17467 11258 2959 5851 15412 9087 14350
8338 7529 7576 5910 10317 9828 15711
934 6671 13055 13289
4641 11747 5075 10056 3009
17360 19086 7086 10804 19582 14274 5922 5123
1758 19164 13046 9749 15162 1120 5075
6193 5767 15161 3296 4107 14258 16067 19573
13903 17363 5283 18386 10472 11542 13485
15557 16021 12901 18716 16325 7800 4811 13016 18932 18722 17816
9544 7155 6816 9633 5283 16021 14519 2353 8725 5427 9881 15820 13154 3255 19074 8795 2526 19087 4271
5283 15820 17422 11542 18501 11606 18932 18721 11710 19565
14098 13235 5427 15820 9857 11542 5927 11247
15820 6562 9279 3068 11542 4578 2832 1169
10216 4985 12544 14878 2754 5649 18916 16021 13135 12586
568 15107 9525 5346 9652 6249 14576 14882 3255 19074 16574 6771 11097 4578 11542 1169
10482 7129 11542 6174 10143 3255 19074 8941 9123 1768 13159
8784 11542
9279 5075 7822 9633 3255 19074 6925 13903 17360 7698 9633 17312 9195 12396 9756 4055 18771 8396 17830 2007 12878 8503 11573 9756 4046

299
9926 2075 8116 17830 16024
6198 10151 8570 6198
19136 17566 533 11542
11542 7822 19131 12276 8626 17950
19164 9756 10472 19714 11190
13903 17360 6540
9544 7155 6540
3255 19074 7587 4258
13465 3862 1363 16701 10317
579 1643 17360 7874 12565
9544 7155 14740 12503 579 7526 18722 10402
3255 19074 13154 14139 7698 7979 5910 14930 17813 5910
16701 10317
15170 6225
16760 6568 10961 11606 9756 14974 19659 19164
17683 12725 10958 13154 2922 12429 5450
19138 5098 6338 8167
9756 5167
10216 4985 16658 12888 952 6174 1643 7977 17598 17360 2180 19136 15217
9839 15107 9525 9756 429 11720 18391 17909 14878
8413
1965 14878 4985 12231
5346 9652 4022 9541 14409 952 7698
17363 1965 5970 16045 8447 6730 6174 17718 14745 13191 8495 13941 18568 15216
6549 15107 9525 3876 11670 15398
6174 17718 14139 10317 9541 14409 17360 12068 18722 18303 15512 14882
2058 3833
6119 2733 10166 8606 17909 19564 6143 4022 5476 10804 7098 568 1208
10537 17360 12276 6562 17946 6174 15398 17946
947 4138 7698 17361 15221 4971 5985 15928 17480
9544 7155 16233
3255 19074 6249 18730
10213 4442
11409
15107 9965
9525 17552 8629 16021 13159 16267 18314 947 16950 16701 9419 13855 9802 18730 12930
3082 553 7473 18537 533 13443
18932 17946 6174 13878
10804 17830 2754 15787 2594 2964 16259 8217 6371
2317 11010 9756 10406 8577
13878 10537 13159 6778 3991 19761 16266 7087 10700 7698 6771
6771 15637 15577 10247
6852 5156 18936
15375 7633 18932
17690 15800 18932 7319
7148 12480 13965 6193 19353 7518 15927 16907
6748 13964 18722 9764 6852 17742 13241
15952 13191 18299 3375 15577 9756 14738 4154 18317 4951 11588 13918 17816 3876 8950
7065 13529 7698 6601 16266 7319
2754 1171 4858 8354 1230 12196 4491
10278 6011
8103
10656
18542 17363 17985
12397 7215 4972 16100 13191
11542 2317 6911 1654 19656 19599 525
16760 13443 13235 1115
7698 7977 7698 1643 7977 1643

9926 240 3082 2829 13826
6478 19365 11542 6680 10317 13825 15787
3158 6906 15797 17212 4138 17212 4549
17491
16298 17360 12157 10516 11601 11091 706 13888 13617 17551
8570 19418 14213 16278 7585 18716 16371 6787 10644 12276 7824 1343 3296
5283 5101
7188 14139 2317 11542 11606 18578 18932
15911 5075 17360 4301 11542 16299 17285
15410 17363 19573 12030 11863 12276
2159 18932 2317 3995 16760 12030 16371
8224 6371 2222 17429 1180 12865 5008
12276 15505 17040
6174 11098 14274 4123 13965
11463 16760 11542 4396 17414
11831 533 9763 10472 12901 17816 16760 9279 5985 3693 18932 17982 18578
13903 17360 13941 13342 10898 13289 3287 6010 6787 7585 8847 4828 579 9029 15634
1120 6816 6236 7496 17304 17122 5969 6771 8886
6119 6852 8028 9029 7319 3255 19074 15714 9029 16967 11728 5427
9881 7205 5283 18273 2353 8725
7698 4973 4610 533 15221 9756 5985 16760 9800 6007 920 18303 8627
15060 6771 10060 920 17742 7827 1943 15541 5693
13235 9756 19087 5910 6119 17363 18730 7735 17939 10056 17690 6771
18228 6812 19324 5969 6771 13941 5657
10317 17360 6771 10317 12276
2832 16914 12276 3047 11247
14139 9756 16233 838 18529 6011
10056 19221 10743 19136 5283 18386 15170 10402 5098 15319 8103
6338 12490 11542 13505 5349 4972 1575 15324 3691 1441
12337 11961 13241 7288
17363 19601 5349 11542
9756 3158 10556 11952 451 1563
3680 13538 11573 5283 18386 2317 11795 213 8626 17967
6194 6047 9799 5283 2754 18438
8574 9856 2032 213 19418 1982 5283 18386
16298 5283 260
6771 9756 1120 12276 17360 14564 18213 18578 18932 2164 12376 5457 1474 4325 5533 17380
2832 1341 13888 19573
2159 4578 4902
3082 8996 6431 6228
6771 3017 10644 3325 13110 8450 3287
14063 10317 14416 17360 13605 5075 6431 4239 10557 6787 13797 6730 14543 5320
1341 7491 11014 11606 1340 5636 11014 11606 1328 18772 10472 19582 14417
10485 10317 17360 7530 12240 9530
7473 16094 527 14878 11573 12276 10481 10317 5809 10069 12707 2834 11542
7680 11512 10402 5851 9401 8860
579 13941 6540 17360 8572 15398 6084 3404 5656 18505 10171 17608 5098
11542 6562 10472 12197 11606 5917 15407 147 11291 594 11044 2159 7734 13948 12030
14307 527 11542 10155 6536 17686 10317 15885 16560 10644 14709
18438 1758 12618 11542 17305 3306
15107 9525 12716 10958 16278
14878 6562 17255 10644 19599 12503
7585 4547 9633 13903
13903 17360 10644 6249 11573 2877 10056 19725 7927 9986 9195
16600 10317 5078 568 10056 19725 10700 14020 11573 14020 17680 13288 11247 7529 4250 486 13538 6529
11542 2754 3679 9123 1768
3925 10519 18578 15221 10804 13235 6174 7319
2159 6204 6771 17113 7319

5075 13856 11542 6193 14020 17720 4315 11247
4974 17114 19502 3375 14139 10317 6236 14543 5320 13797 6730
2754 4850 11542 10317 19084 13823 6730 6491 8116
6174 18793 16317 17631 6876 13036 13110 10999 14035 11657
19668
19136 11542 18324 1173 1982 19136 18324 952
285
12231 12231 7698 5283 14139
14118 13931 6540
11542 7698 19136 9926 16914
11127 14239 5878
10317 15401 9544 7151 6153 568 7530 17946 14882
6562 12396 5719 5549
2323 16976 8099 10016 9123
15107 9526 14878 9756 1120 11542
6562 18729 16024 13191 14063 15398 15541 4811 11573 5976 18716 5495 18716 8954 12471 18004 1982 7343
5014 9123 1769 11542 13957 12865 16701 4843 19565 8138 18716 12865
11710 19565 12240 13932 11573 16701 18721 10700 11236 2364 12206
14139 7822 11542
15398 13931 11542 19488 11809 18303 8627 11710 19565
11542 429 972 9914 7680 10537 9544 7155 12276 6631 568
11127 1893 11542 13391 4656
4910 15221 14748 13235
568 575 13154 14882 4062
19138 11542 12 17830 10396
19365 11542 6276 17148
19365 4262 525 19548
12180 14063 2101 16723 5283 10151 9279 3068 18936 16267 18478 6771
13538 6771 9124 1769 13903 17360 17899 10900 16496 16760 19672 1937 8450 19435 6812 18224 3001
5283 18386 6174 10473 16496 11606 15896 16760 17631
13941 6872
11542 10472 6895 16827 15312 4428 6968 2644 18932 12221 6675 12488 11329
5943 11542 11291 12276
9756 16317 11366 8857 10706 19086 15398 16760 7677
9544 7155 14519 10684 14878 7822 12414 19455 12888 3255 19074 2754 3103 7319 3091 14878 11801 14927 1879
3163 5500 11542 14063
3296 17946 12022 17360 13731 13588 5075 19471 3225 16271 11573
17310 11542 12337 6053 16623 10218 17140 14878 18914 15398 4985
6254 14878
12504 11542 2309 12276 11291 12707 12932 6632
9756 14178 3239 19136 11542
1553 10474 17816 3876 16933 12865 1748 5769 2056 8243 2437 11467 19659
11670 15170 9544 7156 13679 11542 15173 9857 19353 7017 5904 9276 11542
15073
19145 11542 18213 5065 17382 11542
4769 19015 16024 16760 5766 9314 16760 14239 14750
17848 8164 7698 15931
18213 19656 5065 12890 11542
7299 17360 6939 17816 12276 1965 12290
11542 7698 6010 18895 17816 15797 4342 16024 10706 5383 8691
19145 12882 13317 5283 19002 15231 2765 16666 6119 5427
15253 1575 1909
10317 6193 17360 11542 12276 10684 3082 5008 16278 2902 15060 5427
15253 934 11542 13938 17360 8707 10537
2754 14196 11542 17360 19287 2922 11542 10549 12231 9839
6194 19136 11542
8824 8751 1306 11542 10472 17816 11499 10804 19725 771 15410 14543 5320 5969
11542 10644 17360 6540 19145 6771 19278 1620 19138 17363 6787 10539 9005 14543 5320
9027 527 12888 3255 19074 12276 8395 6771
1909 19074 11203 12276 1965 4407 561 568 14748 12058 19324 5167 10317 13903 17360 6787 18713 1171 19136 6771 16231 15398 7822 527
7335 16760 2814 19164 6771 8074 16024 1000 8450 13235 17816 8073 19164 19737 15398 1120 6771
4144 11542 13 17360 9029 18936 6540 17360 11858 15410 17360 11542 5969 7822 11573 19136 12058
6259 7698 11542
15221 18932 12865 7822 19136
10539 19145 18916 12865 7530 8735 9857
6852 15748 15217 2767 13135 9255 6431 7867
18126 16026 11542 9756 8589 2075 16026 999 6183 18123 10706 14653 18932 13175
11657 7822
12276 6631 15221 5283 14742 8604 5479 96 3009 3437 10482 5034 16270 11727 9881
19302 2721 13163
7319 12707 11542
11606 17136 10318 11606
17683 13879 1965 15911 14543 5320
15410 1658 11319 3645 6771 7844 14370
12276 15407 14132 6852 7071 2075 15498 19565 3604
7136 6431 3375 7319 17771
9034 15409 11606 8522 2110 15054 15979 7387 12396 5283
18730 10028 12121 11213 17360 16569 12276 15407 2335 6198 5803
4144 12240 4549 1943 9293 15513 6852 15387 2765 10013 15387
7442 1604
5969 11542 11606 17720
15911 3256 19074
17982 5632 12414 19442 12888
9544 7154 12888 8945 11542 15407 5431
17683 11952 1965 13036 1982 1278
10216 4985 6501 7698 9633 14878 5971
934 10318 15107 9525 12337 7319
12504 7585 277 5904 19136 11203 10317 1982
12226 12276 17679 9816 19123 1643 2007 6540 527
11938 2847 14748 3808 17679 16600 14666 5286 17679 11263 7228 11263 15073 7491 15755 1035 11203 15170
16744 19654 14748 19565 8871 11812 17513 10358 10151 7526 2058 4659 16929
11542 19137 7698 11872 17360 16701 6562 1540 568 13529 7698 11599
9525 11599
19074 14096 8382 10245 13191 16692 3031 18822 13965
11340
5693
8103 2734 7747 1620 14450 8629 3756 7747 18268
11938 9931 1909 11129 17680
5696 3048 19573 7698
6620
3447 11542 10709 180 6072 19302
6852 15221 6771 13673
9250 7319 5711 871 15565 4107 934 568 13152 14882 14139 696
6174 9864 19164
17653 12276 17304 15542 16460 7299 19145 6852
17718 1874 19043 7299 16104
9213 2730 18578 2547 9863
7299 11366 2067 17380 2730
19044 11877 15217 17899 3193 12058 19418 16100 11858 8103 9213 1843 6174 4341
10317 16104 16395 8707 19442 1850 1643 5933
16701 5283 8338
3082 3240 14882 525
5283 17982 4013
4547 6771 2730 8884 12377 976
10482 7129 19145 2007 17360 6540 5971 9123 1769 15169 14148 5969
19145 2730 3787 1982 9123 1769 5225
2104 1879 5910
13191 6010 19136 9815 7930
4971 8413 13115 19737 15541 12429 19573
527 17552 10216 4966 2803 7822 9633 13159 2726 2765 10684 1127 6771
16574 12888 3209 19074
2474 19136 5298 9881 15253
10644 6193 15217 15170 2912 11073 13283 14139 2474
9544 7155 934 13859 16233 12888 5283
12504 8396 14196 6771 6119 6540 17360
7299 4971 7822 533
10317 3255 19074 19164 9123 1769
10804 15221 11542 19278 1620 19138 12086 17830
17683 10358 15107 9965
9525 7529 4735 11542 6174 17946 11077 12290 13797 6730
9544 7155 10123 3068 17821 17683 10318 16258 5803 1982
10318 10216 1982 1173 5803 15410
6873 14878
6631 12725 6266 5346 9652 6852 1318 13135 6852 11292 15398 15106 9965
9526 3068 2466 3994 5283 1977
6976 11746 9815 7645 5910
11606 10537 17360 16914 7530 10402 12240
5283 18386 12882 6771 17363 13538 6787 10644
15658 3375 17816 6249 12603
12889 12490 8413
7822 6771
12058 15073 7680 7585 10402 19107 17363 11877 6787
11542 1626 11127
2754 1721 17108
10644 17360 17549
10233 6361
2754 17772 13961 16086 12196 10921 18716
10317 18228 13729 1173
7526 18228 10700 16261 15081 4022 10402 8243 6771 7698
7529 6771 7343 7696 3047 16261 19418 7526 17858
7526 15173 11818 17680 15073 16701 7822 6771
8240 13332 17680 11807 14462
7769
1965 11542 6183
12 16593
5005 19418 11332 16269 10537 11573 11573 19418 11332 13903 17360
6258 6554 2240 11542
13903 17360 4862 7684 16621
10804 17598 2912 6119 7092 9544 7155 2474 9302 3255 19074 13974 17058 16415 12886 11573 6005
3255 19074 6005 3068 10317 2007 16583 7643 7641
1575
17598 2912 4262 10656 7585 10709 4549 972
13322 1965
11542 12888 4737 3255 19074 19618 19618
18210 10898 13046 13903 17360
13730 9881 10709 11573
16856 17009 11542 10303 8249 12865
15221 11542 18936 7739
12276 1965 11542 6183 17305 19287 18136 6562
8180 13903 17316 7977
6255 10519 10898 13046 10317 7343
6675 3255 19074 10958 19442 12414 11542 9216 15175 12157 4862 12414 15375 17720
19287 16914 3621 10548 11670 19136 11542
5283 18386
1120 10903 13931 17360 11542 13391 10123 9544 7151 16852 17110 2912 2007 11727 568 16760 10350 7025 5283 7200 16024 11342 6812 15161 19399 5657 18438 7022 3082 9279 9815 13794 11957 16744 533 2159 9815 18210 17360 16914
10644 6771 17748 14733 16595
8382 14200 12276 7152 1965 6787 11877 14084 13856 17889 5549 11407 11555 16760 10350 17946 12022 527 11957 16744 533 3601 12725 10700 6771 4683 12
8738 8169 10539
17360 7587 16343 19287 6917 4049 1012 806 2159 16362 6335 17360 6771
9544 7155 3612 16852 8117 12888 14930 19164
3244 19074 7587 17058 12888 10699 4971 4602 11721 3103 838 15057 13135 12586
15107 9965
9525 10644 19083 16010 4202
6249
10480 12242 568 2732 14882 9005 17360
11606 7299 11606 14653
19043 3612 5591
7822 13176 17499 6198 12276 2474 6771
15410 18403 1011 6787 12030 13941 10317
9249 7319 17554 5065 4241 19623 6174 8122 13171 18895 1571
10216 4985 15800 18716 7824 565 17816
9544 7151 13154 3255 19074 12888 1989 16384
5284 16317 10958 10402 18495 12716 15221 16899 18969 15803 15337 11452 12889 14947 2912 10700
632 7588 13903 17363 930 8945 5077 8450 8307 17824 3349 13797 6730 9516 2530 14543 5320 7506 1909 5283 18386 1965 19573 19737
