446
6771 15924 7747 7585 14588 15540 15771 1982 19599
11884 3047 12596 13538 6787 378 16813 13957 1072 6562 17305 1176
7677 5068 8294 533 6939 2886
5597 9652 7822 605 14139 613 15540 5832 7715 13477
19722 16701 1965 7176 9871 14051 7176 6748 6771
533 12707 14139 8073 10519 7299 19136
2912 5988 3091 5383 10706 7299 1498 15398 2912 11606 5269 5349 7481 16675 9756 2612 12865 3663 9276
12504 6010 533 6939
11542 7698 6276
5711 11664 6127 17680 11542 15540
6201 6249
17688 11573 15215 10700 11542 12276 1965 11542 15540
9249 6249 13133 6347 2886 8928 17680 11542
11542 6631 2821 5307 3089
11542 1965 15217 13957 12 2035 5325 10539
11542 5331 15794 6350 5501
11542 6347 2570
7592 3244 11475 7430 15294 17708 12882 11542
19046 15952 11542 15540
15169 6771 10539 16704 19547 6771 5344 17961 2455 12172 13772 10040 16751 1317 13256 19164 6107 934 19164 3801 5344 17961 14729 11084 8337 14701 18228 2931 934 1441 13530 6642 758 815 8477 5344 17961 19568 17312 13110 6642 758 8569 5344 17961 934 10519 15773 6771 19544 634 6119 14878 14893 13868 6771 10644 5229 11881 6771 3599 10121 6648 6771 14878 2885 17378 12376 14096 8337 14701 12276 6820 17292 15410 10278
19722 6225
7136 9819 16976 7927
1231 12768 19145 6852 11573 7176
19244 7737 19573 8572 15911 19145 6592 1013 7326 159 252
688 3876 16600 7176 12768 19145 6852 17742 11910 14201 15983 3847 11808 744
7698 7001 17628 1292 556 934 9005 6750 14063 13963 6179
934 12276 11573 10073 11606
8064 15217 15542 17989
533 17750 3604 5444 10937 9277
9204
11542 6592 6879 7698 11542 10519 7680 11542
10519 533 10317 9815 5683 15371 13593 8104 9279
16312 2886 6201 14139 4022 3592 17889
2886 13962 9255 4022
568 1965 11542 17992 17017 12933 11542 3082
6236 5331 12276 10684 3082 2007 16852 15211 15794 12865 13962 2886 17992 15211 10482
12788 19055 10480 10317 13958 1180 6533
12504 11542 6592 6879 7698 11542 4862 7698 14065
6592 6879 1965 12276 7176
12290 7698
10537 6592 7326 11573 952 972
12058 11542 1575 11542 533
533 9756 972 2886 17212
17575 14851 11863 12276 4262 12882 7698 12240 5334 9756 1645 2455 9756 7698
10318 19164 533 11573
12788 19055 12414 19609 565 9633 17679 10743 6119 15221 13981 19164 17683 12882
533 17982 12882 527 7698 4972 7698
10537 11542
10537 6201
9756 11247 2180 11542
11542 16701 6679 2523 3925 10519 533 11884 2886 947 11542 11335 16813 13959 11908 8835 16813 13962 10317 6852 15375 6592 7326 6787
11352 16766 5254 8643 11281 6102 18568 5124 12897 19136 12 17830
11542 7472 17683 1575 533 15530 8707 429 1575
14774 12788
19418 11334 500 10519 9199 10804
952 10550 15540 5971
12276 15722 18730 3378 16766
3111 8018 14000 16234 13182 7319 10358
10706 6592 6879 11670 19136 947 17172 1904 952 8503 6011 11573
6771 7026 17806 15337 10523 18299 18273 947 10958 17136
13191 14139 4013 2876 7129 972 3296 5693
5075 3376 3224 972 2734 1074 5696 18268 5683 15371 15221
6771 11858 11335 1825 6174 15755 5851 11409 11542
7698 11542
7822 16760 10350
8643 5098 9983 16813 13962 9553 16813 2886
19544 2886 15798 13959 19544
7822 533 15221 6201 1961 9983 16813 13962 7698
146 6592 146 7326 13529 7698 1011 16813 13962 10709 15375 6631 6592 7326 17897 5484 6562 6631 13182 16813 13962 2821 5501 5486 10539
13171 13856 16813 13962 11877 11542 10700 10317 17897 5484 13171 12276 15409 11340 12240 6592 7326 18027 5501 16813 13962 6141
10700 17122 9002 9553 16813 2886 15997 6221 17118 234 6141
12226 13171 10700 17122 12788 19055
17598
6771 16595 5342 17960 17422 14213 5342 17959
13260 15368 11168 2455 5342
11168 2455 5342 4619 14822 10056 17816 14771
8337 14701 14722 12929 14771
5343 7233 11807 16638 14702 11416 10700 13124
14173 11416 1699
14701 18156 7526 11416 2754 500
13260 3597 7526 11416
5342 2455 7585 5880 2902
5342 7233 6107 17304 7291 2902
6130 11863 10278
6804 5342 2455 13957 10056 17816
6771 6826
6771 533 6771
12337 6771 1965 6771 533 6771
6852 7804 15217 6249
6771 3925 6536 574 565
10583 5346 12260 5011 19056 2454 10804 12929 6631 565 18924 5010 11170 9688 2521 2521 14139
19547 5498
10318 18303 15217
6852 12276 16255 16726 2886 18047
15375 12276 2007 14822
5910 6771 6249 14139
6272
19138 18391
6201 6771 1833
17598 10519 9758 10344
17683 19136 6771
19150 2754 10512
11203 9756 1965 11542 17816
3017 6335 6592 7326 11542
533 7496 5604 5475 12276 11542 10301 7974 8382 15991
11111 12397 9766 10344 4740 19488 5383 12276 9027 12290 6183 6349
527 16233 1907 6852 17816 18924 5010 579 5193 5856
18295 5910 12276 13765 17758 6183 15410
8356 19136 11542 14052 3597 7698
15542 13179 19418 17982 5969 11542 19418 7577
10539 11542
533 15221 6307 19365 11863 10245
6198 7822 12276 19179 10370 7136 934 10644 7822 11542 7680 6348
16576 7548 18710 5445 3346 1613 2373 14139 13154 3068
8413 6193 15217
14854 9652 6249 10591 8477 1643 1377 14878 10481 5972 1180 2912
13101 15217 10485 8309 18482 19164 6053 7962 2110 15217 4473 7698
920 7442 11542 12 15542 7698 11542 7585 11573 12 4549
7654 15398
19603 18324 11858 14314
1965 11542 17043

12231 11858 6540 6452 6452 15540
6852 12276 7698 17136 7215 13235 12396 206 12276 14139 1643 10961 2961 18924 5010 12713 12276 5910 16985 11858 15169 17895 5484 10056 12276 11365 1643 527 1643 13191 1721 4610 533 3021 5711 10481 6511
12264 12276 1879 5910 7822 6011 12030 12030 10223
10317 17889 1965 12725 7176 17985 12169 5778 533 15221 15902 9565 5509
12748 11573 293 12707 13940 502 10961 6230 10903 293 12725
4684 19603 13544 17793 19043 15398 2185 14084 14481 17830 10056 8028 8626 11542
6592 6879 17816 6631 11542
7822 6753 13962 15221
6201 12882
5552 10317
18924 5010 7822 565 11542
4510 952 13485
18730 6592 6879 7822 1879 7822 5917
15407 10317 17016 11342 10644 1173 13341 5910
15410 18047 6276
952 19087 9926 7680 8102
11542 3048 10519 17136 10644 17169
9378 10519 11416 11542 4899 2886
10644 17982 19603
7822 11542 3680 6592 7326 11573
10706 19086 19086 15398 11877 15521 952 9803 7930 5910
13332 6592 7326 15950 19418 9756 7698 6174 1982
6592 6879 17552 533 11542 19656 15337
533 15221 1965 6026 6592 15540 14059 6592 6879 16233 12 16593
15688 17759 5683 15371 533 11332 11542
14894 9815 11274 11670 533 11573 11877 3109 7953 6750 6141
9756 4138 11292 1568
34 11292 15319 19278 6904 1120 9048 7822 11542
11573 146 8627 15406 10317 146 4549
4442 9652 14139 8295 12707 11542 1907 5530 6642 10317 14878
2556 18731 14059 11573 14139 10317 311 327 16593 6592 6879 4862 6026 1006 1931 10429 12 16593
10317 533 13035 5545 15398 11542
6592 6879 10804 1965 6592 1013 7326 7176 10804 17830 15398 293 7698 11542 9208 7698 4547 5005 8116 5100 14863 18745 7698 6198 5803 8169
6592 277 12276 1645 6750 15221 15540 17329 14851 16369 18924 5010 934 6592 2886 1833 19541 10519 3111 14920 14920
5657 15398 12865 10539 6771 16701 15409 1965 12276 5065 7698 19164 11499 8294 11542 934 9756 1982 11542 13538 252 6119 146 213
10700 15540 7822 10804 12865 11366 6852 252 12058 10537 12276 7698 9633 12865
10317 6852 11542 6592 7326
10317 146 6592 146 7326
10317 6592 7326 17897 5484
10317 6592 7326 11863 11383 12396 12725
1982
11542 7822 16760 10350
934 7822 527
934 10519 533
311
213 7698 14072
7822 11542 311
213 18435
7585 344
7822 11542
7326 311 1982
16701 7822 11542
10317 533 11573 19418 10317 11542
11542 15398
4022 11542
10317 11542 12231 11542
17683 10317 533 11573
19107 10958 3921 16466
7698 533 17750 11542 16852 3082
7698 6677 3082 2832
5075 8074 9255 533 15530 7698 19164
6010 19136
10684 18914 2058 19179
14139 6675 17738
6771 13529 7698 16317 6873 5985
5917 10156 19088 1120 11542
9756 6827 19145 6592 1013 7326 252 12058 16600 9204 6592 6879
11670 15170 6562 1965 18077 12276 9204 11877 6562
11606 1982 13538 9205
10539 9354 14851 9204 6478 12400 1620
12058 16904 9204 1965 13235 7176 10268
18925
11884 2455 15161 18925 10056 12276 18925 12707 11 6592 6879 7747 923 13529
10233 2563 18246 12276
17683 2754 14165 11606 12276 14165 13529 6010
17816 1861 11542 17816
594 11807
19733 2479 17422
19733 7747 1620 7698
10554
11365 1965 9204 13568 12276
1965 12276 11
18731 6826 11573 6174 1643 12290 19599 1643
7576 13468
2373 9839
11342 9756 19278 11342 8935 11342 9175
19733 9871 3719 2398 4971 3664 8521
11542 19379 16760 4971 16287 7794 18884 7387
6661 10583 533 15530 17549 5068 6076 1643 527 10350 4738
10523 7698 10482 12865 15319 16705 4376 10353 17304 13028 565 9400
6174 16600 16712 9914 17369 1497 12968 14064
17946 11657 10299 12240 11169 18870 6063
19603 17816
18210 18261
4850 6592 6879
13487
14738
435
6771 14731 12284 16904 9856 1540 8687 3263 12002 14139 8685 19737 6010 17043 13289 6771
15410 15540 6255 6592 7326 17897 5484 12276 15409 19601
10317 15073 17304 7698 12725 13538 6787 17889
18508 19573
6771 16640 2886 15787 10804 2886 6771 8428 13959 15983 11877 15217 579 15398 13959
11044 3082 11291 920 5092 14588 6771
16608 16701 6010
9756 3134 2396 5362
2007 6540 6592 7326 7176
14196 11542
544 3112 1965
19086 11332 18303 2575 5540 1828 15497
527 12233 8542 16904 9756 4229 9173
8570 14666 8310 10402 2058
9756 8578 14139 5917 6592 7327 1909 2474 5917 2474 7176
17790 14139 6272 7526 11542 5591 3612
1177 8570 14666 8310 10402 2058
8578 15398 11573 9766 10344 7343
6592 7326 7176 952 7442 7299 17816 7291 15011 6852 11542 952 7299 19136 19418 952 7299 3346 6540 7176 12058 4298 11542 4735 6201 19086 10999 19733 4684 7666
3017 6335 1173 10670 11542 11542 7698 17816 3137 6592 2886 8615 1609
952 952 19418 12865 19418 15146 11542 4740 6335
3346 3109 17759 594 6273 6417 10921 7585 1568 6540 15011 6273 9756 19083 7698 17816 11542
12058 6540 13962 11573 13962 11542
947 10958 5097 6592 7326 10549 533 11542 10549 14345
6592 6879 7291 6276 533 15221 7737 19541 6592 2886
3597 17608 8718 15398 16258 7526 10417 1825 7680 10155 7291 15146
18924 5010 5597 9652 13152 972 14882 577 12934 15714 3082 18213 10706 11542 7698 11542
6592 6879 3261 12376 11573 9756 10472 17816 6549 6335 6592 7326 11542
6174 5917 8675 18295 8116 15398 3630
7654 15398 6592 6879
19733
13593 17167 5109 11542 13852 6562
10317 18090 4200 11573 14738 934 6010 11542 13046 4202
19365 15063 13795 15528 8589 16907 1909 6448
934 11542 2317 527 15337 9230
6183 14139 10323 11542 15541 13593 277 19725 12240
16298 18210
12865 17683 11573 10317 7698 14148 8503 19418 3946 10700 5496 10317
17528 10350 16601
11542 16985 16595 6826 579 6685 1370 19145 6852 17816
19136 12707 6685 1370
16466 11606 527 17978 14975 3378 10317 12628 1540 1000 16673 17982 17946
6538 213 14975 930 1654 4420 17982 9008 10535 527
18924 5010 6335
5466 13046 11542 9749 13617 17422 11670 7694 18009 11542 14064 8871 311
327 19722 14748 7751 17978 12080 12090 1000 6814 18099 7698 1604 13617 17422 7585 7412 11
19131 17816
18564 1173 1982
3808 2007 6540 6592
15540
5969 7698 533 6771
5969 12276 5542 6243 401 17165 5108 13952
2886 17680
15787 16593 6852 8615 10994 5660 10317 8720 5320 10064 720 16889 11807 9633
4133 14998 4273 14818 7526 6511 12747
6592 6879 7291 9468 11247 15938 8807
19050 2662 9555 13856 13568 7680 17620 11542 9835 9181 15990
16744
7526 12058
16629 5910
14450
12276 11606 6174 6538 7176 2719 10983 9546 2249 10961 6174 2388
10804 13115 10480 10317 2426 920 12736 13988 10961 17657 17742 7144 148 11217 7927 15170 17589 16261 10482 10317 14139 6758
15375 10317 11160 9926 16261
6804 9926 7136 10804 8926 2886 6312 10335 13890
9756 5423 6026 4133 4867 12778 18549 18721 15491 12210 15410 1306 5501
7299 5501 19018 7151 6726 323 18334
6592 6879
533 12605 17748 14733 7953 6848 6386 2180 19618 6771
17683 7144 6787 6879 13854 15526 6562
12058 2754 15398 8643 6592 6879 6562 1965 12276
7927 13856 11606 11416 6771 2570 6136 44 6771 681 12865 1566 6771 3630 3287 2007 8751 3630
17683 8751 18005 6771 1497 14582 3082 13538 6787 12058 6659 17889 12276 2007 6533 19578 17889 17422 10056 9633
6787 7747 3604 533 17748 17168 11650 7962 7582 11877 12030 19122 1833 2886 10999 15542 2754 1173 17946
19136 15398 19737 1120 11670 15398 6771 19418 14851 11904 3287
7822 533 15221 4899 2886 10963
19568 4850 11542 1965
10223 9926 7696 8102 5910 9819 6484 11542 16981
5068 6771 7822 6174 18605 15221 2754 6675 17525 2902 6675 3016 579 13018
17683 7299 12707 1881 15375 8028 11542
4144 11670 7086 11096 6053 6750 10591 8477 14851 1013 18924 5010 19696
19474 10591 8477 19572 10223 17049 17347 10521 1013 1618
12932 14410 11599 8477 10480 15717 5539
14364
9926 7747 11651
1961 11281 11352 1643 527 17683 11542 19603 19145
6336 952 7822 6771 7176 6538
13538 6787 7822 5016 6592 277
19722 10804 18605 15221 10706 11542 7698 6228 6800 15221 2455 5346 8491 11625 15063 2886
12889 7822 952 16317 1120 7822 17679 6771
12276 17680 5167 13191 10056 6771 7176
7822 5910
9213 6812 16261 5803 10700 11863 11542
7698 8784 14630 3068 10517 5112
13959 7086 6338 11542 7291 16395 146 6592 146 7326
6549 7698 3044 15398 17742 11542 16593 533 15922 11542
14106 13332 9298 14671 17720 11670 14118 533 11542 1965 12276 7176
19659 12337 17742 7822 14571 15221 7291 654
14403 16760 10472
15003 17816 14252 10954 356 11292
4972 6693 11795 1370
3082 568 4010
11334 7215 9249 16760 9346 11697 672 5769 17304 4684 7822 14733 14771
16760 15902 16693 6345 17242
11542 6562 1568 2146 5005 8116 17540 9541 2249 2355 8796 15540
5098 7585 1120 3044 7343
12548 8871
19005 16069 6879 17513
19026 13538 6538 11573
17720 11542 5057 10406 6336
18155 7526 12240 16593 10804 10480 13941 12240
15542 5057 17459 13957 15530 446 14822
19302 17122 7698 17544 1482 6800 15528 3109 15902 1575
6119 10539 18208 14748 14810 17136 18210 14148 14812
17122 19603 19136
1008 13538 6538 11573 7927 17897 5484 1965 11573 6183 19138
6812 14139 8116 11573 3597 3422
7927 11877 12707 11542 13028 10067 11383 17899 16261 10067 2821
6478 2479 1416 10863 2580 7112 2886 913 14093 3719 11340
19136 18092 7003 11606 2821 6174 6538 11812 16261 1013 403 6417 19686
10539 11542 6276 3896 17137
17683 18924 7737 2455 11168 4421 4138
2377 6758 11542 3180 15771 7977 12856
13529 17122 6592 6879 14416
12276 13907 11807 1124 4582 18155 10482 12300 12030 8310
15217 5342 2455 11168 15003 4054 758 8477 758 3180 5770 12756 15742 7979 12276 12856
13171 8309 5813 8305
3580 17598
5803 17720 1965 6592 11542 19737
5910 10644 16280 6272 309 12276
18716 19138 6592 7326 15540 15902 17720 10684 3082 12748 5695 12276 11542 18761 14148 12799
14601 9756 6335 6592 7326 16904 14736 1609
1441 14771 14291 943 1000 3002 6779
8643 18339 6771 7677 17946
17501 16760 18891 7698 7979 1643 7979 934 17690 12943 17422 5790 6642 760 10163 14851 17816 19609 2230 12230 13804 654 10517
9213 7526 15939 19581 9871 15221 12221 18578
11861 18210 6540 2886 533 19418 6812 6592 6879 5970
6249 11542 6338 7822 8431 8569 11657
11542 13529 11606 10835
15601 2886 8615 3183 7291 6930 533 12601 5803 2754 17683 17867
10539 11542 19365
7747 10402 2310 11190 3396 9756 12490 11542 15521 13538 6538
18924 5010 18730 14860 14851 596 10519 16413 533
7927 18924 7747 11863 7576 7228
1965 13046 10318 5307 2886 11542 1965 6939 7979 579 16726 19365 1699 2585 17977 18037 15063
7822 8784
7822 11542 3422 6337
18730 1746 2912 7822
18924 5010 1575 6338
14851 14859 11542 3068 10912 18210 12934
13538 11573 16904 12890 11247 2227 7291 17748 19043
4022 16233 2886 13538 11573
3183 19196 2025 14742 8615 2023
9438 17089 6753 15530 6193 11542 11812
7698 2916 6198 6873 3082
7291 1575 16904 16595 5910
12276 2754 11858 6515 1370 19145 11542
8294 13191 5023 13441 17813 5910 9803 11247 11542 3180 11877 15371
7291 17759 18299
1965 6592 7326 15410 1982 16701 11670 19136 13538 6942
7585 213 12 10151 15797 16261 18968 13175
3717 7412
13856 17422 12865 930 19190 524 4273 10902 19086 10295 10599 11416 11623 12865
11542 12276 16744 10709 11573
553 15221 11573 10223 1907 5005 8116 3097 1069 7291 17766
19654 5067 18155 10700 17057 11542 2480 6198 1620 6852 15375 13152 11542
1909 10583 11542 13806 9252
13484 6592 7329 294 9354 5910 12276
11203 10700 19086 16531 6448
6174 9926 2754 2719 3287
7291 3378 15584 11416 19541 2007 2886 11651 1000 8911 6141
533 15221 17982 17145
1002 17683 2754 7654 7068 4133 14987 1620 8524
10999 1000 13256 4262 10163 14851 1318 2426 1885 10317 9754 1521
3597 17325 10317 19697 2427 13256 16595 7588 12379 1306 7068 4133 10317 6174 14429 13341
1002 2754 10317 9871 17679 6812 17174
6174 7696 16595 553 15221 15215 10317 1643 15259 6730 19647 12 12617
1176 13856 213 16593 8707 14139 9926 2754 19131 146 8627 19145 7233 7698 10073 9668 11542 12504
12337
11542 1643
19603 11 16583
15597 19541 7582 14646 3437 19058 1306 19817 7582 10958 8028 4610 11542 1119 10482 7582 15978 12459 8028 11542
9756
9756 19659
11807 18721 11606 4202 7526 14065 7698
17720 1583
19043 15398 11542 7979 19058 1306 7353 16839 19365 17816
19817 13578
920 11858 15398
9756 7530 17858
4684 1982 19488 7582
9926 14106 14059 11573 11 12
12730 12276 10804 6787 10317 17680 2178 15878 13191 18295 5910 10317 18303 15065 19733 15878 15161 12762 6771
4054 2426 10223 4091 12290 7698 12240 18717
4229
15169 6592 6879 16680 568 18717 19164 1982 4309 2428 16349 456 17673 6904 1620 17679 11784 2491 1351 2491 7134 11784 1002 2730 5910 19090 11416 7694 15468 11784
5554 17679 6771 2886 18227 5501 2823 14771 10958 16364 12791 13323
6771 19131 6771 7291 2593 2754 3946 14336 16673 1202 803 18391 17909
1011 13191 8495 11542 10700 5023 3352 533 11542
11606 19656 436 15337
9756 7585 12276 6417 6236 16158 13256 16618 6233 15063 2180 11092 14921 2437 10740 15954 8494 19060 16701 10241 1497 1909 19278 18580 15878 19568
18155 10480 3604 6872 5743
12120 19086 594 10381 19164 10591 8477 15751 4669 10740 1876 8309 6174 17718 1643 7977 11542
9926 1000 6504 7698 7979 15742 1643 7979 6194 10414 8108 6183 7631 2546 11638
6174 15878 11573 10317
18697 12865 10700 11573 8589
18697 18218 8871 311
213 14064 10743 19131 8626 10278 19145 13046 4202 11542
5818 5969 6787 10317 18564 4144 40 19725 12240 19750
2902 13171 18227 5495 10317 12865 7526 10269
18697 12865 10700 11573 8589
18697 18218 8871 311
213 14064 10743 19131 8626 10278 19145 13046 4202 11542
5818 5969 6787 10317 18564 4144 40 19725 12240 19750
2902 13171 18227 5495 10317 12865 7526 10269
11542
19138 12058 15221 7530 11247
11542 6201 18566 14407 11606 6338
12276 19418 17136
16395 11710 2886 6592 1013 7326 15540 9930
923 12882 16760 18299 1013 18273
17325 533 11542 7747 11606
9679 7822 14878 11710 12429 13154 14882
19131 17816 14111 14671 9756 7654 19136 11542
19418 17304 10472 14733 6273 7299
7086 19005 11542 19145 9871 11573 4862 19008 10537
