446
15967 6852 11542 7654 15398 19221 2730
9756 6759 12154 8102 8542 8102 19737 6338 14139 15406 10700 2007 5014 15169 3630 11215
10644 17680 6335 6174 1982
5971 11542 11606 18650 5349 19725 12799 15398 17608
10958 6174 2677 4055 3612 2185 14084
7698
527 17058 5971 6804 16258 9931 5910 11542
2422
16466 784
19107
19664 11542 309 7770
16102 10740 19583 16907 17680
17683 1965 19164 10700 5921 17107 5517 14748 1568
6758 7526 14729 15019 9213 7588 19087
3224 16719 10837 6391 1474
10644 18796 7125 1183 18032 7084
16100 13295 13065 19488 9928 6180 5711 2396
15003 7977 9915 7025
7977 9931 10414 12707 13120 8803
7654 19601 1165 16100 19086 5760 12206
6562 13389 2036
5552 11542 579 3148 9738 14918 19399 17501 15822
9756 1120 5517 11542 6255 2396 5517 8344
6635 11542 2390 4028
19138 10317 12 17830
14196 11542 6198
16760 6249 565 17315 2390 4028 972 8578 2754 17380 12101 4547 8014
11542 2390 4028 12276 6635 565 12058 2677 11542 2200 8906 15398 7343 11542 17683 311
213 10556 11542 9800 7654
12101 6312 4547 2719 17683 14828 4555 11925 2390 4028 7822 17422
19086 11542 18303 565 11542
12056 163 19418 15551
10337 7822 16760 8395 601 16204
601 12973 13389
7977 10317 10519 12865 16204 17115 7586 5517 10706 16101
6193 10740 2798 16204 5321 6815 19164 10700 10523 11416
16760 7698 9633 10709 6675 601 7927 4610 527
13591 5917 11542
6198 1848 600 5517 6466 3870 6255 13564 3068
11349
952 3870 600 16261 19324 5520 13389
952 3870 553 12030 15455
11542 7970 15787
15542 5075 19650 11807 8309
6771 1758 5105 13 11858 5917 16924 13200 16595 5910 3719 13240
10804 13908 15221 16744 17683 16907 5985 19136 3082 2317 3378 14139 2832 10406 5005
12226 18578 11744 15542 5552 18438 7680 15542 11744 6364 6201 7680 1497 2131 16261
10480 14139 12359 12929 1076 14671 4011 19136 15542 19131 17816
15410 6771 18290 10539 6174 15375 17816
429 650 12321 15528 7587 8784 16395 9699 9926 7680 17304
19733 16094 8495 13191 13913 10958 1366 11770 6771 1748 14118 10278 2847
2390 4028 2474 5946 19136 5068 3296 6771 10698 15468 13235 16760 4946 3570 3337 6771 1848 2470
2390 4740 10358 6596 6596 14828 4555 11925 7587 6771 10402 2058 6417 4248 2912 12882 14878
7299 6276 16760 7822 8784 1893 5985 6437 2770 17017 19541
6448
11084 1230 16054 15268 19625 6750 15221 3601 10358 6974 923 11885 12596 11542
2474 6011
15911 4138 19226 19138 11542 17729 2390 4028 12058 3597 1008 3691 11542 16593 6852 6771 19365 15787
13163 1376 12051 19650 2143
7107 2525 13735 5517 8315 7304 12725 2396
4028 10523 17680 13235 15985 17816 19164 8215 18203 14650 5323 3597
17718 13941 6010 10453 10038 11792 5910
16701 6816 17110 18273 1008 12429 381 4071 1101 7227 12276 14828 4555 11925 11096 18180 2734 15773 10337 13941 6010 345 11292 12730
11542 11728 13364
19278 11542 17614 17686 7680 14139 9279 11542 2396 13339
10804 12865 930 3646 16299 17680 8841 11542 14462
8738 5098 7698 16371 5711 16766 13286 19656 3082 19179 5917 12762
9815 19046 16261 8102 6174 16054 1907
9756 5916
1982 11728 5921
7585 10402 8386 10835 16371 5711 7822 13673 17950 10233 7529 11
7747 13580 7654 665 15322 10337 13870 15329 10222 5281 15247 17931
2730 10556 6337 5542 8589 684 2730 2007 16120 6677 15144
11542 18542 6193 1371
4971 3678 16197 11852 9341 4189 527 7822 12414 19609 7747 9633 5349 11665 5970 18542 3297 12638 7822 5693 16739 19418 4684 11952 12414
15329 7201 19650 4549 13615 9170 927 11542 4185 17383 5349 14063 8503 4202 6939
4684 1965 11542 19723 6562 14139 15173 11606 8574 15564 1708 6174 1982 6787 3597
10337 6562 12276 6631 11573 9756 9255 6771
952 19549 19418 8102 11877 19418 8102 5678 11483 672 13064
13064 11483 17310 18721 328 2396 17115 11858 7526 18721
10706 6431 9249 13235 2754 1173
10537 672 533 11542 17023
14139 9279 2527 15259 6771 13064 6812 19164 12865 18721
12707 11542 13064 18605 920 8935 5349
527 12976 15170 10151
6693 10317 11542 18228 6812 12865 10406 13064
12865 15170 11542 18605 16259 9411 15771 8382 7526 15830 5005
11542 14118 10278 7822
10337 2390 4034 6852 4178 10128 14878
13796 8215 16852 3481 10740 18707 16066 3630 3918 5517 14372 13 2402 401
5517 2814 19737 4091 1487 4034 7217 12152 3812 3586 9929 16261 10537 6348
2091 4028 14042 1350 15558 17718
9722 14359 18389 9248 4224 15019 2902 16719 6266 9633 14828 4555 11925 17740 5959 15895 13191
9213 5075 11828 2626 10746 18599 11798 16315 4316
15337 5064 793 4034 18985 13200 5961 6849 527
18571 2402 7291 13389 17304 18716 13115 18523
17595 14125 1238 17305 1551 5383 1009 18895
12882 1281
8784 13064 909 464 13 2396 9756 12882
16233 1750 16332 6230 3593 17057 13389 5517 7587 8087 8464 17304 13064
6905 1879 10706 12886 15496
10233 18716 1982 3742 8494 13036 17816 19549 7696 9738
17679 18448 5917
12886 6381 5679 10278 8450 13732 18716 3866 5917
15169 10580 11542 15886 3774 14975
10337 19164 1982 10580
14417 19138 11542 15577 19725 771
8643 14416 11606
7927 13588 18722 147 10223 2396 6852 17816
19138 10056 11904 7136 13941 6010
14874 5663 7585 7698 13407
14148 11542 7001 3743 8685 2396 11082
17683 7747 13235
2396 3844 6313 9111 7475 16247 13593 10454 1238 19365 16760
8643 653 15011 15221 6276 9800 17166
2414 4028 7442 16233 12888 9756 19474 7586 1982 13191
15410 11542 2754 8863

6365
12276 14152 9400 19145 6771 8685 2402 2754 975 19573 15895 12276 17282 5517
11606 972 17680 2754 4233
6312 14118 10278 7822 16889 5349

6193 7822 2440 5459
6198 19089 18721 7698 13841
11542 4661 17683 7698 1643 15847 5520 10317 10709 2402 19573 13
4144 533 11573 10537 16755 10706 6771 17214
5969 19145
8570 19418 1848 12276 1965 6183 15410 11573 10317 11263
3150
7822 16760 10350 12504 527
1231 18969 11542 9018 19488 11606
12276 6631 11573
16380 5971 3566 3564 18079 5075 9018
8784 11542 4233 10278 11247 18894 5921 13339
10303 8707 13733 16132 15217 18079
11542 4234 8855 11247 18894 4684 10060
19145 11858 1848 10517 16766 13191 18439 909 7822 6976
568 7822 9634 13320 14882 6174 6425 15406 9400 15217 9018
7585 333 15406 17824 11542
10539
2474 16766 10706 19545 10804 9210 6529 18314 6179 12748 14354 5517 13341
6771 3921 16852 7800 15221 10028 17830 4930 8900 16766 12290 13757
19105 6771 19418 10155 14135 9756 5649 6515 18876 16951 441 9104 13389
16266 15406 7805 16807 12376 10700 15496 10414 6554 1400 10317 9756 8309 18716 7001
19418 1225 11863 7136 7001 9242 1983 10783
6771 19418 934 12819 4400 5332 6353 5520 6152 9400 17573 8699
15259 15175 2754 464 147 2396 5680 11483 8791
4621 1129 13
11542 17310 4229 14733 6770 6026 2223 654 15011 10058 5707
2390 4028 576 19164 6675 527
14828 4555 11925 12882 17780 4034 9161 16278 1848 10651 16302
381 4071 12929 16469 19467 12882 2912
9445 9756 16469 19365 6348
832
13670 6852 8028 10123 12882 11542 17114
5917 13443
16701 7698 5985 12276 1965 11573 15268 12431 15410
6554 6771 972 579 18570 2402 7291 13364
17720 2390 4028 6554 9633 3719 5016 3068 8087 947 18314 7977 2754 13793 10480
17720 5917 12882 15797 6225 16100 1843 10709 14828 4555 11925 10480 10317 10513
10958 594 13529 4473 8116 10740 9756 4750 14569
14139 4022 6771 4531
6174 15398 6851 18228 13211 5517 12101 3368 13064 12102 17122 3327
8116 1909 5517 5707 947 10706 9279 5138
1171 5803 6183 8240 10656 5517
12337 10337 6592 12597 5683 15371 533 17750 10156 19088
3774 5517 10233 18721 13 11247 3680 1540 8699 147 9346 6276
11858 15410 1173 13941 10317 6771 17310 14733 10337 6592 12597 6174 6812 17816 2135
6771 7698 527 9756 14748 2121 11863 19742 1441 11366 15268 6675
17526 7698 533 11537 13191 9815 17441 9279
7927 7680 8102 11877 1173 19086 17304 6448 15319 12276 11291 5678 8086 1306 15019 5517 4570 11877 11233 8457 1183
9756 3718 19145 11542 12276 15922 11291 5270 11247 5803
3235 11885 15529 5692 11542 16852 13191
11670 19136 12865 10539 8988 4512 9917
19733 11542 10958 17987 8289 3256 11947 3017 10644 16609
2390 4028 15798 3344
14828 4555 11925 934 13176 15398
11542 17310 10804 18696 5409 18339 10156 17720
11542 934 14278 12050 1748 11542 10644
5910 15170 10337 17057 4236
527 316 13191 351 5711 333 3950 333 351 19145 18043 10644 18644 19324 14139 6771 6771 7808 1474 16595
19138 18290 12276 19221 15902 11808 15787 6771 7228 15787 7698
3950 9468 10402 3728 16069 2396 3742 934 527 7698 1982
6771 4684 10706 12932 17946 277
13191 3375 15337 7291 19479 5668 9119 6779 5711 17713 7698 19136 10156 18894 2683 4252
333
5065 11828 2626 10337 12204 6592 12600 16233 6011 15007
16048 5692 4745 5521 617
16462 3185 6557 17720 3082 17789 16777 6685 13529 15755 4235 19608 7656 7586 9879 13394 9212 4853
16462 2390 4028 3068 2754 18721 8675 1012 2396 13389 18721
15003 18716 13506 15455 13845
2058 15634
1176 17720 6781 17627 4117 10644 1982 5926 2912 5068 7639 7299 13036 6249 4377 7822 11745 13920 4971
12504 14201
10317 16371 5707 19817 15221 13191 19221
10233 15398 1843 17057 16100
6826 2272 18227 10700 11606 11416 2754
12226 19720 17683 10700 5517
16907 16607 19668 5517 17683
6174 16053 8428 18721 17057 9248 1982 10783
9926 12865 17680 10317 10644 17683 11542 17982 16907 3187 10317
14738
16258 2754 13933 11416 7144 4549 14961 12276 5640 11807 2322 15
1909 15073 13933 6193 4547 10056 252 4549
10233 15398 16600 329 13856 14748 15 930

5640 11807 2322 11416 11374
2322 17057 16100 14461 10433 17816
9871 16907 17683 10706 15496 6183
1758 7977 17310 13068 18849 597 6276 16889 8106
17137 12276 5803 10644 3683
7927 18716 594 7020 5014 17312 11041 17312
13529 7319 579 18228 14416 11727 11542 1120 594 7228 15073 9926 12276 7977 17310 17057 597 2754 17057 16889
15175 12226 19722 10999 10337
11885 9165 17210 13010 17450 18722 1879 4252 10064 11542 13364 16286 9248 6338 11542 17628 15409 11340
3876 14828 14242 12894 15408 9346 13208 19488 11033 5962 4593 5626 16508 7387 150
3876 15208 9645 479 10580 166 17742 19725 10064
13191 9756 15409 11340 9248 4555 11925 1371 11203 1982 9756 16566 922 10402 5445
17304 13064 909 18721 13 2396
4144 1848 6249 19648 10700 11416 16719 10837
12240 5471 1540 1000 10740
11542 10706 12276 8626 11292 16387 5468 3047 10414 9756 5660 13064
10839 8784 1893 11542 13169 6107 14129 11366 16217 17750
13099 5927
15263 16367 12878 2396 18721 10706 16101 10937 12081 9272
17683 11573 12396 8784 10706 16100 934 12081 9272 14129 18223
7136 11542 6431 6010 16760 10350 16094 4704 14535 6062 12240 12457 10339 18278 15540 17866 6332 8685
16760 10350 7894 13634 16882 3544 6355 6353 11863 5517 5961 11247 2223
907 12276 13634 15983 8532 17312 5517 1848 8683 16852 10740 17057 16818 9248
12321 17439 6062 15800 8683 6758 16075 19058 3544 8046 11190 11904 14779 16638 5362 8426 3222 11904 19148 8493 18303 6682 6968
19136 6062 10958 15398 15887 10337 6062
17310 13064 1758 7370 17082 9248
6852 8277 9756 6758 10700 5517 5921 17107
11997 12929 4233 5517 5383 405 6758 5517 3889 10700 14205 17816 6119 11010 11416 2677 6082 19302 11812 17567
15378 5910 11542 17683 2677 7953 18303 13723 15911 7722 3896 3630 8735 9856
7962 16792 14148
16102 10740 19583 17370 3663 15496 2677 7953 19324 2681 10177 8836 10937
13477 10337 8396 9346 2916 2390 4028 10123 14878 10706 18716 8116 10480 1568 15319
3091 4028 2879 11542 15777 9131 3068 12886 10706 11542 18122 19136
14176 11697 5517 17115 909 9056 464 13 12877 2396 2390 4034 3068 405 3717 12050 252 4549 17312 19545 13064
989 7903 4621 18721 4651 15977 10700 13916 11416 16719 10837
6174 17718 5711 5517 10644 14411 18267 10278 15840 16600 15787 8103 19484 5517
6923 11542 10519 533 15409 8102 3986 17816 15409 10402 18605
934 5910 9926 19317 12865 8524
11542 4610 12276 6244 8382 6337
298 19137 13289 17750 11797 5068 7698 13617 18773 4704 2063 6816 17108 16852 10128 12888 2390 4028
13477 8919 6174 15337 19089 7526 429 6193 10056 5507 18721 13342 2754
3368 19107 5520 15006 8116 13852 2719 18761 11465 17314 1667 13152 7698 17679
4890 6562 7822 3017 19603 10480 15688 16914 10151 12720 19609 10895 1474 9994 18690 18690 14370
7698 17816 15401 11542
16069 16595
7977 10317 6631 565 7698 9633 16760 10350 3728 15398 12767 18324 19418 18438 6193 17679 5910
5917 16261 18324 10317 16261 17023 11542 19648 14139 7698 9633 2272 17122
17978 8859 17679
10317 14139
12865 10318 10519
17122 16701 6675 11542 11812 10402 11334
15398 19418 10317 16466
9756 327 16593 4174 1879 16069 3728 4971
19656 15271 17750
579 1843 6540 11858 14139 565 2390 4028 11542
14139 7822 13588 930 9756 9926 14139 5517 7827 5960 9248 10317 5517 4808 11542
11542 6775 14806 16914 9879 17680 14139 8104 7977 12058 5961 3812 5517 10644 6431 9249
17680 14139 16595 8102 16278 10684 3068 17310 6852 13064 5500 18894 9800 19145 7822 11542
13220 9279 10787 11542 6775 10644 7698 10480
16298 15170 11334 17610 16596 19136 12058 2699 19418 13152 18234
533
17168
11699
17759
1833 19541 3752 15949
2754 7977 1366
10539 11542 17683 7698 8784 1893 13191 13593
12504 17683 7698 11542 8784 16258 9371 4869 5517 18266 12929 17057 16100 2396 3187 7698 12276
8784 10577 10513 19648 8106 14998 6239 9756 8103 5517 4569 9872 1907 5985
594 5767 16583 952 4489 9803 1497 19549 7680 8102
5917 9872 7698 11542 19136
10318 8784 11542 5971 11606
7299 11542 6675 7698 5917
10337 15489 972 13332 11127
11127 18375 13364 8371 19486 18716 9756 19046 14371
10142 8142 3975 18721 18796 9243 13364
11542 17169 6276 18593 7698 19164
527 6249 1907 13191 9346 4239
2912 10912 14882 12886 5971 15564 15220 16914 6779
19138 11542 11623 17830 5971 6193 17816
8116 17325 11542 19488 7588 1568 13191 10233 9756 10155 10317 11573 9279 9196 6291 17009 19136 10337
15571 14139 17137 13332 19164
9756 6338 5016 5917 14404 13529 11606 12318 19324 5678 19418 7526 5517 14059 9756 10897 9974
11831 18392 14404 13907 11065 7343
19733 7747 1568 8643 2223 17939 10519 3869
11884 15398 10402 5910
4555 11925 2859 18777 10489 429 5970 12890 14139
6852 7598 6335 1173 19145 11542 8643 16760 15800 9879 19171 15398 19583 5016 18900
18270 13235 5678 1672 1459 7495 1965 15217 11542
19648 17001 15578 2902 19650 2143 6815 13064 6128 18273 17089
13064 2291 2396 13389 16562 934 10706 6357 1173 14106 15410 15911 2056
15878 13477 13364 7698 3604 14139 19573 5445
7586 4028 13600 17304 13065 4890 4491 15837 5711 16760 19575 923 17628 6623 1724
8643 6771 3034
6781 18644 7654 16760 9756 14006 14063 801 4381 18625 5917
10337 11132 7698 19164 14748 16595 5916 4420 13262
941 5917 5591 11606 1982
3592 18303 7586 10337 10151 344
311 7484
952 11124 2390 4034 2188 6448 14828 4555 11925 12276 7785 10906 527
8784 11247 5964 12240 10337 13505 7215 19164
10318 12348 14102 5517 5678 19012
10348
2692 11863 381 4071 8570 10472 7264 2834
17381 13389 19087 10402 14539 17381 10318 15169 9132 4489
10443 10318 12240 1183 1965
11606 3068 15557 1761 3965 13479 5678 13354 5678 4144 3438 8018 8310
17686 5917 16868 13913
10317 598 6804 7747 12906 19488 3870
9756 6872
11542 7291 6273 10056 11291 2390 4028 13292 10753 3205
15542 13152 11542 12 3205 7900 5016 13115 19418 2642 10087 7585 12 5016 18083
10644 17683 11542 13737 3205 8122 17679 10142 9302 10056 10350 10317 1807 19695 2362 11989 19695 5563 19695 15809 12226 13171 7585 15202 11436 7648
19045 15200 11436 7649 13720 3437 1808 5910
6771 2324 19164 11606 6750 3445
18966 16918 17925 11746 18981 3016 13191 4952 6119 12154
10337 12325 6225 13235 3262 6750 3445 10684 3068 15886 13439
16767 17680 11795 3375 3691
7927 15170 9756 12601 13807
16298
17830 9756 13120 2317
14828 4555 11927 13497 613 7818 13617 14139 11606 3068 6174 14527 13529 10482 6495
1982 19145 16014 18849 6750 3445 1757 2699 18352 17816
10337 6501 7113 8503 11542 3273 5423
5023 6675 5862 3082
17502 16760 5678 11483 2390 4028 9351 6353 5517 6501 18568 3307 7107 9153
5517 8315 2396 19573 11606 1982 18076 5679 10278
5520 6677 1849 603 15541 15837 5711 11606 6771 7005
14878 14828 4555 11842 13941 17122 19418 12276 6787 10485 1620 7822 708
12504 6501 5100 934 10156 10151 6677 13941 3515 5910 6771
15268 11699

5678 11484 4033 1520 19488 12050 6224 16787 6812 9195 19647 9756 12276 19565
5985 5679 7577 10349 4072 13672 19164 19418 17304 1620
8575 19648 15006 12240 7228 12204 13391 4427 12972 2721 12101
17325 16395 16681
12101 2963 2396 7301 13 12877 13735 13389 18438 3724 10927
13391 2657 2859 18777 10490 4555 11928 18721 5679 11863 400 15648 7125 18690 2508 10698 4076 11115
12276 5458 12101 4586 15837 5707
17304 7343 17738
10337 4684 8208 8231
2912 934 6661 1054 8638 4523 7688 1101 7227 14828 9648 2633
8492 11606 8570 6771 14111 14671 13346 8871 8103 4307 15816 12865 10644 6939
7799 12414 19453 16760 12725 19795 923 9756 6816 13477 9279 16054 18722 12276
17683 12276 3712 17683 922 13235 5917 9983 2058 10233
12337 17816 7677 13918 19145 11542 1643 17816 7654 6592 9756 10317 3068 12276 1982 11542 14372 10062
10338 13731 2754 4684 524 18213 8931 15319 9756 15787 6904 6959 16120 5710 565 7677 10472 19164 18004 10709 17750 10519 6010 4249 13342
13588 14994 6771 4659 17631 9049 12972 9067 11807 12058 13028 15337 1180 8933
2335
11606 5970 15822 2396 1587 7698 17816
10337 10958 2406 10317 17683 14362 15658 17141 13157 8225 15149 12050 18299 11254 6011
934 4851 5209 18101 13046 6011 7677 3615 9822 10994 11453 7654
10337 17310 12240 3171 18716 18729 12707 7291 2790 2402 10472 15911 13730 6520 12376 16433 19710 6491 19648 7529 8076 13064 19418 18570 2402 7291 13364
17310 9926 3274 7822 2279 934 11538 12306 16719 10837 10709 12311 2905
11139 5517 18721 11335 13235 5520 10700 6675 10317 7747 7431 579 7585 8847
11213 17750 5767 3379 15019 7404 17304 4547 1643 533 6787 12376 12921 8338 3597 11606
3699 5985 19488 6183 9279
16257 14370 13364
13907 6771 1369
19365 17289 16929 17713 6009
19418 2310 6771
5985 16760 9800 9277 10700 17683 19164
14748 10056 5100 11407
12157 19086 17499 5927 10317 12276 12276 14915 4060 16755 18722 17499 18303 14916
3376 13793 923 16760 17652 10084 923 19164 6800 13811 952 15407 2058 6911
5910 7592 15410 6771 14196 1171 5974 7698 16301 15268 17750 7592 19138 5591 7100 3287 17793
2556 2390 4028 18278 15540 865 13163 6249 12707 12276 8577 7526 880 14882
15570 17608 15373 15787 10337 15407 10317 3717 5538 6771
17720 19145 10740 14987 19583 17939 16371 11034 15407 2317 6224 12348 6338
6771 1874 14885 7747 6677 7680 6338 9349 8558 8884 19583 12101 16792 10740 11728 5678
6771 17310 1497 18295 18273 10794 10278 18227 6758 6225 7680 8102
7136 5023 13441 5910 17304 11000 17749 6193 16660 17939
15409 8503 3597 6258 11863 7551
985 5917
3256 11947 10898 7496
12058 11828 2626 10644 11542 7822 16781 6249 5917
2390 4035 6249 12748 19725
17110 568 934 5349 7698
16371 11096 14828 4555 11926 8639 4071 1013 1101 7227
10123 575 7526 6348 19164 565 6681 934 11863
18730 19164 10700 11573
920 16298 5916 12025 934 11542 5916
2668 18894 6826 11542 8442 19164
4022
351
10709 18716 7927
12398 13131 15398 6771 9213 7680 15398 9182 17680 3047 947 18896 11542 7592 15169
10337 8090 2390 4028 13163 19648 18156 11697 11863 5517 909 560 6026 2404 1540 8685 2754 560 147 2396
11542 4740 7698 11127 16701 405 6006 18894
10337 7822 527 934 7319 5450 533 11366
17718 6771 3831 17832 16701 7022 16760
5904 12865 17304 8835 5520 12865 6174 3881 17312 8835 5520 19136 6771 7918 19418 3047 1482 18005 16929
7585 11542 327 12
7654 15398
19138 11573 16592 2390 4028 1363 10056 18849 17422 10123 568 13941 11863 6464 14185 11858 10481 13110 532 12976 9208 1211 4004 6308 16371 11863 13394
3804 7698 10482 381 4071 13159 7577 7526 13856 523 18956 5856 6722
14828 4555 11925 2912 7822 12240 19060 16813 11397 5016 7101 4273 18314 13154 17830 3017 7529 13729 1907
19365 10337 11858 15546 5520 11465 5517 4233 9248 7215 19277 17750
11203 12730 10453 17565 10453 16266 9988 7698 11573
12707 6557 12707 17750 3769 9119 19164
14828 4555 11927 11542 2834 3943 18266 10056 67 19725 2390 4034 4684 10578 10337 568 16860 7682
4181 17750 6592 12597 16595
17058 12396 16760 17686 17771 19488 6183 3831
10523 5517 601 3859 2754 10700 16760 19737 11858 14139 6680 10317 16760 5520 6174 17718
4028 12882 565 14878 5678 11483
3103 19737 16257 19017 13172 10056 15170 14828 4555 11925 7822
10804 19725 15911 405 15170
12030 10317 10337
14887 3466 14733 14196 6198 7677

7086 9850 9756 15170
10337 16257 15886 18303 11573 19138 4713 19013 625 2622
11573 13529 7698 14984 13916 11967 8510 8111 5917
19138 11573 9926 17329
19138 11573 2754 17499 10337 13529 7698 17750 10706 6675 17749 17750
18729 18710 10179 8699 18729 13 2396 13064 2754 16760 13529 7698 5917
8645 934 13332 13241 11542 9279 533 15221 5078 11666 15221 18484 7698 12888 2390 4028
5917 13529 11606 14986 19365 8942
7299 11542 19136
2390 4028 12490 9633
13182 533
579 7136 19478 13064 14139 6312 14118 10278
19145 6771 6693 16870 10123 3068 6466 5193 19650 2143 7577 3717 19016 6467 11695 11870 13389 16893 523
7698 15398 6201 19575 19164 6338
2007 6923 11542 2754 12489 6193 16719 10837 1036 9756 4549 16888 16887 13064 6812 19164 14509
10155 965 18729 233 12877 2396
8493 18210 6702 1643 7979 405 16100 10151 2677 7953 15871
9931
6193 9467 1462 16883 2396 17085 10144 2790
11542 7822
12325 11247 10804 13339 10644 18210 10402 13065
9756 9914 15398 6771 3650 14052 8106 4549
9926 10804 12865 1942 9373 9005
16760 16871 19648 8106 5523 934 8106 952 7530 5561 3183
19545
15125 11606
16596 3047 12276 4547 14016 18568 3068
6299 2521
6299 2521 8106 934 5517 4569 6174 17718 17502 1169 4621 17304 13064 6852 17816
