453
11542 18741 1583 18564 14114 1643 3604
17934 6978
835 2302 18261
9471 10667 3317
11542 13319 17690 19583 4133 16005 8494
13256 9471 11863 2886
7576 5498 10269 18716 6198 5500 1527
19737 11542 8581 16692 16692 15707 2696 15800 972 15977
10005
15773 6838 8616 7847 4926 11190 4099 3317
13256
10684 3068 17305 14733 11292 19737 1213 920 11877 8616
837 3997 5954
18508 17305 15398 11542 8578 5078 1328 5075 6141 5349 1982 9633 15911 11197 6397
15215 7291 1591 8116 1909 6179 10317 9869 2244 19365 4154 1800 1273 10317 12276 4326 12725 3317
4445 9815 9846 16907 5985 10155 922 8627 10233 16364 13002
6109 13110 9756 10317 7023 18263 13256 2886 112
9869 405 5495 1527 2821 18716 14748 1568 10706 2821 11541 5501 16692 17400 11749 16815
934 11096 19541 1211 11542 5479 2075 18812 9926 16258 6361 934 18261 2302 839
10381 7677 17683 19603 16407 11416 17816
11542 16907 11722
13611 2335 10700 1173 11006 1409 12865 19418 7654 19136 1176
5101
12030 14402 14125 6852 12707
12276 10317 11722 2317 5445 9116 8341 576 10256 11814
6478 17816 10485 10317 13271 3443 18228 15541 13159 16907 15337
14318 3124 11542 1643 7979 14139 1643 14573 10684 3082 952 7588 13182 17816 17325 14998 1568
9444 6174 14740 10040 1011 13616 13113
15161 17816 11416 19136 11542 17610
18739 5101
10317 10804 6549 12396 17305 10482 7129 15521 15398 10911 19164 17132 12396
730 15521 10171 12917 9983 17526 14118 533 12596 6771
18917 11754 15404 14653 16019 7233 6533 1211 9329
15658 4973 15221 2303 14784 6119 10256 11814 18228 7585 5070 4536 19317
6801 15012 12504 6771 9984 2063 9276
5549 18526 10256 11814 9815 7614 8577 883 16233 527
8643 14118 15636 6771 6174 10911 6072 12396
19131 17816 15398 12396 17305 10155 15521 922
17549 10698 5101 1171 10539 17305 10317
19179 13191 17549 533 13487 16766 10700 10074
9926 6852 12276 6562 6712 11606 1907
17310 1568 6852 12276
6478 9869 7526 10269 10658 2754 5495 16692 15707 10583
6750 15221 6775 3422 15398 837 10644 10480 10317 17978 8805 11340 6193 15771 10256 10017 6198
16760 16069 16595 15407 6765 6985
11542 5927 19488 14118 2583 10157 19549
9756 8103
10318 11542 9926 4910 18261
6174 7577 15018 17899 3317 15406 10317 9471
835 2302 18261
2570 263 3597 6812 331 13256 2886 6174 2886 5501 1169 147 19725
11858 15410 4154 19541 18261 10317 1254 4131
11542 6193 19541 2075 4152
11499 12865 18717 5495 1527 2886 7576 12730 5501 17565 146 17830 7576 5500 10799 2821 12886 18261
3597
7654 9471 7654 9471 11542
6498
17683 17305 11 1982
6852 11542 1581 10482 7129 19136 11542
6771 17551 5098
9926 16595 17501 11978 15221 15771 1414
6852 18262 274 2307 10317 2821 12699 1737 839
934 837 14357 13716 18263 12865 17972
17683 6771 10704 13235 18891 17279 274
13256 2886 11542 120 11386 12058 6305 17888 11654
13256 2886 14177 2586
8675 5014 2586 11542 2586 1414
5075 7003 12240 1414 2721 8447 12855 1273 10804 1047 2586 1801 11496
11389 1414 19541 19194 18812 11084 1414 1821 10317 13063
3787 1414 17705 12865
837
6852 17816 19647 14666 17720 12126
19735 19278 19136 8942 19418 7698 17305 11
16760 10350 17305 11 16852 5497 10537 4445 4536 6430 2754 7654 15161 17991
18438 9399 9451 15787 11669 1643 10155 12318 19488 9048 14385 9756 7402
18155 15787 11669 1643 9843 7582 9800 19568 6478
594 6255 6525 8855 9451
5144 14386 19136
10317 533 2754 8823 16760 10350 11203 5969
11542 14738
12865 10658 10142 5495 2821
12429 9756 2642 5822 19053 12030 8103
12030 16371 17772 1306 7847 4326 1273
934 8675 7511 11352
2302 835 18261
934 6193 19535 9470 19197 2632
14139 1643 11542
10999 14139 10317 11573 10317 6852 12707 18090 9756 14738
579 2754 15398 10256 11846 14139 18228 13152 7698 14878 15337 1643 9756
19601 17679 930 1107 17690 12707
15911 157 19138 6852 17305
6338 7822 12276 17305
6852 4547 15319 19278 15398 17305 146 1583 17816
10804 12121 11542 2754 11096 8935 3591 12121
579 6812 13332 13235 11096 17305 146
18333 18891 5016 18891 18261 9471 3451 527 568 574
4973 6225 4055 6852 17305 11863 4973
10804 13241 6338 11542 7822 1626 6852 17305
17305 146 5970 17683 4233 7526 11416 13608
17305 14943 5084 2160 4677 12181 1843 16106 2364 12206 920 14212 17513 17830 193 2570 14341 10256 11815 2834 17992 12240 16269 2059 13601
6337 10406 10709 5646 5969
8064 7027 1708 15557 11393 8287 6494 14096
13191 11858 17946 13570 10381 14655 1720 16760 2754 7093 7654 18580 17718 1585 3379 4973 19418 14653 8445 2829 4423 18914 11685 533 15530
15408 13789 11542 11815 6269 12334 2551 11237 11001 923 3137 545 2369 11858 4735 14118 13802
18932 18663 11042 3393 15793 6891 2642 18957 11814 12897 7530 12240 15816
6852 16760 6562 12948
1165 2754 13606 1982 15215 214 11292 4723
1961 527 17549 10999 14139 17549
8803 3995 10700 11542 6431 2317
605 2754 8543 15170 13617 10720
10406 9471 13171 7719 9471 15398
15398 2886 14812 9471 1151
15398 19541 16815
13611 797 4766 18261 724 10317 213
19583 4133 4722
15636
11938 18721 1328 441
3793 9871 8797 1890
18961 9471 15577 17830 3317 15798 11542 9471 11858 1414
9471 11389 4326 19490 51 11233 13301 6161 3317
11542 5743 15743 9228 12276 1833 3317 19583 4420 2570 2914 13283 3124 13115 18722 3128 17941 6183
14139 19426 9926 9471 2754 5649 18438 1643 11542 10644 9756 8452 19764 3679 14118 12276 18604 12276
18729 11727 3317 11573 2754 11322 1498 18564 6730 12276
19601 11542 163 6478 10804 4206 11573 3683 11573 13529 4522 7698

11542 14139 7698 13443 527 14846 16698 533 15221 920 10074 10256 11814 11541 10317 12240 10740 1332 1643 7979 16907 4860 10406 19737 19418 15073 16701 9871 7299 11542 19136
13591 10539 12396 17305 11542 12276 2730 923 19278 8382 8577 10277 13591
14106 14666 10317 13568 18896 17683 16294 5098
934 5971 12396 17305 10233 12058 19104 8499 15521 533 11573 7654 17978 19131 5743 17789 14059 277 16583 13341 12
17549 15521 294
252 19211
12865 14139 10559 16569 11606 11573
10999 3459
11542 6765 11606 6511 2554 14738
10381 7654 10381 15633 6750 15221 17549 3680 6852 12290 6750 15221 1643 7979 11086 4536 1849 6357 19311 277 11292 1203 2754 17772 7847 8271 13300 1273 429 14470 7953 16312 5711 3719 19659 6223
1203 361 13087 16312 10317 15742
265 14948 17304 10684 1643 7977 15542 10481 10317 5370 6083 7977
10381 7677
11542 8382 14064 8784 213 16583 11542 5649
14148 7442 252 10256 11814
5075 6198 9400 1356 10709 17549 15521
11542 7026 17305 11 934 6554
10318 17305 11 19418 5098 17305 146
11999 15526 7698 6852 11542 6257
15800 14129 17816 12865 6852 19583 4131 6174 8863 15949 14118
568 12890 14882 6926
16760 14139 3791 533 12276 1965
934 7698 15398 9471 11542 14118 12943 18000 8855 11999 16227
11657 12882 15493 17771 11542 10706 6675 10317 14748 17673
688 17304 4656 2443
19418 11807
7086 1643 3648 11542
12 12 11678 1982 14060
5971 6852 17305 17137 947 11999 7022 8751 17720 17305 146 2479
12226 4576
13191 14740 13443 917 6771 7319 13250 7299 7884 12561
13283 11542 1031 15564 17549 533 11542 12284 15735 6750 15530
5910 11542 579 1076 6680 10317 15012 17889 11978 10644 14733 17798 19161 6852 11542 8469 8503 1187 16976 13298 11542 10709 1365 15521 8239
4890 6010 8626 8028 9756 13888 2479 1173 10317 294
311 1540 14064 4407
19278 16784 5591 18278 5445 2058 7096
16410 262 11233 5326
14139 17137 11542 6852 19224
11542 7822
17122 1982 6852 12276
17683 11573 1643 10063 12865 10233 16569 16059 9756 8116 17679 3621 2278 12242 11571 18278 15938 3580 18268 1643 11542 19418 12799 17679 17683 7970
11542 15217 13283 14748 12058
7702 12865 7694
19086 15398 8147 7061 348 9740 1306 2595 9041 9680 2961 12276 5803 2754
3597 12865 19659
19086 10700 17122 12276 7529 15196 15398
17720 14139 7698 11542 10318 6852 12276
19164 12865 9711 11573 16990 13916 10700 15895
10256 11814 16701 1643 1377 7822 565 16760 16701 9803 1474 6174 14118 16760
16278 1849 17525 10256 14425 14118 1643 1377 17310 2832 2656
7698 9633 15748 6771 16760 10350 7698 12276 15375 11542
11096 7526 4022 9240 9863 12865 15534 6814 12865
7654 15398 5969
2754 16595
9926
9926 9471 14118 9471 14139 6323
11 19541 9471 2075 3437
19541 18900 11542 1928 81 3009 211 13256 2886 12396 13256 2886
18263 13256 11858 18722 2886 16261 10317
11542 17305 163 2886 1928 106
213 17305 17306 13260 18818
8589 8784 252 6450 16270 8866 15925 2719 12865 13418 318 10350 277 837 12730 2308 18261 10317
307 11237 10740 5921 12083 2595 14139
311 11858 6000 1000 5822 10317 10151 10406
4121 10804 10804
11542 17305 16067 2841
686 1171 19136
15911 1413 8103 1498 19592
6852 6771 14139 7822 15625 10151 10690 15496 3885 14129 10155 18895 15630 8224
7027 19654 17422 10573 13630 1964 14828 10835 6748 5767 9779 9756 4420 11673 2710 6174 3152
17854 18183 17538 2317 14139 2094 11863 5075 12255 3578 11054
9987 15337 952 2902 5541 10317 12276
10256 17598 12801 11814 2481 12030 11863 17280 13941 17816 12058 14588 2912 8111 17304 12802
12092 18741 5199 7088
10233 17305 6562 10804 1982 6787 19135 17816 12276
7654 10256 11815 6436 4536 12899 10999 837
17816 11814 9471 18261 6608 12276 7979 9857 6852 6771 7439 6964 7404 9856 11814
6533 8106 11670 14527 6209 18917
12030 11863 7654 14946 10256 10706 11920 18303 11292 7654 2485 16449 6431 1115 12218 405 17903 16461 2417 9756 15938 1620 10073 672
10155 2396 5362 7299 19145 2007 9423 7785 12240 17816
5100
17114 836 14653 18005 19677 3275 758 13154 9471
533
579 9756 16907
15636 5075 15337 19648
10151 14139 19086 10700 11416 14125
13110 7511 10443 10317
13316 12868 4390 10317 15410
837 19086 14653 19043
8491 2815 15375
934 5910 6608 7587 10256 19565 7680 5910 13032 7953 18156 15742
10005
837 7585 19565 5005 2433 6198 9931
934 14106 11730 2912 11073 12276 14118 836 13159 14878 18264
1176 1748 5917 13 17122 17690 3630
7654 16887 7512 9298 16884 17886 16660
19599 11542 163 12897
17305 11 14139 7698 12276
12276 17549 527 934 15337
10537 16760 1002 11858 5005 16094 7953 2754 3792 19583 17304 6896 10811 11542 17610
934 7291 11352
13235 2817 13235 17967 8643 16257 8338 11542 4136 15380 2817 9471 3317 147 11233 12865 12276 10045 11156 6160
19399 17305 8611 6161 15837 2527 13110 1360 15837
9699 18731 17310 8626 8338 14419 6193 15375 6193 18266 6193 16312
15378 13417 3612 277 17830 4547 10060 146 11292 11495 18728 12276 15866 14416 2818
11542 15800 13417 11495 11858 5927
17549 527 17549 15337 17549 5693
6852 7585 1540 14064 527 533
13856 18716 16033
15073 6771 12381 18299 1173 15735
6675 14900 3604 6201 6335 8106
6771 9756 18803 923 16135 13591
10256 11814 11573 17305 10740 3597 11247 18299 7383 10644 6276 11542 7680 6348
3368 923 10358 14863 15540 2412 11542 15540 10644 15902 2007 7919 12801
11606 17720 19278 6771
10320 15012 7526 17610 2007 12803
15636 10256 11814 13656
8574 16632 1568 8503 7833 10317 1849 14377 11877 6771
9926 13256 12210 19136 4038 11573 13020 19136 15259 6730 10109 19136 1173
11938 2754 19136
6027 8916
3896 14421 15217 19326 1513 13394 11573 9836 15175 9756 15742
7585 7953 15742 16261 10317
1176 11542 19164
16596 2925 7135 18696 6812 9871 17816
12226 6436 8776
15542 8776
10706 19545 6852 12276 9756 6988
1643 11542
12226 10700 1982 19171 10700 2561
12226 10537 10350 14668 19664 17305 146 12396 17865
7319 7698 10350
8570
6852 15169 11542 5971 18884 5711
16760 9279 10519 6520 15221 15787 11818 15847 836 12865 18210
6119 5910 11542 17978 5105 19601 17679 7979 2754 17683 837
836 7587 19565 15079 19418 19302 17310 9800
1982 4557 9800 7586 19565
837 3876 17683 5910 11542 19659 6478 836 12865
18227 4232 1643 8855 12865 19592 6119 9926
7698 17679 3671 5016 12865 4232 1643 8855 3671
17305 146 15521 16978 17305 6771 15411 15886 14323 16760 17718 15557 5016 10442
6771 14152 4735 2551 10256 11814 4536 9869 10655 7765 6436 10209 6535 9550 6476 5276 4406 8738 9471 7698 17816 18674 18102 9870 9847
17305 146 1213 17304 17816 7530 533 5259 1568 9168 1011 17816 10210 4347 10850 1419 7698 14359 2551 2552 12038 9869 2377
6787 533 15530 19393 17678 2734 12034 15631 10804 15221
13191 11606 9279
13443 10151
12504 17305 146 4735 19171 7472 6771 13941 2317 6010
17718 10472 13220
11542 12197 17138
13191 10351 18273 15856 12396 6771 14399
10523 15748 2821 3111 12865 5509 4557 18730 6566
11814 10485 7698 16316 7698 15751 7698
10317 18559 8682 9756 10317 6852 11542
568 11606
5743 15003 15748 6497
18566 6852 11542 11077 4974
9756 19086 15398 533 6939 15410 6852 11542 2754 7654 12276 6335 11606
15410 6852 12276 10961 2754 10155 12276
19136 6771 18564 12030 5803 19086 19136 1120 11254 8503 6771 12240 7111 17057 1643 7979 19086 9856 17057 7698 7977
146 1488 6695 15755 15988
2821 3111 6387 10859 1344 6750 15221
6174 5910 6771 6225 10804 8503 533 533 6787 15410 16460 14519 8860 15410 9871 5917 10804 17830
7412 6771
6198 9400 5818
18438 11807 6764 12 10358 17584 19647 14666 19211
6812 14520 14738
13235 18891 14666 405 19647 15506 146 12617 19086
6852 6771 17305 15068 9279 3728 3953 13191
11542 14139 13191 934 533 15217 14139 7215
6852 6062 15895 11514 2884 6026 11542
11542 11514 7053 19179 17748
527 18578 934 10256 11814 17854
15217 553 14125 9471 4232 14118 1204 10317 12696
10655 7765 3187 1169 6535 9550 5026 527
6198 17816 10644 15521 14987
8569 5615 10573 1964 18438 19418 14132 6026 15068 252 6062
7698 17680 10804 10317 1982 3296 10472 533 15530 10655 7765 18722 1982 10256 6852 11542
10804 17680 11606 1982 10317 9869 18217 6608 18201
10256 12276 10740 1300 6750 10317 6608 14009
11858 15410 13403 2370 19580

5424 1643 7979
11599
5075 19083 4004 18895 3275 7979 2754 6750 12086 1643 8675 12865 16298 9800 1643 2380 10151 10223 277 252 17816
2754 15170 7220 16760 9213 6608 4536 17683 5075 19083 15787 4536 6608 2754 1173
2377 18722
4232 17168
16298 19131 565 11938 7136 17174
7698 17826 11542
19136
12276 17816 18303 11073 1643 10040 11668 6533 9844 11072 7698 19353 6161 6533
6608 7698 19353 6533 9857 146 11073 1643 6533
6608 18266 17245 14653 7698 6533
10714 6557 14900 17168 12050 8338 2127 4536 17982 12113 7026 12379 6369 19399 10118 1306 17982 12744 7529 2888 1306 10317 2007 15039 13362
18793 673 5991 10317 2821 3111 6755 7118 7698 19353 6608 1881 17275 11590 6193 15922 11072 1643 6533
6804 5910 1643 6608 13731 1643 7698 6608 9866 6224 10787 1643 7977 5008 11197 6397 934 15557 9471
7654 5053 11227
17305 146 51 12242 10317 19136 6592 12597 555 11573
11542 11541 6592 3406 8493 1474 17771
17305 146 7698 13555 17816 11542 19138 5743 922 7233
10519 9863 3113 11542
947 9863 5349 15577 5016 19171 7739
5969 3109 15221
10256 11814 10700 7698 16508 3068
7698 11542 13108 9213 13289 19418 19086 5660 6771
19418 6016 6771 5658 15797 7529 7680
7526 2568 17889 5969 6771
9756 19138 17305 146 14738 13319 9471 1497
14139 18444 9871 12144 8503 13524 9471 18099 15797 18261 13558 4133
18303 17644 12276 5985 11416 2754 17304 15221 10558 3344 1274 6431 9573 1838 18228 18036
17683 15375 12276 10706 15496
10151 4940 10999 11197 6397 18109 2731 17305 146 12210 18729 2886 19583 19090 146 18041
14139 9926 13591
19145 17305 19725 1620 6272 14106 15521 17758 18482 8452
18508 17305 146 10406 6852 6174 3422
13443 18375
19601 6771 6183 13856 12276 5100
13220 10256 11813 12669 6852 3016 15557 15977
11915 6750 15530 10706 10480 10317 15375 11770
8643 7368 17057 16272 16395 12276 13235 14527 4536
10519 15221 3986 15406 6812 19164 1306 9471 5649
13220 13529 6592 12597 15755 6771 17883 16569
17305 213 11807 3597 4610 13191 10961 9403 6223 19399 4536
19136 15033 12030 5803
19137 8116 3679 6852 6771 12490
7654 13191 8495 6198 5803 11097 10519 8818 3630 10376 19138
6852 12276 3375 9815 7930 12276 1907 10804 930 15073
527 6852 14059 5075 15337 19648 10233 6771
6750 3237 14139 1643 6800 6755 12717 1654 5349
19132 12345 2583 6249 6852 6771
12221 8503 15409 13851 15526 19488 11606 2832
15700 8512 9426 10740 6141 1583 15526 6478 2355 6787 15407 7526 14748
9471 3317 8447 11389 2586 12276 10667 3313 19583
3317 3849 18303 3942 19583
13341 15398 10523 16483 6347 2886 9471 9756 12348 11542
934 13256 2886 11542 12290 18722 348 17881
17683 19164 11542 14503 9471 19659 10523 1372
18227 6361 17683 5212 11322 12865 9471 947 12865 3317 8310 17304 11542
12865 14530 9471 19138 11542 15398 9471 14139 10317
8167 14111 14671 15409 12865 12030 17068 17059
6198 2722 19601 11542 19723 3372 8784 14139 1643 6771 10485 10317
11542 11420
13689
14139 7698 15337

15337 17549
4144
527 1643
19164
9756 7698 9165 6562 11542 2754 9165 12059 16889 15798 17305
7526 10223 1757 3082 13719 1128 15403 14653 17816 9213 9756 10482 7582 15466 13638
533 10317 6193 2145 6562 1907 2754 7526 10256 11814 952 15800 6225 6335 7669 15973 10709 8685 10414 11311 9863 6198 12761
11858 9711 11542 11 16583 14671 17305 146 9756 10961 19603 2346 5591 10700 1643 11542
19136 2754 15398 18278
8768 5099
19138 19087 17304 1620 19132 17816 9756 16261 5803
12865 5971 11670 14139 13283 17380 533 11573
18528 13191 19666 19656 15337 8916 10123 565 14139 5101
17683 15239 10390 565 6174 9931 17772 7698 13808 657 6750 15221
11409 5971 11542 10256 11814 15319
15636 11542
15060 3082 11542 17683 10123 19601
533 11573 14416 15922 17549 533 11542
14139 10317 7472
9756 12532 533 11542 12030 14139 16371
19138 6852 11542 1023 19044 15375 12276 8907
15375 11542 11126
6852 10453 11349 6771
7576 5495 2821 16257 10743 5495 2821 9471 16813 5023 16813 6174 1965 5499 12337
1120 11349 6771 18263 10278 14282 6771
6193 19541 15398 6771 15690 6204
11858 15410 10804 3423 19541 10278 18261 13256 2886 14139 3604 6771 13622 19089 15787 18261 1620 11252 2754 15170 10317 6771
13171 18227 14125 13499 4133
19612 6693 14778 10402 15169 17610 7199 14450 6174 12799 15398
7698 533 6771 9248 11203 10402 9229
15409 10317 9756 18228 1699 6852 10709 15521
13591 10644 11606 11416 6771 15398 18228 10700 17690 8574 14106 14671
18438 10644 15521 10556 6337 7680 5098
15410 10519 1643 11573 19601 6775 7698 4512 5707 10317 6852
11606 19087 9756 15938 1620 5969 11542 8643 3922 19164 10804 13120 15895 9434 6179 9756 7637
2754 18731 10233 4138 17680 6993 4208 2821 5822 7435 9213 16747 10317 14067 12929 1643 7979 930 4208 1893 9756 17304 1169
18716 10828 7434 15771 10402 2821
278 2711 16257 10171 7298 9234
14738
1120 17679 18228 7654 1620 15161 19399 16257 405 14624 16670 14205 17816 1643 7979 6174 19053 2585 19399 15794
11542 3925 10804 6276 12725 4022 15221 12297 9015 10453 14139 4931 401 7298 5969 16760
1909 10075 1643 11542
4536 10485 10317 15538 11406 17114 18944 12540 13724 6608 3778 5942 13473
1643 7979 6209 6562 5654 11258 15557 18822
11542 920 1347 19164 4812 13469 10247 12276
11134 6771 6161 19164 14305 1000 14387 7305 6430 13469
17113 13085 1000 14108 14139 11542 14304 17324 17946 17513 7977 11907 18252 9863 1643 7979
968 10256 10168 10212 10583 11573
14061 8388 8949 6481 11542 6183 15410
4536 15938 5501 17565 10746 12496 8028 13256 7052 18917 5501 10317 7111 11 6357 13220 16901 2821 5498 3592
934 10746 11777 19164 523 14919 6166 13848 6814 9756 14748 3202 4735 11338 9756 17816
2754 16478 12865 10958 17304 15542
15833 15243 5917 9756 13787 5819
15170 19105
10417 9471 4547 10417 11858 15398 9871 13256 2886 19541 19196 2075 3437
7756 7585 12911 484 14989 10317 3677 15787 14118 18900 4133 16261 18604
8064 15375 18849 16978 6852 12276
6852 12276 6579 12276 10644 10700 11416 16978 12276 19138 5648 7928 11877 16543
12337 1965 15217 18891 2325 8616 14921
1961 435 15221
835 12865 12739 18263 2302 7756 12210 1737
18260 15410 10804 19541 10278 9471 2075 18253 10804 15410 11542
19086 15787 9871 19541 7654 1253 4131
18261
1909 18033 11542 10704
15073 18261 15391 4133 11389 6162 18717 3315
13171 1909 11542 13611
9756 3597 18960 18716
19418 19244
15398 8609 10406 19103 4133 10804 19098 12865
19086 15170 11542 10704 19086 7585 12392 9455 14748 19164 18122 4086 4133 10709 11542
5972 17305 11 19138 12276 8382 6337
17978 11542 12103
9771 6693 2310 1173 19138 12740
16760 10350 13283 4805 17982 13538 11542 17683 3103
10256 11814 15409 10317 12240 10740 18228 15642 17789 533 3587 15221 15755 16069 9279 3378
17168 6481 11340 12396 8791
6675 10317 4805 16976 13538 11542 18228 7526 11606 11416 2754 7526
13283 3220 11657 16318 10317 13856 11606 5719
18148 15217 15217 17899 4536 6812 3375 9279 15217 19365 11542
5910 12103
9771 5855 19488 4656 11005 3378 14774 13538 11542 6677 5719 1176
